    0.185549155796255194E-01    0.238027040637390144E+03    0.105503373532702616E+00   -0.330789257742728182E+02    0.872159974101527680E+00    0.180910170961439265E+01    0.102381949378323386E-01    0.164775326026613955E+01   -0.150939140614545386E+01   -0.462202669276804354E-01   -0.246417712269245781E+01   -0.412689823858158333E-01   -0.111391214870724623E-01   -0.619898690027365917E-01   -0.132211039246066614E+00   -0.106231232949990573E+01
    0.183471629786732711E-01    0.238009560213958139E+03    0.106966838063362935E+00   -0.330909959914796374E+02    0.874273285869181183E+00    0.178628643837502410E+01    0.100679769653031371E-01    0.161455418719942556E+01   -0.164028553905302710E+01   -0.442871828073851601E-01   -0.248132493892569483E+01   -0.533105983547081871E-01    0.590739881018586925E-02   -0.635343133728830667E-01   -0.128933759218358701E+00   -0.106331878082288633E+01
    0.180045924563478760E-01    0.238007256403283776E+03    0.106489059788300880E+00   -0.329755524559505133E+02    0.872177718752202957E+00    0.181500196389495372E+01    0.101759339475351162E-01    0.163998800723827887E+01   -0.168559157123830006E+01   -0.405293768801836124E-01   -0.243989098328444998E+01   -0.466625863908930461E-01   -0.233579621423168730E-01   -0.627152591396177572E-01   -0.154835296100742065E+00   -0.105219885712612893E+01
    0.177186794373455775E-01    0.237999271289823952E+03    0.106673799809741732E+00   -0.330412346717494074E+02    0.874690821143752628E+00    0.179213528955950019E+01    0.102006587373487442E-01    0.151578301131328308E+01   -0.159574125954294255E+01   -0.479130199282066238E-01   -0.251745707436007526E+01   -0.560962437756730020E-01   -0.351125992339136606E-02   -0.626548784074650311E-01   -0.119372869347099245E+00   -0.106999548531482369E+01
    0.174168905902574098E-01    0.237993629209017996E+03    0.107138990189326419E+00   -0.330349006132274852E+02    0.872786773776037084E+00    0.181286619567881813E+01    0.101740836619030311E-01    0.164104134677237634E+01   -0.149201701999061398E+01   -0.445406548614745573E-01   -0.249977722279179160E+01   -0.491187510601687263E-01    0.884044444709828313E-02   -0.629614539210639895E-01   -0.207685854041573636E+00   -0.105376383535858364E+01
    0.172321537746294856E-01    0.237974956038605569E+03    0.106277066506258858E+00   -0.329911735361967260E+02    0.872376149726935890E+00    0.183114586612619346E+01    0.102984327639648997E-01    0.152373977221967682E+01   -0.145873755133022609E+01   -0.442183676194758610E-01   -0.252193678547262135E+01   -0.519758865304918022E-01   -0.189098254871823829E-01   -0.620903619928618866E-01   -0.137921899546243565E+00   -0.106457895770185051E+01
    0.168974478406086412E-01    0.237974184936567184E+03    0.106357945377697799E+00   -0.330314633048429442E+02    0.872978121206149038E+00    0.183976767809361252E+01    0.100951220781414983E-01    0.156251620358439336E+01   -0.172659825262636013E+01   -0.454862022303363714E-01   -0.250304762806170977E+01   -0.550426268471723504E-01   -0.245940038261647370E-02   -0.656450689827755840E-01   -0.179865397363856455E+00   -0.106709778158331581E+01
    0.165715710385573450E-01    0.237973132848583248E+03    0.105365281101476874E+00   -0.330022849778456830E+02    0.874046017472929870E+00    0.182617797037394780E+01    0.101870217378430914E-01    0.152111994101438475E+01   -0.155727926647660042E+01   -0.453796875852323575E-01   -0.248060797256066978E+01   -0.464204029045015634E-01   -0.328111423358208795E-01   -0.587535913147608016E-01   -0.888982753583777985E-01   -0.106850711284300526E+01
    0.162724963614370166E-01    0.237969557441195263E+03    0.106530424662869203E+00   -0.330178596087385614E+02    0.873103279770407470E+00    0.182412309835561559E+01    0.100784773480656342E-01    0.154814872061300601E+01   -0.140229723917054128E+01   -0.470997985036850850E-01   -0.233800949928034862E+01   -0.555644085454867417E-01    0.641007443721629613E-03   -0.613408501333520886E-01   -0.122309292500972791E+00   -0.106977422914871667E+01
    0.159819104798873263E-01    0.237965595151663962E+03    0.107290202227735734E+00   -0.330621418567096370E+02    0.873623975297945998E+00    0.181830021426167021E+01    0.101730895623722631E-01    0.158755166115861757E+01   -0.158869811052256682E+01   -0.442252392776426237E-01   -0.247547497709820918E+01   -0.432978816462858962E-01   -0.302682617762193781E-01   -0.649985169012899378E-01   -0.149693587316370141E+00   -0.108499499473203587E+01
    0.156870892482059675E-01    0.237962834060584242E+03    0.106532731656936136E+00   -0.329446915024585820E+02    0.872221602646910732E+00    0.176627744881831417E+01    0.101262432514224853E-01    0.154306501674142615E+01   -0.159810196979562757E+01   -0.430748524631359778E-01   -0.246463509161172833E+01   -0.576967794650251678E-01    0.774203422251491975E-02   -0.587437761339342154E-01   -0.128988125006884863E+00   -0.104669088499043772E+01
    0.153808434106701558E-01    0.237962264525482198E+03    0.106898797945036456E+00   -0.330044465552244688E+02    0.875483738193549632E+00    0.183790934619865753E+01    0.101623346044064020E-01    0.156543777728407885E+01   -0.167380448894479961E+01   -0.451311722666783710E-01   -0.259085021345629940E+01   -0.504411974211233169E-01   -0.368711627937760786E-01   -0.612911540742155092E-01   -0.106524498303138843E+00   -0.107208378030961415E+01
    0.151075304425463720E-01    0.237958123478293373E+03    0.105757928313889318E+00   -0.331301438268980206E+02    0.871841074305990560E+00    0.183170234353423056E+01    0.101442500531251627E-01    0.153821714374567997E+01   -0.156147564122824623E+01   -0.469675666075349205E-01   -0.245615936725394812E+01   -0.533963803496599679E-01   -0.764772790058344636E-02   -0.651775852761384139E-01   -0.114290967119084430E+00   -0.107013744198348126E+01
    0.148261419380063732E-01    0.237955726187367929E+03    0.105070428204153993E+00   -0.330343168288194917E+02    0.875658390662919062E+00    0.181663059665862714E+01    0.100600447007196721E-01    0.154115694285140936E+01   -0.157640209749923876E+01   -0.452869889900807468E-01   -0.249090836386357806E+01   -0.517427753894439957E-01   -0.105556373453948270E-01   -0.618583252700047534E-01   -0.112848247871549581E+00   -0.106264203748797725E+01
    0.145947517254528883E-01    0.237947186140460559E+03    0.107200026935347567E+00   -0.330133099521038176E+02    0.873842792714128902E+00    0.180014169439107752E+01    0.102569498106149619E-01    0.154114432501012311E+01   -0.148260256938131718E+01   -0.452821364909453683E-01   -0.253789850968847608E+01   -0.584052759024900683E-01   -0.466283462618043501E-02   -0.647359336952280096E-01   -0.155639993884761241E+00   -0.105084949583087295E+01
    0.143157713371111460E-01    0.237945786486448526E+03    0.105889343855290696E+00   -0.329962131203438460E+02    0.873072436035958743E+00    0.182751798877076266E+01    0.101849448703601551E-01    0.157012394524033549E+01   -0.164065647797316250E+01   -0.440918287231812853E-01   -0.258282402929080579E+01   -0.647284493183115095E-01   -0.140403591740658508E-01   -0.653534065559863292E-01   -0.161335276225494928E+00   -0.108143393049785774E+01
    0.140381112924133477E-01    0.237944958394487685E+03    0.107102964783223356E+00   -0.330947147640146824E+02    0.872387025342231892E+00    0.181273314559924348E+01    0.101402926151160210E-01    0.158923279103507387E+01   -0.156188540764015316E+01   -0.438563324054703149E-01   -0.243765189727281006E+01   -0.423888665420488059E-01   -0.363933206093795189E-01   -0.612847878115160699E-01   -0.210171185029538965E+00   -0.106927504823415798E+01
    0.137738853703230895E-01    0.237942961257099938E+03    0.106737020854885831E+00   -0.330504378363963838E+02    0.873977788192779381E+00    0.181913621645155343E+01    0.102415550388853700E-01    0.153840599509605758E+01   -0.155249035414743886E+01   -0.427028207291951997E-01   -0.242543297568576222E+01   -0.527242178229793898E-01    0.244906617750047378E-01   -0.655103172464260447E-01   -0.143974942033298359E+00   -0.106785084680434039E+01
    0.135389425379548334E-01    0.237937369796285765E+03    0.107022663302689849E+00   -0.330099711376546594E+02    0.873448617536799254E+00    0.180955057184321344E+01    0.101209217496814694E-01    0.160599006893188023E+01   -0.153531617719481783E+01   -0.443760145724040253E-01   -0.245297634929724540E+01   -0.554942173971721409E-01   -0.913436486087080071E-02   -0.633381114356255243E-01   -0.699276961641111250E-01   -0.106730278454049565E+01
    0.132811325013994681E-01    0.237935821288655887E+03    0.106225221308151707E+00   -0.330561226724591393E+02    0.875571528556327139E+00    0.182382400397792144E+01    0.101622206147616162E-01    0.163181452776454261E+01   -0.156942939659200675E+01   -0.441618973064623957E-01   -0.245850771934631895E+01   -0.517466227121334485E-01   -0.174393922482631095E-01   -0.614182927479111004E-01   -0.693430357766503525E-01   -0.107313158645486939E+01
    0.130300185882825485E-01    0.237933998491497050E+03    0.106093479253794018E+00   -0.329327932394777676E+02    0.872906901071401009E+00    0.181892808358273750E+01    0.101481951624128770E-01    0.153532454949853459E+01   -0.156747787251371196E+01   -0.479179126977925876E-01   -0.241758650524999830E+01   -0.597453199393662357E-01   -0.600222533794914151E-01   -0.599489796680343495E-01   -0.149497752805925060E+00   -0.106309447490112263E+01
    0.127811436785777287E-01    0.237932568257596103E+03    0.106989167380456190E+00   -0.329829223494247117E+02    0.874972868928701075E+00    0.182054841292380787E+01    0.103023064998947009E-01    0.151843417551888105E+01   -0.170256218263019976E+01   -0.447342388213307907E-01   -0.231960091214058872E+01   -0.465118117782620522E-01    0.536768367681337254E-02   -0.652716058599365073E-01   -0.143620654749132826E+00   -0.106167437578407942E+01
    0.125314391697942222E-01    0.237932028886446432E+03    0.105178688696841841E+00   -0.330373383590365179E+02    0.875115238029652742E+00    0.181513888448705862E+01    0.101191246610717635E-01    0.161483734500795317E+01   -0.152582641127056640E+01   -0.437442037312986282E-01   -0.249543604330516278E+01   -0.439026887745453398E-01   -0.667520589902776112E-02   -0.618527394953367338E-01   -0.910603552480724887E-01   -0.105818345807377967E+01
    0.122848343990007505E-01    0.237931779075025162E+03    0.105437761463322108E+00   -0.330616258437571133E+02    0.873432951568885563E+00    0.180417782508929236E+01    0.101907296131601675E-01    0.150771476101053103E+01   -0.155133288210850906E+01   -0.438081983616352769E-01   -0.235316554195522931E+01   -0.506837344306645121E-01   -0.147541162269142039E-02   -0.598976586948395257E-01   -0.134744749705687117E+00   -0.106026974702597565E+01
    0.120489327958266772E-01    0.237930557944214286E+03    0.106775622187634645E+00   -0.329895570502333442E+02    0.874480670441959318E+00    0.178855994056126999E+01    0.101238511588994853E-01    0.155479678595252979E+01   -0.158091019271490296E+01   -0.477113973608305000E-01   -0.243192439580363340E+01   -0.538042140920803394E-01    0.131362915005751157E-01   -0.618170175996413385E-01   -0.148530026800139381E+00   -0.106131104899110840E+01
    0.118154616487010124E-01    0.237929692160964862E+03    0.106930368412256005E+00   -0.330733106396542738E+02    0.871967437672760082E+00    0.181089052129044914E+01    0.101630020444293586E-01    0.155917302429449700E+01   -0.157262949505776217E+01   -0.422102435182716840E-01   -0.240519521076447118E+01   -0.570933562179905332E-01    0.284771016407932287E-02   -0.620094522999165149E-01   -0.197933274459266978E+00   -0.106356534474548403E+01
    0.116005006917570073E-01    0.237926413606393453E+03    0.106276314770021849E+00   -0.330104696833084290E+02    0.872619938339657009E+00    0.182196684803127718E+01    0.102297975071115217E-01    0.155147272556908011E+01   -0.148356814799874259E+01   -0.475902275016997292E-01   -0.240734694783683567E+01   -0.470407028066690963E-01   -0.158437362812741886E-01   -0.656978994022729273E-01   -0.731048111368311493E-01   -0.105542735314958724E+01
    0.113935423650294767E-01    0.237922416655532345E+03    0.107730429920006796E+00   -0.331193875213624480E+02    0.872884213059369918E+00    0.180362504607395779E+01    0.101833913602723970E-01    0.157334732702239544E+01   -0.160564111204106896E+01   -0.458124969022683723E-01   -0.243839457282896133E+01   -0.490560113460383612E-01   -0.212918960892379480E-01   -0.621870952384469267E-01   -0.124558976512566144E+00   -0.107502738909096540E+01
    0.111869516417003427E-01    0.237919013992654726E+03    0.106108695971605702E+00   -0.330003419385511378E+02    0.873528064628535161E+00    0.182558594964260523E+01    0.101030540943108458E-01    0.159236645251017928E+01   -0.158883815384175997E+01   -0.462956135848760914E-01   -0.259846887194206477E+01   -0.549164352332255079E-01   -0.239102064644504501E-01   -0.592875713438677093E-01   -0.202986246230274503E+00   -0.107053178626592915E+01
    0.109684433252697743E-01    0.237918465404269057E+03    0.105787778905980220E+00   -0.330529722817563183E+02    0.874216798753157720E+00    0.182487608942455393E+01    0.101733790945843314E-01    0.152582634064933886E+01   -0.158809081779021177E+01   -0.440358324538801249E-01   -0.244182510739066938E+01   -0.560077502889592960E-01    0.751351496008048104E-02   -0.597034293035917166E-01   -0.155396883210730197E+00   -0.107172154931964747E+01
    0.107569249164028487E-01    0.237917410676020211E+03    0.106384836217799567E+00   -0.330279772469906021E+02    0.872388451023319411E+00    0.183412627583358390E+01    0.101702622951774634E-01    0.154362846233203066E+01   -0.142182570322868362E+01   -0.462172751103972282E-01   -0.244021277732688624E+01   -0.565481652909644653E-01   -0.170793588323493277E-01   -0.607835565411307122E-01   -0.128048877259784311E+00   -0.107403007450294119E+01
    0.105448996610068343E-01    0.237917225529778477E+03    0.106717962966088042E+00   -0.330462378972491777E+02    0.872124461247216543E+00    0.180982128394736086E+01    0.101510995542833087E-01    0.153674034498249479E+01   -0.153384496817001259E+01   -0.454437130956794402E-01   -0.239157952406241003E+01   -0.513800063691302322E-01   -0.341490396841816410E-01   -0.597223617045910260E-01   -0.151321544457509616E+00   -0.106390948677868802E+01
    0.103539808962180586E-01    0.237913767980090000E+03    0.106659004640275501E+00   -0.330643453075459135E+02    0.874862752828528989E+00    0.179014393599901833E+01    0.101549921952240225E-01    0.158079570516122470E+01   -0.152281695082135249E+01   -0.444720061698981040E-01   -0.254499189063906206E+01   -0.560011762381065967E-01    0.716432339199917813E-02   -0.616371794897427536E-01   -0.161920898701026023E+00   -0.108177188119086543E+01
    0.101718715861781588E-01    0.237909257680450054E+03    0.105790818944711956E+00   -0.329742196683413695E+02    0.873670535946617810E+00    0.182981069665670315E+01    0.101721271404838932E-01    0.154327270547924189E+01   -0.141191757918758221E+01   -0.453755684395460296E-01   -0.238152835140027186E+01   -0.538708677902401123E-01   -0.836743768134366739E-02   -0.609325755203761477E-01   -0.220451090283162898E+00   -0.106248862330195792E+01
    0.997373173201254563E-02    0.237908600506856146E+03    0.106046636437759842E+00   -0.330089744081613503E+02    0.872151820143724166E+00    0.182812696083432158E+01    0.101404326181796910E-01    0.155848738918255081E+01   -0.147971175026805191E+01   -0.428854975709968070E-01   -0.243232776494422964E+01   -0.533633504668046543E-01    0.102426968118964224E-01   -0.619053244682739243E-01   -0.151423808775427299E+00   -0.107957449001945038E+01
    0.978808984572748612E-02    0.237906177477501132E+03    0.106450781988580934E+00   -0.329538689392502420E+02    0.873759375713668796E+00    0.180410863738909177E+01    0.101744106510868182E-01    0.156713142795312366E+01   -0.160608117893103008E+01   -0.468511483256849465E-01   -0.248206702971119730E+01   -0.540650939330762012E-01   -0.110266207564208331E-01   -0.637583092660769790E-01   -0.139244866738841233E+00   -0.105876890118431599E+01
    0.959545471148035185E-02    0.237905931089323076E+03    0.106747503357004503E+00   -0.329658044978680635E+02    0.874635570138751151E+00    0.178000412902649030E+01    0.101811711282579261E-01    0.155189087736717557E+01   -0.156742928751324739E+01   -0.429260662140794058E-01   -0.241255182534604939E+01   -0.540830092373338900E-01    0.837167438131457969E-04   -0.623695066487068295E-01   -0.444676976291543125E-01   -0.105425007587282860E+01
    0.942749744588171346E-02    0.237901248768463631E+03    0.106478630976508115E+00   -0.329396478048668939E+02    0.873491896363475018E+00    0.179582016546137657E+01    0.101833828024282830E-01    0.157437700229855770E+01   -0.154971859457574479E+01   -0.471280274780786143E-01   -0.244202756392971754E+01   -0.490657162365082458E-01   -0.115857011333825050E-01   -0.636009043460330492E-01   -0.199811103535941864E+00   -0.107049450133732393E+01
    0.925177084827784497E-02    0.237898880174403047E+03    0.106612699649476284E+00   -0.330954013269901424E+02    0.872424684819260943E+00    0.180915361192354784E+01    0.101702607398960598E-01    0.156659370748310067E+01   -0.154446956958360881E+01   -0.438337614162721337E-01   -0.246216334898007094E+01   -0.537566569813807474E-01    0.143654886672930342E-01   -0.609123239695097962E-01   -0.110675777713895612E+00   -0.107071665120668413E+01
    0.907675053698576290E-02    0.237897077610547484E+03    0.105174516928060041E+00   -0.330602435013986877E+02    0.874832567450076759E+00    0.177949896849157030E+01    0.101778739364203393E-01    0.157015045377741291E+01   -0.171453166822157099E+01   -0.397861999317853099E-01   -0.252983101010173472E+01   -0.537451889058922078E-01   -0.173066807171192508E-01   -0.637095328844180936E-01   -0.982029692225634271E-01   -0.105249894824774626E+01
    0.889716001145739524E-02    0.237897045874962771E+03    0.106575228991750884E+00   -0.331187953037410736E+02    0.872293738143367858E+00    0.179875196198369336E+01    0.102228153502459881E-01    0.153903118632448566E+01   -0.144175091432819236E+01   -0.434796043362818199E-01   -0.231071563816799808E+01   -0.589798131036780096E-01    0.100644676358729816E-01   -0.628572358418644367E-01   -0.258637177520632922E+00   -0.107430161365986443E+01
    0.872804242266856690E-02    0.237895427908830698E+03    0.106934526514074688E+00   -0.330210564386277738E+02    0.873773969136668160E+00    0.181627203332750708E+01    0.101590213555937184E-01    0.161622536658584304E+01   -0.155219112292473338E+01   -0.465852293976070572E-01   -0.244399922604528363E+01   -0.477229448279715418E-01   -0.591396380714853155E-02   -0.625887925101762527E-01   -0.101511461206598569E+00   -0.107065824126282183E+01
    0.856085378920846095E-02    0.237894110273100608E+03    0.107182964237632655E+00   -0.330630652683639354E+02    0.873935319122612797E+00    0.183077060259844426E+01    0.101627483615100173E-01    0.154138002320234535E+01   -0.154243378498254025E+01   -0.457026498257964917E-01   -0.237352287379091997E+01   -0.577111039496840672E-01   -0.694802051026425799E-02   -0.580878186448243322E-01   -0.177494267668643263E+00   -0.106005359180436076E+01
    0.839475882319264295E-02    0.237893295003936544E+03    0.106307788706029915E+00   -0.330996310221303816E+02    0.873068645577408375E+00    0.179667251950637463E+01    0.102898012077475669E-01    0.153605674681894322E+01   -0.168532232923770131E+01   -0.447818975698354507E-01   -0.253747437343827853E+01   -0.557273387651484944E-01   -0.397310431365249794E-01   -0.605152959209875330E-01   -0.145128627143863542E+00   -0.106245958898340720E+01
    0.822875586040542825E-02    0.237893240462947517E+03    0.105054917751939647E+00   -0.329861072764555843E+02    0.871551710940352442E+00    0.178401082610679840E+01    0.102387312265242170E-01    0.162641549242110584E+01   -0.159150961904233035E+01   -0.480627229621938129E-01   -0.235014580564231412E+01   -0.549264690303766789E-01   -0.310021009202545370E-01   -0.618611627259546340E-01   -0.180236000951369935E+00   -0.106496209875011871E+01
    0.807322052767878509E-02    0.237891405173450494E+03    0.106096427238233135E+00   -0.330951533246396394E+02    0.871700280998187860E+00    0.180086824257503797E+01    0.102849420146086112E-01    0.151869062719560666E+01   -0.158675505660642213E+01   -0.437870840717888080E-01   -0.241234563174864114E+01   -0.581138814189690323E-01   -0.333319652339923722E-01   -0.629560807354959812E-01   -0.166159197216777993E+00   -0.106791069631023050E+01
    0.791780171792701853E-02    0.237890282914057309E+03    0.105143855115142376E+00   -0.330611331878906753E+02    0.872873145328306732E+00    0.185384952304869821E+01    0.101793687620785975E-01    0.155806113613115849E+01   -0.164357468617252600E+01   -0.444276099159149132E-01   -0.246276749287885011E+01   -0.487226659360396261E-01   -0.336058329343541309E-01   -0.613763885054126324E-01   -0.132796776660924376E+00   -0.107776193485700422E+01
    0.776146527168166626E-02    0.237890167846839091E+03    0.106506385757903915E+00   -0.331236144367115131E+02    0.871064161706777806E+00    0.180784306359006020E+01    0.101156538369566885E-01    0.157830200543687571E+01   -0.157805769709262100E+01   -0.429307994648883001E-01   -0.222674475622021451E+01   -0.579911568602897026E-01   -0.391129606587588483E-01   -0.648340137647734627E-01   -0.107352124727439421E+00   -0.107053711679872521E+01
    0.761299040930242359E-02    0.237888798021831548E+03    0.106026068751483113E+00   -0.330840226194012175E+02    0.872535456199845738E+00    0.180198800704191164E+01    0.102310388177144149E-01    0.160956871774802535E+01   -0.143583282272544732E+01   -0.449852197533465309E-01   -0.253228779287985484E+01   -0.587644303205491630E-01   -0.512511943708629427E-02   -0.646911174474582018E-01   -0.129010613996692391E+00   -0.106773008319964213E+01
    0.746280665033812081E-02    0.237888646986825933E+03    0.105799366597756683E+00   -0.329986031269533910E+02    0.873957054339388861E+00    0.181210859691752080E+01    0.101931950203155500E-01    0.154846451764228665E+01   -0.157332320953398508E+01   -0.447881984356758717E-01   -0.240202654403075577E+01   -0.488806060411294402E-01    0.115511414856390663E-01   -0.635504857195084288E-01   -0.142462805851555269E+00   -0.106501341088304669E+01
    0.731986380021635089E-02    0.237887326684375495E+03    0.106888888326423043E+00   -0.331217557250587262E+02    0.875237738621502115E+00    0.182874013370948996E+01    0.102395733745038759E-01    0.156595524308737466E+01   -0.152583615729747946E+01   -0.472796863256278108E-01   -0.243486253475873715E+01   -0.568926418382369251E-01    0.432950442311623787E-01   -0.590367656238577274E-01   -0.159925412250103066E+00   -0.107921739158400376E+01
    0.717647366469869197E-02    0.237886893868191152E+03    0.106916948058334030E+00   -0.330841449816980173E+02    0.874382721285623776E+00    0.181336148993180202E+01    0.101561415012106949E-01    0.155956667361161183E+01   -0.155738602165609064E+01   -0.465913192451280697E-01   -0.240872186763366747E+01   -0.515536687775053765E-01   -0.210793326117518463E-01   -0.618179869818800201E-01   -0.154854394013250463E+00   -0.106324178576982997E+01
    0.704018317203179006E-02    0.237885241749748104E+03    0.104902797808048037E+00   -0.330301111973891537E+02    0.874270975102014569E+00    0.183253890308319489E+01    0.101322823717574437E-01    0.155515745266892180E+01   -0.154882919054588375E+01   -0.452088027910854603E-01   -0.241489331924100403E+01   -0.616530361662951457E-01    0.350776551249935842E-02   -0.600435601193672897E-01   -0.103190934516250110E+00   -0.106571835377825663E+01
    0.690142900717764188E-02    0.237885053141620148E+03    0.106117357660611672E+00   -0.330883283907408412E+02    0.874422288662025093E+00    0.181473544902936634E+01    0.101555148849775418E-01    0.157259548741021749E+01   -0.143803040268753080E+01   -0.461624764561233761E-01   -0.249982114405250666E+01   -0.546949462401875516E-01   -0.471156547704501376E-02   -0.619798579401968502E-01   -0.128887205904314656E+00   -0.106420140508448480E+01
    0.676659195161593424E-02    0.237884515015548970E+03    0.106820624436542930E+00   -0.330775903170905394E+02    0.875283955897707355E+00    0.180269252168282712E+01    0.101220676208267756E-01    0.159665657120088866E+01   -0.150924946353600742E+01   -0.433151598362221182E-01   -0.239591174127071715E+01   -0.500404448141748490E-01   -0.277357976442923621E-01   -0.612540717301227680E-01   -0.983987956578777356E-01   -0.106015671396004207E+01
    0.663573276283134939E-02    0.237883571925527633E+03    0.106172410282336080E+00   -0.330971029438669504E+02    0.875060039535127121E+00    0.181829741141780699E+01    0.102570912545697709E-01    0.157560418405768154E+01   -0.152872310500904018E+01   -0.445582665421865518E-01   -0.245089574286676060E+01   -0.504377127595813032E-01    0.148730680064302085E-01   -0.660308030363036952E-01   -0.167163542641841523E+00   -0.106088198352444230E+01
    0.650539543908976777E-02    0.237883246326643444E+03    0.105683278044003640E+00   -0.330568887085224503E+02    0.871934263978636603E+00    0.177611707359116688E+01    0.101549042741183333E-01    0.151606306124461998E+01   -0.158965625296026891E+01   -0.486375312217405820E-01   -0.241160847749881357E+01   -0.517470189881830550E-01   -0.273758955435217943E-01   -0.613892579975597388E-01   -0.189376879684397897E+00   -0.106014473518966135E+01
    0.637690023564680894E-02    0.237883145881303079E+03    0.105659849174011070E+00   -0.329886955128967969E+02    0.874216241547495443E+00    0.180920913482598933E+01    0.102023486348796575E-01    0.160401138931470766E+01   -0.153780946945721797E+01   -0.477610214656154219E-01   -0.243025985286005453E+01   -0.572703437360827239E-01    0.172270325514987666E-01   -0.645780364262019818E-01   -0.177465287503016544E+00   -0.106874574168663683E+01
    0.625632585200470472E-02    0.237881323950511188E+03    0.105400007378613741E+00   -0.330129858929662774E+02    0.873442756061429515E+00    0.181713494510820950E+01    0.101229878702972162E-01    0.156869169698421529E+01   -0.161619442183137396E+01   -0.451990388946039851E-01   -0.243832448995030138E+01   -0.446343252278673316E-01   -0.165353385627430016E-01   -0.595726341647905902E-01   -0.203623375150062264E+00   -0.107012208171321777E+01
    0.614447248973649506E-02    0.237877404335890276E+03    0.106387582098206798E+00   -0.330783558754345961E+02    0.872781559349943836E+00    0.180877358835243141E+01    0.101936710423696040E-01    0.156150785363821143E+01   -0.145011971937390327E+01   -0.472981843362150836E-01   -0.233409047621305277E+01   -0.579693191829458720E-01   -0.784485180673496867E-02   -0.614948654740672465E-01   -0.136756948885646573E+00   -0.106323839775865703E+01
    0.626112588684995912E-02    0.237839656749225327E+03    0.106410207547807015E+00   -0.330456955048799230E+02    0.875603328014870175E+00    0.179417763325744595E+01    0.100603299425622034E-01    0.154255146933980902E+01   -0.164833535925109365E+01   -0.449681646876158858E-01   -0.225864494070011501E+01   -0.501922028174397739E-01   -0.356368752894347315E-01   -0.675412028574340351E-01   -0.192427088901330839E+00   -0.105995404863172005E+01
    0.662563237642238134E-02    0.237726485154640841E+03    0.106139721387237138E+00   -0.330276364890863761E+02    0.873802862043014827E+00    0.177707377251768017E+01    0.101319583698327009E-01    0.155393031068041609E+01   -0.152780999604119638E+01   -0.454179223548198882E-01   -0.234614448582052582E+01   -0.512853074582658719E-01   -0.257070920394732762E-01   -0.593977272966335207E-01   -0.165795639845404491E+00   -0.105200359475074467E+01
    0.652444041032555853E-02    0.237757266418041610E+03    0.105295447021134150E+00   -0.330411374439873597E+02    0.874741429870121157E+00    0.175487961775895096E+01    0.102427079819325268E-01    0.155038318672748776E+01   -0.151680321097416515E+01   -0.453546050441118176E-01   -0.244932514717528438E+01   -0.481868320468708741E-01   -0.130300830704597817E-01   -0.647252354724777296E-01   -0.183429014794483314E+00   -0.108486683886990121E+01
    0.617518411474451880E-02    0.237867299398919471E+03    0.105968931824723014E+00   -0.330328983827401714E+02    0.874490652780037014E+00    0.184525681687884480E+01    0.101729670873135156E-01    0.158106995772141579E+01   -0.159466067578710513E+01   -0.473750032818438249E-01   -0.241769106941265521E+01   -0.577093301266760964E-01    0.145640970334721832E-01   -0.630068791918508703E-01   -0.108205987568424131E+00   -0.105633344899639803E+01
    0.617703087529495112E-02    0.237866701365104262E+03    0.106479708193382358E+00   -0.330264666193384571E+02    0.874845115663035244E+00    0.180532544841305875E+01    0.101713861202471518E-01    0.156566656892985123E+01   -0.147024417681379638E+01   -0.451617950699932102E-01   -0.243463164272874089E+01   -0.522943139623754799E-01   -0.216932043944526240E-01   -0.630081916557499039E-01   -0.161317328408898675E+00   -0.105838017460087075E+01
    0.647687563704122532E-02    0.237771900316739277E+03    0.105343575050305463E+00   -0.330486009518559172E+02    0.874018474503183818E+00    0.178767920770636435E+01    0.101602776632814164E-01    0.161071452245116431E+01   -0.173597477590492644E+01   -0.468472263793691529E-01   -0.236612782534132693E+01   -0.446733482066175858E-01   -0.285150171145111958E-01   -0.601798446054653408E-01   -0.167442846203683576E+00   -0.107188233138557742E+01
    0.620039150845330591E-02    0.237859151922200255E+03    0.106100944378510767E+00   -0.330894651881121646E+02    0.874440850117756074E+00    0.180380828253688974E+01    0.101499120252375955E-01    0.158605039847364204E+01   -0.163174196611793132E+01   -0.454985455002183403E-01   -0.245155267756921624E+01   -0.495836073642512351E-01   -0.558174678517178464E-02   -0.607676652922579386E-01   -0.161474509493798407E+00   -0.107003606817700803E+01
    0.629438331800813780E-02    0.237829061397528363E+03    0.106293960749148333E+00   -0.329880966288029285E+02    0.875619790545619336E+00    0.181104052102710633E+01    0.101862289650274124E-01    0.155947120632962744E+01   -0.156395160236622144E+01   -0.468989452785149863E-01   -0.231813046632392750E+01   -0.526118645075657268E-01   -0.452386076234286630E-01   -0.632335582660320111E-01   -0.135345103504690117E+00   -0.105320486398152635E+01
    0.621263396657103801E-02    0.237855206884912832E+03    0.105671751293266558E+00   -0.330852868935325617E+02    0.874068031194400685E+00    0.182421536760953495E+01    0.101678283972770102E-01    0.163222765241254475E+01   -0.168137864170435480E+01   -0.453518391373050750E-01   -0.235572146977701236E+01   -0.547594307738716035E-01   -0.454091920380923011E-01   -0.615537385890252836E-01   -0.134980801381689830E+00   -0.106232996967441617E+01
    0.614800109046376598E-02    0.237876122789274092E+03    0.105532481169823125E+00   -0.330391205003767254E+02    0.873768213476293742E+00    0.179357344127497997E+01    0.102415903591222546E-01    0.153977606982740189E+01   -0.160371899889619574E+01   -0.454098509208877704E-01   -0.236981241913676977E+01   -0.514839318950316011E-01   -0.208764362124235631E-01   -0.604741175072954495E-01   -0.158563160486428517E+00   -0.106457944482928535E+01
    0.618216922555998166E-02    0.237865038360858307E+03    0.106557486463838433E+00   -0.330253839364739576E+02    0.872328542914845961E+00    0.180429392968325475E+01    0.102294909601273794E-01    0.158152759251397268E+01   -0.151004725638754755E+01   -0.438734359636319959E-01   -0.248649230368893548E+01   -0.544440452550007947E-01   -0.231533441768820014E-01   -0.626631622082723244E-01   -0.944439051863244505E-01   -0.106497093311087609E+01
    0.620693576909824452E-02    0.237857042116887499E+03    0.106138593957197547E+00   -0.330215653585006521E+02    0.870918429414665463E+00    0.178868834322632186E+01    0.101641819551317580E-01    0.157456440196809910E+01   -0.151519704299750568E+01   -0.422880540132986316E-01   -0.241502640889735787E+01   -0.564113560975920900E-01   -0.181423999589476088E-01   -0.612254760430636924E-01   -0.947440776971599508E-01   -0.107272300884069582E+01
    0.619352077453844390E-02    0.237861369376854384E+03    0.106919989720501651E+00   -0.330669713220246919E+02    0.873864793414417362E+00    0.181880854219080046E+01    0.101253043794427150E-01    0.157470989954024621E+01   -0.172045468697000969E+01   -0.454856171465241946E-01   -0.237501695202244623E+01   -0.542701105036439077E-01    0.383884343772204588E-02   -0.608351701034542600E-01   -0.188571484133223138E+00   -0.105840881796681985E+01
    0.627217884723775283E-02    0.237836129199712190E+03    0.105295403565795587E+00   -0.330861866909942464E+02    0.872117967976731134E+00    0.179787305805684072E+01    0.102162516834518949E-01    0.158622686654068623E+01   -0.160640051064591249E+01   -0.463277864788836646E-01   -0.235981834879677921E+01   -0.559346269607062935E-01   -0.809157396845415142E-02   -0.628737628254529973E-01   -0.200912143960268907E+00   -0.108746928663749776E+01
    0.623714263300184559E-02    0.237847332463104493E+03    0.105946622765921442E+00   -0.330731279460584204E+02    0.875537449959870151E+00    0.181514923541930728E+01    0.101246530319565979E-01    0.158506333652705189E+01   -0.155458535701295952E+01   -0.450966262246865618E-01   -0.244156014798787657E+01   -0.570928758153292013E-01   -0.113879029085070076E-01   -0.619349920437187521E-01   -0.138100797436696482E+00   -0.106990412175850502E+01
    0.617495386804809213E-02    0.237867373971915100E+03    0.105896302020998020E+00   -0.330306047548966077E+02    0.872594644917062956E+00    0.180029443497985242E+01    0.101207030613593985E-01    0.160562336456554156E+01   -0.154633728764697054E+01   -0.466264655939201342E-01   -0.231516539861082249E+01   -0.418260470750317914E-01    0.315071452781992209E-02   -0.598772839493170173E-01   -0.135089621947825839E+00   -0.106350655494364821E+01
    0.615611269702051860E-02    0.237873485750029488E+03    0.106360706510123693E+00   -0.330470876750080151E+02    0.873976706830454364E+00    0.182618070507198960E+01    0.101802956599193195E-01    0.156472559903061059E+01   -0.155389032169007124E+01   -0.464842134527794354E-01   -0.244935122583869047E+01   -0.560094010184183783E-01   -0.651060214493793740E-02   -0.628746070832102433E-01   -0.136484416450671026E+00   -0.106816615101148904E+01
    0.619800653766910351E-02    0.237859921367028448E+03    0.106848520490545371E+00   -0.330092374995214755E+02    0.872401086883388577E+00    0.178852275340280564E+01    0.101881520796777546E-01    0.157271588148369368E+01   -0.153801580666171889E+01   -0.454378898862164704E-01   -0.236817642511938553E+01   -0.488231800069892988E-01    0.442442970938069016E-03   -0.633697259874443641E-01   -0.155263590048680511E+00   -0.106389431969873804E+01
    0.629957532820361356E-02    0.237827412349556880E+03    0.106087272563462939E+00   -0.330200676160250808E+02    0.874066668529055235E+00    0.182284714642818302E+01    0.102023963272584294E-01    0.157990410881338161E+01   -0.171814896944187501E+01   -0.439242159888455705E-01   -0.235826546224080547E+01   -0.502951689217889797E-01   -0.268097052236066710E-01   -0.640612772705674710E-01   -0.130740949329363199E+00   -0.108519523903057813E+01
    0.641149965382747586E-02    0.237792190397515299E+03    0.106239438448017823E+00   -0.330185808957625966E+02    0.872892176353084803E+00    0.178845086380409013E+01    0.101373073444769035E-01    0.159967467117109940E+01   -0.164278410366308458E+01   -0.477147539992149247E-01   -0.233683644686640024E+01   -0.501883076621453747E-01   -0.373567568931541735E-01   -0.620480627302112328E-01   -0.783718764368122600E-01   -0.106104063356799228E+01
    0.625029910255029027E-02    0.237843118157341934E+03    0.105925929295086513E+00   -0.330750984014565788E+02    0.872805101472641565E+00    0.180534395141786286E+01    0.101796865878475504E-01    0.157801422047384943E+01   -0.152737953062786369E+01   -0.447459344451216975E-01   -0.243298250296656837E+01   -0.584583387886026054E-01    0.165295250776951314E-02   -0.619375787275598666E-01   -0.129109725491291155E+00   -0.106146765716045044E+01
    0.652008645748577455E-02    0.237758601522962039E+03    0.105189831327499220E+00   -0.331185796439888165E+02    0.874623943024628869E+00    0.179232892643841724E+01    0.101902483065037311E-01    0.156991334548413342E+01   -0.155327800994110454E+01   -0.451235500234429820E-01   -0.234705308142288915E+01   -0.540024370111089683E-01   -0.279142147631457060E-01   -0.653282545799334230E-01   -0.133451432337312270E+00   -0.107156145347097920E+01
    0.629248773230097879E-02    0.237829663798463088E+03    0.106154323617262764E+00   -0.330145705191590224E+02    0.874561922024064575E+00    0.177830329029463208E+01    0.101194859243550726E-01    0.151949211813608942E+01   -0.143905803625158435E+01   -0.448763975886413563E-01   -0.242011583924009699E+01   -0.534468232745130695E-01   -0.247372261746632502E-01   -0.614863153561720222E-01   -0.964426204345195659E-01   -0.106033510322808500E+01
    0.633559639986472790E-02    0.237816008889430634E+03    0.106385300734271979E+00   -0.329964823579479614E+02    0.874341985632009377E+00    0.177782110638994606E+01    0.101717366895011947E-01    0.155702523031010931E+01   -0.152783618350629369E+01   -0.486854768958963832E-01   -0.240189844259070329E+01   -0.417114535358663677E-01   -0.333552820064953112E-01   -0.622618842666030972E-01   -0.115501657816554859E+00   -0.106307575161103340E+01
    0.655947563324217608E-02    0.237746555463756238E+03    0.106252891943636532E+00   -0.330147731223643177E+02    0.874729908548391721E+00    0.180122339009055699E+01    0.101671937469092078E-01    0.162530361421992575E+01   -0.147538014034372167E+01   -0.452850979851157701E-01   -0.236695752487647315E+01   -0.558492339071530730E-01   -0.496038374200942073E-01   -0.634744450978730335E-01   -0.148573552427437888E+00   -0.108423851833484441E+01
    0.635519655730799535E-02    0.237809831127932682E+03    0.105836146046633370E+00   -0.330616928845967379E+02    0.872341787726324869E+00    0.177682624539649536E+01    0.101234913751908923E-01    0.157513331219446484E+01   -0.158315228814416398E+01   -0.445782162481508995E-01   -0.239830394773848754E+01   -0.599962274340181539E-01   -0.917918995046565316E-02   -0.594385291844591879E-01   -0.111688746213580423E+00   -0.106370682220210133E+01
    0.617760760149118487E-02    0.237866514641325097E+03    0.107236695580295305E+00   -0.329695836349416780E+02    0.872781853711783739E+00    0.180644124048384125E+01    0.102762810704713683E-01    0.163622554858118741E+01   -0.164338408002215508E+01   -0.438288904425986614E-01   -0.238421493016832509E+01   -0.510081113624762522E-01    0.146232163619897364E-01   -0.596102711835848342E-01   -0.131876218299036202E+00   -0.107059911595904178E+01
    0.624321555259537905E-02    0.237845386070226169E+03    0.107008733813094989E+00   -0.330399490684090367E+02    0.873965699137910113E+00    0.182715000702975749E+01    0.102067031622042406E-01    0.159665075845007509E+01   -0.160613208795556539E+01   -0.430821782745804960E-01   -0.244155515261975653E+01   -0.479462838667646940E-01   -0.229309264038039390E-01   -0.587273234088535254E-01   -0.185759035929732003E+00   -0.106480159246755468E+01
    0.638905841166513555E-02    0.237799202987134834E+03    0.107243379574466877E+00   -0.330286048841892850E+02    0.873460601823470517E+00    0.180960869927897217E+01    0.102706380100423007E-01    0.159489791792512192E+01   -0.156922952008869343E+01   -0.429582468254168584E-01   -0.234577124127620040E+01   -0.435021594251893823E-01    0.471072803698748509E-02   -0.587548861107141940E-01   -0.150469281663645343E+00   -0.106536740037641131E+01
    0.628570616290859314E-02    0.237831820410169342E+03    0.106294719167522034E+00   -0.330328713295569472E+02    0.873487817208690842E+00    0.185274495314396304E+01    0.101899339333960531E-01    0.161072265969962203E+01   -0.153430701301982730E+01   -0.459404265080690447E-01   -0.243799818160515747E+01   -0.525100959702443151E-01   -0.708591646233243475E-02   -0.603062212585940699E-01   -0.158601338907208622E+00   -0.106345526747265007E+01
    0.618888390728046956E-02    0.237862867266026598E+03    0.106250118136328300E+00   -0.330505258482207864E+02    0.872015428844647777E+00    0.182104801699611873E+01    0.101845341870882879E-01    0.157689333044775970E+01   -0.158543876551032281E+01   -0.473299267043540903E-01   -0.236770248198370004E+01   -0.499124588209311354E-01   -0.207421295304406200E-01   -0.615833765239462774E-01   -0.106506596276491144E+00   -0.107141818856382320E+01
    0.627416209025476700E-02    0.237835496906028027E+03    0.106600575880756346E+00   -0.329685121808864707E+02    0.874461833026003332E+00    0.181470236843206267E+01    0.102298975071130772E-01    0.157090445740064810E+01   -0.157740921828978586E+01   -0.442898342145356741E-01   -0.237425170187770940E+01   -0.455373233145372411E-01   -0.715598680985222915E-02   -0.618666087416395033E-01   -0.144545178026040916E+00   -0.106697832393868142E+01
    0.619589775838119868E-02    0.237860601952986798E+03    0.105451292684107342E+00   -0.331087276100022407E+02    0.873778412177195207E+00    0.182180912773208914E+01    0.101597338886500830E-01    0.159329393712802392E+01   -0.151712570410221748E+01   -0.473136560346372192E-01   -0.241946352674377341E+01   -0.586740493222589685E-01   -0.423465307551913403E-02   -0.661870383085223640E-01   -0.131716816444363172E+00   -0.106085552699089769E+01
    0.624791818345084900E-02    0.237843880160137616E+03    0.106392559168771286E+00   -0.330883060844665096E+02    0.872773693189172528E+00    0.180320251626111983E+01    0.101734291060959735E-01    0.160146229396974604E+01   -0.157554259688505871E+01   -0.474860593388141822E-01   -0.234090880704748461E+01   -0.530191449860767106E-01   -0.419603906055036335E-01   -0.646876451274584208E-01   -0.343591527305035921E-01   -0.107011114950310482E+01
    0.620667335559352100E-02    0.237857126673603318E+03    0.105470958586214650E+00   -0.330878355560718589E+02    0.875255206132319996E+00    0.179582447475016593E+01    0.102447027525015260E-01    0.159335227876820862E+01   -0.165936656182395037E+01   -0.474265576896428648E-01   -0.250023427300582712E+01   -0.565382893875164619E-01   -0.230864997920486245E-01   -0.637838293126058442E-01   -0.138718540705256271E+00   -0.106039091927901952E+01
    0.631986908116914312E-02    0.237820979809485834E+03    0.107120460398655096E+00   -0.330374841785762428E+02    0.871049573837382685E+00    0.179077031779887519E+01    0.102357606243888809E-01    0.153631130197913213E+01   -0.155186705415945658E+01   -0.445340383550422436E-01   -0.236883004288385557E+01   -0.528348962959046056E-01   -0.326554936942030222E-01   -0.632011870804885662E-01   -0.797499729634568999E-01   -0.107268366283197469E+01
    0.657180166850412223E-02    0.237742800752436409E+03    0.106154501720914327E+00   -0.330871650794574990E+02    0.875924482166932750E+00    0.178097143091899057E+01    0.102053512470628438E-01    0.156274896787662021E+01   -0.158111090104228991E+01   -0.456459446212867659E-01   -0.241931735095694034E+01   -0.544818534022436241E-01   -0.259502556390017458E-01   -0.608356701598651919E-01   -0.134000615642549559E+00   -0.105505407503547799E+01
    0.621084689022975180E-02    0.237855782271593654E+03    0.106398118526424307E+00   -0.330311682830048809E+02    0.876014794016622078E+00    0.179991664994105327E+01    0.101678413725973023E-01    0.160604216359343699E+01   -0.164870520188086722E+01   -0.408670027725703752E-01   -0.239575853179222964E+01   -0.558570490856680410E-01    0.122653695050329737E-01   -0.606633995713052737E-01   -0.973502852060728341E-01   -0.105821508812118559E+01
    0.652135541954560003E-02    0.237758212313831393E+03    0.105526925470822791E+00   -0.329677195732954900E+02    0.872906551523352614E+00    0.177841370704946700E+01    0.100999398774060858E-01    0.158016002596768534E+01   -0.156032080678561025E+01   -0.454624695218445035E-01   -0.233669415917068513E+01   -0.550942517195798162E-01   -0.404711603095629160E-01   -0.631471289230744887E-01   -0.938512466325908956E-01   -0.106555332780236700E+01
    0.615186381699181668E-02    0.237874866604207313E+03    0.105478943835226713E+00   -0.329992877367625042E+02    0.872444577173195457E+00    0.180364529839470000E+01    0.101854702394550984E-01    0.159539365987548876E+01   -0.158136399194540522E+01   -0.467640040720395042E-01   -0.238885806587326321E+01   -0.510251786051296868E-01    0.163017497199426618E-02   -0.655767935615652053E-01   -0.200139083711807053E+00   -0.106574908062686724E+01
    0.622996683649220794E-02    0.237849634776185042E+03    0.106408835938179694E+00   -0.330234423841634239E+02    0.873993484721730440E+00    0.179712393067747311E+01    0.101283804862449898E-01    0.161220268488724727E+01   -0.150123864867336332E+01   -0.452528193542532584E-01   -0.230144564326615297E+01   -0.573875124266867431E-01   -0.809428283522175412E-02   -0.589507439684695614E-01   -0.127677988057671693E+00   -0.105939251202735796E+01
    0.620200461155355313E-02    0.237858631666890318E+03    0.106348289761414180E+00   -0.330735144966162977E+02    0.874354126509500063E+00    0.178884611889599521E+01    0.102097416323656924E-01    0.155912415955536421E+01   -0.153054558610339475E+01   -0.451422678184626378E-01   -0.237192546768473811E+01   -0.502041750935662834E-01   -0.639707076742372649E-02   -0.640329995179509254E-01   -0.949624582006002027E-01   -0.105980730192897066E+01
    0.621519289566514754E-02    0.237854383272173891E+03    0.107271425401478285E+00   -0.329557495993340126E+02    0.872579639223989401E+00    0.179906675815490757E+01    0.102118304550846608E-01    0.161299596742886431E+01   -0.153301279863220485E+01   -0.422897766397525507E-01   -0.237632811275820854E+01   -0.556354172253940293E-01    0.101847136028474210E-01   -0.597321733978189717E-01   -0.103334520644623451E+00   -0.104915348238730455E+01
    0.640295563505165807E-02    0.237794857391889792E+03    0.105632339049835905E+00   -0.330134893266286156E+02    0.873981173644428622E+00    0.177728190420682153E+01    0.101956632017424290E-01    0.155683493006606377E+01   -0.159168769037153779E+01   -0.481309948066917931E-01   -0.244817004585734166E+01   -0.505437248166448611E-01   -0.452899823467807772E-01   -0.622639712543788179E-01   -0.133837192651305836E+00   -0.105954375738952389E+01
    0.617618134425305595E-02    0.237866976445311138E+03    0.107103386103809387E+00   -0.330935773667176107E+02    0.875693152924171381E+00    0.180438914194006217E+01    0.101749795280286163E-01    0.157769265437377837E+01   -0.164778566641340896E+01   -0.447554008791010427E-01   -0.238389527867906015E+01   -0.503580058836964745E-01   -0.253868980027113361E-01   -0.620730708275031642E-01   -0.660973926232526071E-01   -0.105003938303120892E+01
    0.655985578844359846E-02    0.237746439556873696E+03    0.106061081406358518E+00   -0.330527532141607168E+02    0.872230075487640866E+00    0.178795741168179068E+01    0.101975163786128878E-01    0.158225710345521597E+01   -0.149683025807423808E+01   -0.463863128733276175E-01   -0.246471457180986508E+01   -0.537576221820130970E-01   -0.338792064493860165E-01   -0.617717761289409695E-01   -0.139207447159118813E+00   -0.107162446454973526E+01
    0.632379925546375753E-02    0.237819736444248292E+03    0.106320658082901018E+00   -0.331277964839733414E+02    0.871363732966120574E+00    0.181487793746449877E+01    0.102249028932669215E-01    0.159268882831839087E+01   -0.156466874613032769E+01   -0.433841094556632195E-01   -0.237259242643518853E+01   -0.510844159352319763E-01   -0.101373843863455399E-01   -0.591994913492328440E-01   -0.112820039771943964E+00   -0.105603220721326974E+01
    0.649186237363305867E-02    0.237767277895266744E+03    0.105409228356556195E+00   -0.330917884600060503E+02    0.876243903626656051E+00    0.178181424279393386E+01    0.102365983551254269E-01    0.159373772958134952E+01   -0.153817534416627177E+01   -0.483072536315558992E-01   -0.237250629226028753E+01   -0.523748404321535757E-01   -0.300545685414649946E-01   -0.626166496713764786E-01   -0.148976667429322113E+00   -0.106238697200437104E+01
    0.638487753510095027E-02    0.237800512176951003E+03    0.106272561377011410E+00   -0.330628481377235914E+02    0.875920353733152801E+00    0.177481750135681238E+01    0.101645695192379929E-01    0.159944302515698467E+01   -0.148316465865679525E+01   -0.438870608302808080E-01   -0.234043295735045698E+01   -0.546887778681457090E-01    0.112534830261059298E-01   -0.613484811886215869E-01   -0.122573361509078133E+00   -0.106960191534377524E+01
    0.640202273868905204E-02    0.237795148808661310E+03    0.106117807712615420E+00   -0.330077516571744596E+02    0.875368958560710841E+00    0.180212785408676135E+01    0.101718627381990907E-01    0.158000395227270651E+01   -0.167325883433483424E+01   -0.474772106896495238E-01   -0.240024620148058965E+01   -0.537704434063622713E-01   -0.383914288105052584E-01   -0.628083517980968925E-01   -0.125236061823295275E+00   -0.106055944389234114E+01
