    0.214235448506953419E+00   -0.221166289904742506E+02    0.555190919566218577E-01    0.130516356828441338E+01    0.564087820311521670E-02    0.205972974189794167E+01   -0.205373360869179145E+01    0.452251834894947802E-01    0.361145944706961641E+01   -0.137720511001240664E+00    0.173774453326402789E+00    0.156801711190825838E+00    0.177889383100927168E+00   -0.102631179486002133E+01   -0.346299002511160694E+02   -0.391195633965034517E+01    1
    0.424051968416295499E-01   -0.112116562962995197E+02   -0.257052585607998485E+00    0.134283419932173387E+01    0.264435314398768061E-02    0.120057036571266851E+01   -0.149335449240894524E+01   -0.221241082292241154E-01   -0.115499536461915753E+02   -0.667294836118821344E-01   -0.183710499122621468E+00    0.103292153106783274E+00    0.155194996019736964E+00   -0.103790309827270888E+01   -0.260584324428013403E+02   -0.393195633965034208E+01    1
    0.388004280008046529E-01    0.427874966098847409E+01    0.551127432512824256E+00    0.787658306951666942E+00    0.144946282539574339E-01    0.195080366437933428E+01   -0.145697400886163253E+01   -0.234734774841600130E+00   -0.466535169372670477E+00    0.531306977483868015E-01    0.514205696160006595E-01   -0.287448957361842616E+00    0.873986263389643359E-01   -0.111533317882721716E+01   -0.234865875244140625E+02   -0.395195633965034165E+01    1
    0.124681628017010604E+00   -0.469059768162467883E+01   -0.148970534316850589E+00    0.606327296705266749E+00    0.159466066136886297E-01    0.202046721294464238E+01   -0.204703832207287917E+01   -0.129846137262580430E+00   -0.224100454362339718E+00   -0.134377008334455122E+00    0.294011843880679413E+00   -0.199051501139257930E+00    0.480121906148443245E-01   -0.100132996201471314E+01   -0.233238416399274548E+02   -0.397195633965034300E+01    1
    0.135719833332378026E+00   -0.759425118249240150E+01   -0.916787285122743212E-01    0.621366616264330540E+00    0.835563103051268664E-02    0.111883288368228739E+01   -0.149414665126427404E+01    0.300079991087323361E-01    0.184851330953137305E+01    0.123563994599242194E+00   -0.496908949450085430E-01   -0.314394638183781883E+00   -0.212730754125372346E+00   -0.103478703245835346E+01   -0.213269391741071423E+02   -0.399195633965034391E+01    1
    0.150309145601659117E+00   -0.372945473427917307E+02    0.592945405645106227E+00    0.774621876988522473E+00    0.695988299037974319E-02    0.211886008692349836E+01   -0.150397735914119868E+01   -0.115478263186179125E+00    0.866351963108659806E+00    0.453213786533659124E-01   -0.766612106551411709E-01   -0.682973056397758405E+00   -0.710346376179580075E+00   -0.103627320718162319E+01   -0.211102469308035730E+02   -0.401195633965034215E+01    1
    0.335801405676818335E-01   -0.549889918082536155E+01   -0.524279284095986453E-01    0.123632825086298581E+01    0.815848686583073475E-02    0.109461439649366366E+01   -0.881520439085255569E+00   -0.663413647158748176E-01    0.542449082367716162E+00   -0.136391251277720449E+00   -0.291448972960902386E+00    0.128177078104575043E+00   -0.144441981109317913E+00   -0.102612470427745883E+01   -0.202360861642020105E+02   -0.403195633965034173E+01    1
    0.615594129571507137E-01   -0.104656164789710591E+02    0.151156240011335430E+00    0.128339447015067809E+01    0.173273404691136022E-01    0.216589058183076677E+01   -0.256955309492016637E+01   -0.160215156686004556E+00   -0.985330993256806842E+01   -0.414062202541210067E+00   -0.171168093568696139E-01   -0.750980397781323972E+00   -0.434708186965057808E+00   -0.114336092695754776E+01   -0.188953944614955347E+02   -0.405195633965034396E+01    1
    0.507989832160518975E-01   -0.807376002889860978E+01    0.319411626138520310E+00    0.207329671115236946E+01    0.614124299632777537E-02    0.145403291333512508E+01   -0.115662238551486629E+01   -0.217154285639587774E-01   -0.763535486238166961E+01   -0.226464688013784748E+00   -0.302931494839990878E+00   -0.323860916064343252E+00   -0.292693547271958954E+00   -0.103066957219587052E+01   -0.186266871861049097E+02   -0.407195633965034443E+01    1
    0.153156454686832311E+00   -0.825357512820729866E+01    0.447761358930346243E+00    0.124898537299465784E+01    0.785553847871698664E-02    0.182099280895297677E+01   -0.129869258487697348E+01   -0.578617997556307301E-01   -0.130133947230163951E+02   -0.122165253091351109E+00    0.115092032944822176E+00   -0.166667628366484993E+00   -0.485491179854545651E+00   -0.103638157981457746E+01   -0.174512634277343750E+02   -0.409195633965034400E+01    1
    0.994199635687233879E-01   -0.280890324553370689E+02    0.122188088977313969E+01    0.226117314817306747E+01    0.730834239462708167E-02    0.122118587979835214E+01   -0.147861522637753495E+01    0.746090833699868949E-01   -0.590857490875593427E+01   -0.155558967000465731E+00   -0.212291985990439303E+00   -0.172159338033119419E+00   -0.294934443102991883E+00   -0.100372050326127482E+01   -0.160884802682059167E+02   -0.411195633965034357E+01    1
    0.191992433360707038E+00   -0.245815794853173735E+02    0.666622306049969859E+00    0.104075026915975521E+01    0.493115774752307407E-02    0.152719626048605051E+01   -0.163887330291204858E+01   -0.269080150532653828E+00   -0.901982410813987112E+00   -0.504732663341536436E+00   -0.158691750029818557E+00   -0.230926133381736620E+00    0.186109048175844838E-01   -0.103279757302925401E+01   -0.159673679896763385E+02   -0.413195633965034226E+01    1
    0.815008428874490348E-01   -0.934766985453958199E+00    0.767886128913742194E+00    0.125326990488285905E+01    0.105628882123067723E-01    0.145124113803337851E+01   -0.158802960029819529E+01    0.347214091619106047E-01   -0.214134736055872033E+01   -0.201093143654655471E+00   -0.213029080211634109E+00    0.341708305752785102E+00    0.153019941508955593E-02   -0.104231128759658720E+01   -0.157351008823939740E+02   -0.415195633965034450E+01    1
    0.107066660119797707E+00   -0.254535789857357457E+02    0.465487126028842013E+00    0.105349716247866620E+01    0.565567197223266777E-02    0.210875042564832649E+01   -0.125889879736783206E+01   -0.139775057823380816E+00   -0.303797367568483212E+01   -0.179061454983435564E+00    0.104348156295323569E+00    0.223069136332560231E+00    0.156710823614621686E-01   -0.104899407983802617E+01   -0.155103291102818073E+02   -0.417195633965034762E+01    1
    0.447440444279757071E-01   -0.270669951585087603E+02    0.915600706655962382E-01    0.153269068920236573E+01    0.193596490528880755E-01    0.157188866679349548E+01   -0.121208701163065213E+01    0.466873058143337100E-01   -0.481154637001791397E+00   -0.211070169815361308E+00   -0.720261914883027349E-01   -0.408822564098049512E+00   -0.484234785220630570E+00   -0.101044284520780936E+01   -0.153929530552455365E+02   -0.419195633965034720E+01    1
    0.774988481439238819E-01   -0.135173085298111424E+02   -0.305156434289312051E-01    0.491702307461826083E+00    0.204224763189318412E-01    0.166763841322326622E+01   -0.164724405633676874E+01   -0.152446042856124730E-02    0.500355989448399896E+01   -0.141465103740280651E+00    0.136745179928080413E+00   -0.110808450617541965E+00   -0.381648536769400859E+00   -0.110238807406260086E+01   -0.131442086356026788E+02   -0.421195633965034677E+01    1
    0.212790519138957579E-01   -0.275733956289212969E+02   -0.308037324656914913E+00    0.771761909286310832E+00    0.871432371945796320E-02    0.178695334320873278E+01   -0.219735709783589517E+01   -0.370395424242472640E-01    0.288410039758766290E+01   -0.289844208160329520E+00   -0.781655904992723527E-01   -0.353428720838470212E+00   -0.337389569169415648E+00   -0.103206497326495183E+01   -0.124844676426478802E+02   -0.423195633965034279E+01    1
    0.946823136409637167E-01   -0.245186621510604184E+02    0.876318147993439656E+00    0.131528970709994275E+01    0.139115931437304285E-01    0.198353159130056467E+01   -0.985538429476335520E+00    0.101357212219081116E+00    0.218924581777592220E+00   -0.291001395221144987E+00   -0.390471509628450897E+00   -0.145611356687301047E+00    0.106514255482190068E+00   -0.100309755670192935E+01   -0.123271615164620538E+02   -0.425195633965034059E+01    1
    0.156686107826722126E+00   -0.219911967461904680E+02    0.536334854663179428E+00    0.211741437911587349E+01    0.819061361326665557E-02    0.168277548496821283E+01   -0.962926108954660576E+00   -0.713606337657886891E-01   -0.421943126882306796E+01    0.476856206646610326E-01   -0.483802112454173525E-01   -0.234439715221923251E+00   -0.183826385475568344E+00   -0.101870870185710549E+01   -0.122585688999720990E+02   -0.427195633965034727E+01    1
    0.140786772629080237E+00   -0.136810955626093715E+02    0.946319569432646168E+00    0.158200170134648066E+01    0.394499126558812713E-02    0.229674588080353370E+01   -0.187314597164018481E+01    0.566101956200023293E-01   -0.396715831806195629E+01   -0.121614719345879807E+00   -0.132725208060386513E+00   -0.413980231849049585E+00   -0.196020864565032871E+00   -0.100359659493137499E+01   -0.118122220720563611E+02   -0.429195633965034329E+01    1
    0.584015310123399897E-01   -0.897674753848808749E+01    0.164887302551746906E+01    0.223284469128888396E+01    0.800873260402254830E-02    0.167141411481028102E+01   -0.158613430539396072E+01   -0.118165817645853863E+00   -0.236403482904443729E+01    0.136230897140916518E-01   -0.254140043730359921E+00   -0.239848449688157578E+00   -0.671590749415950511E-01   -0.104766560621485172E+01   -0.116725082397460938E+02   -0.431195633965034109E+01    1
    0.110972394100301006E+00   -0.389487793160290323E+02    0.169073288441252467E+00    0.761706764733826147E+00    0.143931084754858173E-01    0.128880786507312539E+01   -0.186640817746290755E+01    0.748554203809001506E-01   -0.221842150378934821E+01   -0.248418454153648660E+00    0.274950566051202883E+00   -0.365494917204367997E+00   -0.359562310658895212E+00   -0.102907188399172056E+01   -0.116284321376255573E+02   -0.433195633965034244E+01    1
    0.994464104477690708E-01   -0.107986131070963509E+02    0.630703081198385029E+00    0.576199313162248150E+00    0.585609716263926945E-02    0.227072481297919637E+01   -0.826652863721806574E+00   -0.940957000900720930E-01   -0.199167037205241715E+01   -0.170194763891178880E+00   -0.704273452055955845E-01   -0.602758911876020598E+00   -0.460626367192429664E+00   -0.101799418668726727E+01   -0.111737147739955365E+02   -0.435195633965034201E+01    1
    0.611756643372788483E-01   -0.960691378352884762E+01    0.590121674088493919E+00    0.201397201463521824E+01    0.107578499084625186E-01    0.890073589175310653E+00   -0.228899573126038014E+01   -0.220864290836611438E+00   -0.117784592748789922E+02   -0.512187897359925204E+00   -0.760611965401998547E-01   -0.374598721573488280E+00    0.127197238338678797E+00   -0.101879831722026926E+01   -0.108715373447963177E+02   -0.437195633965034336E+01    1
    0.528697042251132163E-01   -0.354045911701623908E+02    0.123492091879681887E+01    0.166017737322480774E+01    0.100586881197721502E-01    0.159618529309548385E+01   -0.186257791944130147E+01   -0.105476031853522612E+00   -0.795392605855924373E+01   -0.289527816448701181E+00   -0.109883504117263525E+00   -0.482353306264205361E+00   -0.251494152878209087E+00   -0.100443506761217138E+01   -0.105277982439313611E+02   -0.439195633965034649E+01    1
    0.132422763059776016E+00   -0.236276020457186959E+02    0.513764647849225931E+00    0.173869078757000706E+01    0.863036279979634627E-02    0.160053409549399461E+01   -0.844569259305194997E+00   -0.156289382099798868E+00   -0.599130795904391444E+01    0.611137189562359351E-01    0.222403495190474337E+00    0.259695261980039449E+00   -0.952409765459652780E-01   -0.101483289544406308E+01   -0.104105529785156250E+02   -0.441195633965034784E+01    1
    0.601774755385421148E-01   -0.238061379429639253E+02    0.510380972442813219E+00    0.158595102870184057E+01    0.117204656047682418E-01    0.144819960793717772E+01   -0.206961752528898568E+01    0.204406666717880242E-01   -0.620674475170424600E+01   -0.436827812740995025E+00   -0.110864095781428029E+00    0.380546219962656362E-01   -0.387812532916882835E+00   -0.101884573759780950E+01   -0.101152888706752240E+02   -0.443195633965034474E+01    1
    0.803059267737213922E-01   -0.211248719047997398E+02    0.750349306205598365E+00    0.962350325375820548E+00    0.237233532329324953E-02    0.219121784786524598E+01   -0.137128539675678196E+01   -0.217409216903224539E+00   -0.860423737769363228E+01   -0.220492576371288940E+00   -0.186613558656992862E+00   -0.472667339349203020E+00    0.419154921449555296E+00   -0.108802241211793072E+01   -0.101126992361886163E+02   -0.445195633965034343E+01    1
    0.330323210432297287E-01   -0.998516976348062713E+01    0.634311319156808495E+00    0.137561672338676755E+01    0.603372268884366098E-02    0.320257586505318992E+00   -0.178464041181690236E+01    0.265027842042262207E-01   -0.545079101688999401E+01   -0.186788417778861460E+00    0.916868377722826200E-01   -0.684143992925122513E+00   -0.872438177938361648E-03   -0.104071019720887059E+01   -0.100058234078543524E+02   -0.447195633965034745E+01    1
    0.733061146605521741E-01   -0.224034181355945208E+02    0.420871490869167753E+00    0.194576770020655809E+01    0.190816480095348795E-03    0.191723527170868024E+01   -0.150093616259177054E+01   -0.667027787140198197E-01   -0.746874217055367939E+00   -0.153404774233264540E+00   -0.220385270975819864E+00    0.975869945407210337E-01   -0.268943145372838199E+00   -0.108726387520382817E+01   -0.989343152727399477E+01   -0.449195633965034435E+01    1
    0.809627531976594150E-01   -0.106217299280262374E+02    0.681608629236113206E+00    0.550513067200971595E+00    0.146920532083111375E-01    0.215522214994518047E+01   -0.206030589318971158E+01    0.410956392215141991E-01    0.408122891515040642E+01   -0.296453364791038565E+00   -0.177857733791530442E+00   -0.226381843212572487E+00   -0.288648053002054539E+00   -0.102268765937584472E+01   -0.949597167968750000E+01   -0.451195633965034482E+01    1
    0.105222131052801024E+00   -0.238090060852740066E+02    0.870776295573946646E+00    0.123064697053956729E+01    0.197545122389029722E-01    0.828820916208167224E+00   -0.143293042958568151E+01    0.133629976136324380E+00   -0.418039454387211684E+01   -0.140328612994915614E+00   -0.101030694523815245E+00    0.311240360592444421E+00   -0.536557382402394895E-01   -0.100646099468779937E+01   -0.939793940952846008E+01   -0.453195633965034705E+01    1
    0.898488118009466014E-01   -0.118975737953144431E+02    0.540275726674017798E+00    0.167544623115095970E+01    0.178444132025015294E-01    0.193785883004169435E+01   -0.156062561536690358E+01   -0.467870471556173922E-01   -0.744149087966488842E+01   -0.285143512240961572E+00   -0.128905128477080605E+00   -0.563680703851218823E+00    0.153576536139990172E+00   -0.104877847810635871E+01   -0.927139282226562500E+01   -0.455195633965034396E+01    1
    0.100894844330775210E+00   -0.196423562003469669E+02    0.598409058191159637E+00    0.158278324550831107E+01    0.756058967854392108E-02    0.100167014438084312E+01   -0.209352858168110778E+01   -0.435455437848238022E-01   -0.101749991118614140E+02   -0.206336606039834058E+00   -0.748861774495643423E-01   -0.742456407467200208E+00   -0.393551423863571226E+00   -0.100679801337418828E+01   -0.919846561976841492E+01   -0.457195633965034354E+01    1
    0.368569180218510511E-01   -0.288993510930477804E+02    0.440571397462626524E+00    0.104708466655522980E+01    0.212567863809804622E-01    0.139972802318695555E+01   -0.159058642838368280E+01    0.964870781999318805E-01   -0.259894238318529247E+01    0.299732915622102913E-02   -0.266737826159333224E+00   -0.671212609842689600E+00   -0.402032251926657369E+00   -0.109476019112626610E+01   -0.886506162370954165E+01   -0.459195633965034666E+01    1
    0.177509897810239153E+00   -0.147180824925029192E+02    0.550178582239008507E+00    0.103319961735402588E+01    0.361973123008056674E-03    0.180984173903136347E+01   -0.209796980844487635E+01    0.267155787073171669E-01   -0.691751997689871523E+01   -0.251726991276409406E+00   -0.839757813188434787E-01   -0.139392133372112093E+00   -0.309418832603083671E+00   -0.107995636907172243E+01   -0.884188733782086977E+01   -0.461195633965034801E+01    1
    0.143975129826624415E+00   -0.191327885846689867E+02    0.102147017399912321E+01    0.135125089689452382E+01    0.135168022646743741E-01    0.176025887012104088E+01   -0.269058088850868149E+01   -0.299161728129577545E-01   -0.129937530115240492E+02   -0.108786160890663203E+00   -0.377306685156497193E-01   -0.885835857738563465E-01   -0.129974873314667561E+00   -0.113733758240327143E+01   -0.861895860944475523E+01   -0.463195633965034759E+01    1
    0.193946626053578403E+00   -0.196720412721889062E+02    0.376646347117199909E+00    0.633955842324021801E+00    0.648039454003308119E-02    0.178128098484634112E+01   -0.102681241180481364E+01   -0.231101903642655288E+00    0.542949854541717514E+00   -0.249452842994971613E+00   -0.123289662694973240E+00   -0.360907638790277208E+00    0.162732076503885881E-01   -0.100180160555706821E+01   -0.834954616001674133E+01   -0.465195633965034716E+01    1
    0.505734754488559868E-02   -0.280542908622229525E+02    0.136048312066648247E+01    0.167448409491671235E+01    0.119179018507186325E-01    0.117887269336611045E+01   -0.218872240985991295E+01   -0.829114044716203480E-01    0.296258985870074953E+01    0.343247430790827035E-01    0.353517286835397446E-01   -0.232640920861398065E+00   -0.292560370231714217E+00   -0.100321793442157192E+01   -0.820532008579799133E+01   -0.467195633965034407E+01    1
    0.523054539252682388E-01   -0.808775225264339248E+01    0.840994198822469397E+00    0.733753795987012847E+00    0.750296655690683729E-02    0.164648880041893220E+01   -0.261421439008892964E+01   -0.471416025096224739E-01    0.130863002662190064E+01   -0.704092841787587048E-01   -0.728865668463728467E-01   -0.756202477199879319E+00   -0.724715728296798922E-01   -0.101683456361029512E+01   -0.798939459664480989E+01   -0.469195633965034364E+01    1
    0.254510319524622747E-01   -0.207658941251446905E+02    0.751806455205022095E+00    0.949139759834078944E+00    0.194796707939247776E-01    0.218638259745841257E+01   -0.158700063772097844E+01    0.671518604394197305E-03   -0.606993630579047494E+01    0.301370326133299282E+00   -0.292925794526732675E+00    0.796874102687259722E-01    0.297490180431705664E-01   -0.119141583632785975E+01   -0.784333910260881684E+01   -0.471195633965034677E+01    1
    0.108772987238179714E-01   -0.293858236658268268E+02    0.110263738538697220E+01    0.179308068470423576E+01    0.127147708510801025E-01    0.167930365066734244E+01   -0.155243489647342026E+01   -0.574675615234919446E-01   -0.848953014879058721E+01   -0.194279102313244190E+00   -0.301678462202755043E-01   -0.607295173279224110E+00    0.153789538877318610E-01   -0.112932294106411280E+01   -0.765547016688755555E+01   -0.473195633965034634E+01    1
    0.137437733107154569E+00   -0.847454598287288974E+00    0.108707085654175750E+01    0.124064115496685634E+01    0.108265237087802873E-02    0.119650946819551907E+01   -0.212021278913607425E+01   -0.193216939241910857E-01   -0.284164515337797141E+01   -0.586569440211698656E+00    0.195622529437169956E+00    0.492624284878212193E+00   -0.415842733239515983E+00   -0.109169761717289582E+01   -0.763705117361886199E+01   -0.475195633965034325E+01    1
   -0.271991482920842659E-01   -0.275156301482803158E+02    0.110003498945448275E+01    0.124165575211269186E+01    0.705555028735001429E-02    0.197381900713417124E+01   -0.146460499551249712E+01   -0.155448598313919287E-01   -0.114070697958393694E+02   -0.136492104493203592E+00   -0.762160329204143450E-01    0.243656748711491095E+00   -0.201082050829950676E+00   -0.106153407145800149E+01   -0.749097006661551301E+01   -0.477195633965034460E+01    1
   -0.148485916547723973E-01   -0.123455346491632412E+02    0.720972004958015722E+00    0.864814590832158059E+00    0.122630149674535227E-03    0.189250752479971851E+01   -0.189284140069385765E+01   -0.714683214315828264E-01    0.631727864225138092E+01    0.408618075651139001E-01   -0.183725664808202793E+00   -0.231013299223070012E+00   -0.103674102234543236E+00   -0.105621772273559089E+01   -0.747764968872070312E+01   -0.479195633965034506E+01    1
    0.234390335700540575E-01   -0.192145882460066133E+02    0.537449122056901540E+00    0.154803038374421531E+01    0.163638998970045309E-01    0.109700198268735716E+01   -0.139129774782348914E+01    0.610512542527386071E-01   -0.103242518613396932E+02   -0.184695359942534942E-01    0.277487335509729260E+00   -0.247628363303814714E+00   -0.147075680498197053E+00   -0.127101032955697391E+01   -0.743952723911830383E+01   -0.481195633965034641E+01    1
    0.559726654341680951E-01   -0.160316804899393439E+02    0.702846156981149162E+00    0.116612232027334040E+01    0.244907968451192788E-02    0.162883181648638065E+01   -0.181305648458749613E+01   -0.111820749552051651E-01   -0.109737613822473676E+02   -0.167893753429118942E+00   -0.663066401172141690E-01   -0.154456770673417815E+00   -0.433679232219212119E+00   -0.108234715092920464E+01   -0.709725461687360504E+01   -0.483195633965034776E+01    1
    0.124301873340145669E+00   -0.357337151769979471E+02    0.132016693258051321E+01    0.162437456488447363E+01    0.104560694214906706E-01    0.160881340026620756E+01   -0.215042794620473865E+01   -0.276737949052100585E+00   -0.264906941953268227E+01   -0.131581738051489289E+00   -0.131649027296084631E+00   -0.784798613802590861E+00   -0.321160515755823828E+00   -0.104800629567569459E+01   -0.689232962472098176E+01   -0.485195633965034734E+01    1
    0.110164075547900170E+00   -0.134963546305986561E+02    0.993789474983505894E+00    0.689627066106950792E+00    0.189651562503367691E-01    0.188588754979130258E+01   -0.108001292531969906E+01   -0.750021226566438132E-01   -0.579629013366888479E+01   -0.155131843903928701E-01   -0.119830055597923424E+00   -0.238749880128782732E+00    0.388247103938602678E+00   -0.110299706701554356E+01   -0.678922762189592621E+01   -0.487195633965034602E+01    1
    0.731886374538897877E-01   -0.795225418410037577E+01    0.896730732184669255E+00    0.848926219825338446E+00    0.847789817363740761E-02    0.179041430081978215E+01   -0.205720631369782536E+01   -0.213051460721899927E+00   -0.189881485850221110E+01   -0.151684625727491085E+00   -0.899514265409313701E-01   -0.101256847178153961E+00   -0.170090592398596335E+00   -0.107859136969615288E+01   -0.674858801705496614E+01   -0.489195633965034382E+01    1
    0.115558458090149557E+00   -0.232783052280795530E+02    0.765201787814735135E+00    0.189525855010100330E+01    0.873189034600782912E-02    0.219299264160464968E+01   -0.883335388162273527E+00   -0.192799227526483347E+00   -0.739036914743492446E+01    0.147203535293953441E+00    0.140364505916426324E+00   -0.216859707368513455E+00   -0.136476304442643581E+00   -0.106540109091928925E+01   -0.669410487583705383E+01   -0.491195633965034428E+01    1
    0.694948372601594394E-01   -0.116984910951736030E+02    0.640485721184590240E+00    0.154632625890069231E+01    0.125390911452702945E-01    0.161158840285926663E+01   -0.205562971641930980E+01   -0.655899896391064496E-01   -0.410027773557066944E+01    0.144800636689240897E+00    0.268205986772347083E+00   -0.238783402676432360E+00    0.107885708701889960E+00   -0.100760580506127950E+01   -0.667553656441824739E+01   -0.493195633965034563E+01    1
    0.710947249013104687E-01   -0.210039170867699063E+02    0.110974749763904090E+00    0.103673573338700931E+01    0.897722289292440974E-02    0.586246162069337662E+00   -0.106437242096828610E+01   -0.246993313317484420E+00   -0.574592990953387783E+00   -0.385217988888339413E+00   -0.211827683627966695E+00   -0.264317764609558248E+00   -0.239964649301410093E+00   -0.105703734302968577E+01   -0.645749664306640625E+01   -0.495195633965034610E+01    1
    0.127318900031893056E-01   -0.127018759389712574E+02    0.745648783524822556E+00    0.121729784135570673E+01    0.249058404920214117E-02    0.203350543613742829E+01   -0.146704086130916855E+01   -0.108131494062546157E+00   -0.322523698803158254E+01    0.118110523105197790E+00   -0.195394005696046924E+00   -0.504346399026164294E+00   -0.216267058667532680E+00   -0.112063134420573474E+01   -0.642864881243024566E+01   -0.497195633965034567E+01    1
    0.112608718154799753E+00   -0.708638313301714184E+01    0.890325995302970408E+00    0.115254256532567378E+01    0.851516759692550439E-02    0.132511434457089750E+01   -0.157065756051967020E+01   -0.620242530861341151E-01   -0.477679289952224373E+01   -0.164032445989758247E+00   -0.657616939707267312E-01   -0.133826434639636338E+00    0.402674013454051849E-02   -0.104949696128230618E+01   -0.632185145786830383E+01   -0.499195633965034435E+01    1
    0.906663902107758546E-01   -0.147660126224759658E+02    0.284349572239208204E+00    0.181389491495094024E+01    0.852242135938156495E-02    0.140788078860926635E+01   -0.209545745091449076E+01   -0.185202021053208377E+00   -0.101690544673787420E+01   -0.482803387023050590E+00   -0.294471494207633910E+00   -0.363588098444889818E+00    0.239915956319863066E+00   -0.104083109200466306E+01   -0.627483694893973176E+01   -0.501195633965034304E+01    1
    0.688045577395418051E-01   -0.124918107243892962E+00    0.136694833009191230E+01    0.995732734697918342E+00    0.100602138046276303E-01    0.104062364480165792E+01   -0.139472534308760054E+01    0.315954895646126388E-01   -0.423112012222161837E+01   -0.956587052450719177E-02   -0.570229615937625986E-01   -0.508136685335084493E+00   -0.200183754246561041E+00   -0.112239302694630916E+01   -0.626888329642159636E+01   -0.503195633965034617E+01    1
    0.117103817835288407E+00   -0.137493359565782534E+02    0.408500108623290947E+00    0.197189569257648745E+01    0.104982560894946175E-01    0.139516317992018490E+01   -0.196515194876132893E+01    0.379971704617367428E-01   -0.495305619790977403E+01   -0.161273834528260412E+00   -0.167522157144523925E+00   -0.183499924346193111E+00   -0.531274715734689207E+00   -0.100738148614878797E+01   -0.619645908900669617E+01   -0.505195633965034840E+01    1
    0.114992531511218479E+00   -0.146079626915555121E+02    0.554439352996053181E+00    0.166457071130906087E+01    0.498160619817616945E-02    0.163284144138134257E+01   -0.175906983156760477E+01   -0.318219203434232517E-01   -0.715693422166314619E+01   -0.429773703971847554E+00   -0.272142282786869638E+00   -0.233338671894321448E-01   -0.414814055889303424E+00   -0.106776528109854341E+01   -0.617452403477260070E+01   -0.507195633965034709E+01    1
    0.904656560200663151E-01   -0.211747219758528935E+02    0.129139789891388190E+00    0.161286084354524029E+01    0.871935043055052303E-02    0.139693436898177925E+01   -0.124244858323469964E+01   -0.369543851806170665E+00   -0.481024444595578515E+01   -0.159459101133876791E+00   -0.160460632258565272E+00    0.321771745558733335E+00   -0.114042986340223099E+00   -0.109784366782088960E+01   -0.589042827061244445E+01   -0.509195633965034755E+01    1
    0.153399839260228210E+00   -0.918870202508855094E+01    0.815449276534857992E+00    0.112282199600228072E+01    0.459806416439707474E-02    0.155536193399913514E+01   -0.242542844454381346E+01   -0.620496034557285331E-01   -0.577198404710734181E+01   -0.148346769672043466E+00   -0.221796577102795461E+00    0.166859718777903343E-01   -0.943455817562272314E-01   -0.102038073314159905E+01   -0.533734021868024566E+01   -0.511195633965034979E+01    1
    0.161323270257724222E+00   -0.139882059690943059E+02    0.726337948484302109E+00    0.160568689493476002E+01    0.414787560179356255E-02    0.115887768454815365E+01   -0.176592835825339423E+01   -0.482344083454813582E-01   -0.797850610000854843E+01   -0.333139939041634026E+00    0.584424199710229172E-01   -0.877319393103646927E+00   -0.381367226962018746E+00   -0.100237963129134222E+01   -0.533730043683733246E+01   -0.513195633965034936E+01    1
    0.114769993659136593E+00   -0.504179351253250019E+01    0.129760251234586299E+01    0.669010886252513481E+00    0.148791276009414032E-01    0.107560897535698219E+01   -0.101491692918108378E+01    0.518636175620708906E-01   -0.123998205333605505E+00   -0.558602889881900239E-01   -0.932318883510370872E-01    0.960704423355288051E-02   -0.160493145881100835E+00   -0.103450194073890600E+01   -0.528875732421875000E+01   -0.515195633965034716E+01    1
    0.837926025458193002E-01   -0.177406439524558444E+02    0.128249414782820814E+00    0.176552718689410892E+01    0.127393816727518552E-01    0.188863500956936292E+01   -0.118507233870558748E+01   -0.161998760672445230E+00   -0.534780408489616477E+01   -0.197230958083016772E+00   -0.638567586375264618E-01   -0.566749231712692925E-01   -0.807687607721706002E-01   -0.107927533866485659E+01   -0.528288432529994445E+01   -0.517195633965034318E+01    1
    0.962278989145062547E-01   -0.111521187582062122E+02    0.775170393494452825E+00    0.145407870440090514E+01    0.621387539344961035E-02    0.128374575440937377E+01   -0.117327718557705407E+01   -0.314491610800550492E-01   -0.764642025327270680E+01   -0.212425242272544668E+00   -0.189923450853222819E+00   -0.664255251177278128E-01   -0.171773007782237058E+00   -0.109003770778030518E+01   -0.524374062674386199E+01   -0.519195633965034276E+01    1
    0.214366869174119484E+00   -0.187307388510516653E+02    0.101374783011522029E+01    0.172109936495156113E+01    0.684636088715828792E-02    0.165238991237866695E+01   -0.106252682773699592E+01   -0.154876112114994191E+00   -0.254393198977982316E+01   -0.188234857572744663E+00   -0.331581462411785155E+00    0.201467946024870864E+00    0.477819729935641258E-02   -0.104744014075387915E+01   -0.516753169468471008E+01   -0.521195633965034766E+01    1
    0.666537011231656540E-01   -0.116435491385660228E+02    0.145573273115184865E+01    0.785493363593119831E+00    0.504235345954244345E-02    0.190176130829618395E+01   -0.257009998850554178E+01   -0.168003170175354655E+00    0.268227703437506015E+00   -0.470019212851652685E-01   -0.170523399826448263E+00   -0.362750485653082211E-01   -0.390981029516634715E+00   -0.104347249134859288E+01   -0.511533791678292449E+01   -0.523195633965034546E+01    1
    0.932467731727394666E-01   -0.991709921064996180E+01    0.860572947727560655E+00    0.167790738793227323E+01    0.650339201173251360E-02    0.134328678547651936E+01   -0.145832724751242915E+01   -0.179878354324299938E+00   -0.584251747607412675E+01    0.537439814442032537E-01   -0.409386235390777342E-01   -0.297246148399633425E+00   -0.347507031328912142E+00   -0.118286104088086685E+01   -0.501317923409598176E+01   -0.525195633965034858E+01    1
    0.358759685231642908E-01   -0.151468965267148796E+02    0.426585429177980813E+00    0.128956549615164051E+01    0.457458987111233721E-02    0.137180480228425106E+01   -0.970823689045471672E+00   -0.227644477929421746E+00    0.383608764481930864E+01   -0.345330125392235232E+00   -0.181551867050194132E+00   -0.276989822077207348E+00   -0.319921316536716904E+00   -0.117058700293981777E+01   -0.501120213099888367E+01   -0.527195633965034727E+01    1
    0.106467720073370187E+00   -0.264857057627062424E+02    0.861984292171746658E+00    0.161149771154782773E+01    0.102017813145461114E-01    0.147053099379302732E+01   -0.142849890674965030E+01   -0.227095099931243244E+00   -0.177713789701911384E+01   -0.124918349251572414E+00   -0.150003284428955636E+00    0.683123556046442981E-01   -0.122470365276673904E+00   -0.102998548080680696E+01   -0.490993499755859375E+01   -0.529195633965034684E+01    1
    0.111342256808148243E+00   -0.259664214056011318E+02    0.965144166192581032E+00    0.161465938326723535E+01    0.104507652518757137E-01    0.154357126192899008E+01   -0.203191556293386633E+01   -0.937243799599671024E-01    0.229054726859991398E+00   -0.834407970861519160E-01   -0.748822980217730694E-01    0.320386551129496544E+00   -0.114839555412763444E+00   -0.101909882152197806E+01   -0.490066037859235504E+01   -0.531195633965034553E+01    1
    0.787779314707525297E-01   -0.128652835602233573E+02    0.104348679483158269E+01    0.197499859900062136E+01    0.266513871881797829E-02    0.171026958856857902E+01   -0.112698679058344275E+01   -0.119534553615074868E+00   -0.830189206293018245E+01   -0.466867243473966659E-01   -0.297512374162226423E+00   -0.351189064496255254E+00    0.220170424442035273E+00   -0.110312335976346954E+01   -0.481197520664760070E+01   -0.533195633965034510E+01    1
    0.940083912588207532E-01   -0.192636329873101104E+02    0.252616399887642396E+00    0.133762065957637488E+01    0.416468043970810199E-02    0.143552852145758325E+01   -0.179137355321075753E+01   -0.664882589135458724E-01   -0.238799558098415243E+01    0.197466895454875030E+00    0.294385782854144698E-01   -0.114278456515314167E+00   -0.134825127652716786E+00   -0.104069923394059449E+01   -0.464867183140346008E+01   -0.535195633965034645E+01    1
   -0.115350135654910951E-01   -0.179819286072420859E+02    0.116358859557082273E+01    0.143006650140998448E+01    0.154194284269372900E-01    0.143362635922982640E+01   -0.280913850582887825E+01   -0.654651360925531667E-03   -0.321253038640245236E+01   -0.139090272328252357E+00   -0.637442301940315398E-01   -0.165380783586733027E+00    0.252022516109644934E+00   -0.106659919557150640E+01   -0.458987481253487761E+01   -0.537195633965034780E+01    1
    0.115470849284429328E+00   -0.834484981512366275E+01    0.109018684987792991E+01    0.137237205679099761E+01    0.108204920765465167E-01    0.209994424253584988E+01   -0.278468610732271227E+01   -0.222566425549020230E+00   -0.116042895337097232E+02   -0.515544084313710904E+00   -0.297527603755266712E+00    0.158711242361173871E+00   -0.173169553773303009E+00   -0.100370002331050134E+01   -0.449625015258789062E+01   -0.539195633965034649E+01    1
    0.208199480637318968E+00   -0.811356868540815235E+01    0.127669206773583999E+01    0.155671826070094621E+01    0.109492061557996123E-01    0.145929492011508244E+01   -0.140502564126382623E+01   -0.112710478467283604E-01   -0.121530627242673326E+02   -0.481902060516762321E+00   -0.102827962141845142E+00   -0.194160844463753590E+00    0.795982537418737646E-01   -0.114734436913617754E+01   -0.441889490400041840E+01   -0.541195633965034428E+01    1
    0.653850951413041115E-01   -0.139618715508343261E+02    0.654915864199169251E+00    0.107884090733220761E+01    0.164334510623853364E-02    0.104344260305031078E+01   -0.161443767917424230E+01   -0.171210540139997425E+00   -0.121532722758779821E+01    0.178473611422342332E+00   -0.310603892315591823E-01   -0.135013199579234661E+00   -0.652493341855537867E+00   -0.103333199028225819E+01   -0.410472788129534027E+01   -0.543195633965034563E+01    1
    0.110171923006427724E+00   -0.185966344532703793E+02    0.295126148654831943E+00    0.146607027247632216E+01    0.146334172200319468E-01    0.123969801482133324E+01   -0.833459643875287481E+00   -0.249910362429204724E+00   -0.423652928024330766E+01   -0.576759024105400919E+00   -0.461515292954850567E-01    0.419079288047077836E-01    0.151577169711195614E-01   -0.109902358818477497E+01   -0.409495053972516754E+01   -0.545195633965034521E+01    1
    0.911356569789169152E-01   -0.114661635011570340E+02    0.880208535135451386E+00    0.121665760620921048E+01    0.235808757070419400E-02    0.142446967322346429E+01   -0.206184171704040775E+01   -0.127010285886326346E+00   -0.502936860900998894E+01   -0.535486446125968518E+00   -0.203477655650727562E+00   -0.459773693275170925E+00    0.140131888494568480E-02   -0.102089957016366895E+01   -0.401948738098144531E+01   -0.547195633965034389E+01    1
    0.573223795895182395E-01   -0.719261148117872651E+01    0.122674871802836361E+01    0.146378827075544948E+01    0.698482415895978169E-02    0.153629033054390995E+01   -0.168362290909966639E+01   -0.330400614645622592E-01   -0.106434329042552278E+01   -0.232954788908400268E+00    0.661523911693107647E-01   -0.278047156751379254E-02    0.331998282666441658E-01   -0.111896852408812530E+01   -0.401590211050851043E+01   -0.549195633965034791E+01    1
    0.463567737486694637E-01   -0.119078772629225718E+02    0.916365010334858510E+00    0.132054951643718299E+01    0.900380083784593603E-02    0.149470001299210375E+01   -0.124424938255718054E+01   -0.112252937715143219E+00   -0.496687036893118972E+01   -0.155254022859157598E+00   -0.172099397854338615E+00   -0.937964457820836151E+00   -0.282342376797099615E+00   -0.119657068255307975E+01   -0.394274439130510590E+01   -0.551195633965034570E+01    1
   -0.813776574062301389E-01   -0.301632681681606769E+02    0.308028691760370454E+00    0.143823883459140101E+01    0.135589149536191923E-01    0.179462536081409541E+01   -0.244550575000329573E+01   -0.154139223116704915E+00   -0.173019893609192899E+01    0.292854453006299642E+00   -0.339868665954158433E+00    0.529646989727630801E+00   -0.195443129023993606E+00   -0.112213936577863715E+01   -0.381745420183454254E+01   -0.553195633965034705E+01    1
    0.651126474012070494E-01   -0.191852030381125616E+02    0.656762335128513453E-02    0.741908655344505008E+00    0.104398330951175500E-01    0.105558457784358439E+01   -0.129260082228794948E+01   -0.160404941880563590E+00    0.416790116016176437E+00    0.127498659737142667E+00   -0.292176790527987791E-01    0.184494305081100290E+00   -0.249024668346920081E+00   -0.113038150155559514E+01   -0.381441034589494965E+01   -0.555195633965034929E+01    1
    0.706030197327619097E-01   -0.245403210834148204E+02    0.758920914306031258E+00    0.140607587498011899E+01    0.207931562664778920E-01    0.160812653412291828E+01   -0.105204314562537471E+01   -0.116578036760932313E+00   -0.119857951076471148E+01   -0.173217945405863577E+00   -0.833486470309366401E-01    0.843616630112158095E-01   -0.746684679553747815E-01   -0.109701941000008563E+01   -0.371831921168736068E+01   -0.557195633965034887E+01    1
    0.760981399149451426E-01   -0.153482521629597919E+02    0.903545801847551733E+00    0.173336109385790227E+01    0.102198039826621942E-01    0.195106881003046850E+01   -0.141327018999000287E+01   -0.818335792674396850E-01   -0.635737694218734006E+01   -0.895535454896202732E-01   -0.157302164083724383E+00   -0.556579410800874363E+00    0.791379938120495563E-02   -0.124420439100676328E+01   -0.369319616045270660E+01   -0.559195633965034755E+01    1
    0.119673218693337871E+00   -0.125324147884769541E+02    0.760273716185941972E+00    0.177320836218081923E+01    0.430073426874145407E-02    0.141695572934624292E+01   -0.139703366413506069E+01   -0.137783279311957663E-01   -0.359657161977066364E+01   -0.160259909818500301E+00   -0.745470891504777800E-01   -0.323570848560330970E+00    0.444239045479422612E-01   -0.103664248841789752E+01   -0.366932787214006684E+01   -0.561195633965034801E+01    1
    0.473308108481749062E-01   -0.149963202677765786E+02    0.105458608660292597E+01    0.963305531607905996E+00    0.990832136479423246E-02    0.811295635456883879E+00   -0.210422571838455363E+01   -0.121995216548423407E+00   -0.480924136855285411E+01   -0.106160389748022693E+00   -0.643857509738661044E-01   -0.249348802132783098E+00    0.178173113681310780E+00   -0.105334998489673581E+01   -0.357390839712960373E+01   -0.563195633965034670E+01    1
    0.129159196931009912E+00   -0.144209837123903402E+02    0.123066585232902703E+01    0.139606072104531398E+01    0.540873634448187784E-02    0.138758288324301593E+01   -0.131463720783738580E+01   -0.149611833132251126E+00   -0.129182170607987645E+01    0.686255370039686174E-01   -0.383343027209252368E-01   -0.301561442957362091E+00   -0.979515194614931084E-01   -0.103246031400729210E+01   -0.357307161603655121E+01   -0.565195633965034716E+01    1
    0.130794940041947361E+00   -0.160653573203277205E+02    0.461469936719530571E+00    0.842168731852950714E+00    0.906744544840649980E-02    0.532873707954883646E+00   -0.135846405765201772E+01   -0.117177578287781831E+00   -0.430560894824106377E+01   -0.284793484748439241E+00    0.203096718595006637E+00   -0.448257798054699230E-01   -0.490168049561959918E+00   -0.113360762470010479E+01   -0.355844851902552994E+01   -0.567195633965034851E+01    1
    0.193002651095037642E-01   -0.225271176165194724E+02    0.529723915630111453E+00    0.584403390745456219E+00    0.772621385130394314E-02    0.144763813296624932E+01   -0.100829542770586444E+01   -0.643239199835173581E-01   -0.724709985447412830E+00   -0.287087736086150680E+00    0.122195073519630604E-02   -0.600921992757900425E-01   -0.625440288765300445E-01   -0.110210876458921692E+01   -0.352336992536272309E+01   -0.569195633965034720E+01    1
    0.356411046137700763E-01   -0.142472432553852677E+02    0.146536375028429511E+01    0.106943016534580071E+01    0.758262220616658881E-02    0.126927862373342704E+01   -0.253649181503587151E+01   -0.181336489532126888E+00   -0.679474502592161755E+01   -0.466933463917450720E+00    0.411861865379890141E-02   -0.267750275730286702E+00    0.297136120682657490E+00   -0.106951416699337920E+01   -0.351381765093122223E+01   -0.571195633965034943E+01    1
    0.607971493769817392E-01   -0.139023068960963947E+02    0.779331841373984369E+00    0.153053464446385346E+01    0.929270438568521873E-02    0.849970756462463228E+00   -0.136223239985141253E+01   -0.481428551608777955E-01    0.863963132361594965E+01   -0.124526809681642633E+00   -0.247890404059392278E+00   -0.232393095776844222E+00   -0.523748992928275481E+00   -0.101227073446899341E+01   -0.348655918666294662E+01   -0.573195633965034812E+01    1
   -0.675085463377371325E-01   -0.213186204318265808E+02    0.890738476117571620E+00    0.122572297636086303E+01    0.155642044828383438E-01    0.149550691585779449E+01   -0.209838156235750350E+01   -0.166781671128082509E+00   -0.690640326243275915E+01   -0.130133218128404921E+00   -0.579930398698144389E-01   -0.121109705931632478E+00   -0.865440435831193594E-01   -0.100957780402817265E+01   -0.346958432878766754E+01   -0.575195633965034769E+01    1
    0.138945682127566417E+00   -0.141485320600742117E+02    0.105262004662643327E+01    0.138256874579523581E+01    0.760898403087064204E-02    0.117390601604171474E+01   -0.230646676073365331E+01   -0.633518885416030630E-01   -0.321578898138598568E+01    0.103465530247048770E+00    0.149820161116783562E+00   -0.137161694095653458E+00   -0.317940123962376586E+00   -0.114905005277102501E+01   -0.345660073416573654E+01   -0.577195633965034816E+01    1
    0.190336646580569313E+00   -0.974671169553410088E+01    0.860211861829133784E+00    0.158305329237278247E+01    0.773837004676229678E-02    0.118885380306361998E+01   -0.128927298758007325E+01   -0.786371803141098502E-01   -0.514619470483297725E+01   -0.190378497577174177E+00   -0.670949049779472478E-01    0.175075366041269054E-01   -0.476455332992836933E+00   -0.101775706979202973E+01   -0.339595958164760026E+01   -0.579195633965034773E+01    1
    0.121488636391095514E+00   -0.210769255357856267E+02    0.958105894803258362E+00    0.101081474058981780E+01    0.116714056342255897E-01    0.120009873847563253E+01   -0.103716116992348750E+01   -0.144489315738162399E+00   -0.440808718041997238E+01   -0.194337595380997152E+00   -0.152653263719989635E+00    0.211355986368182119E+00    0.218990960202491980E-02   -0.100247577028878920E+01   -0.333881950378417969E+01   -0.581195633965034908E+01    1
    0.320341873204415678E-01   -0.283446243456670857E+02    0.102587663589391709E+01    0.171885144630702191E+01    0.933547599797746909E-02    0.168387614218635351E+01   -0.147390736322206317E+01   -0.527962431019388251E-01    0.483649614206774991E+01   -0.291354637329653499E+00    0.392051055885460562E-01   -0.692520250472288545E-01   -0.332997765962833148E+00   -0.105582468355685499E+01   -0.329460362025669662E+01   -0.583195633965034954E+01    1
    0.709936205525123210E-02   -0.223013846930649926E+02    0.128847465698497965E+01    0.141997578175272721E+01    0.925717656652391349E-02    0.171029047912896859E+01   -0.190832336873521524E+01   -0.199788038445340904E+00   -0.331355457617154459E+01   -0.378815162929666771E+00   -0.132912446000358869E+00   -0.215336914327637380E+00    0.246318027527920869E-01   -0.102974863665970684E+01   -0.329420743669782379E+01   -0.585195633965034823E+01    1
    0.120694227704825796E+00   -0.103749768398585633E+02    0.964557245795106710E+00    0.173579901271645354E+01    0.714178203410316143E-02    0.114954091478872011E+01   -0.137014544720563936E+01   -0.118735805986373621E+00   -0.257964685720747067E+01    0.852162034499645560E-02   -0.128481492982669920E+00    0.122812842116649973E+00   -0.406558305142203980E+00   -0.102369763919777546E+01   -0.316892133440290191E+01   -0.587195633965034691E+01    1
    0.135314548099875670E+00   -0.134782617944422647E+02    0.787336982225241178E+00    0.167999598192066313E+01    0.195015570401037598E-01    0.194165042882047589E+01   -0.121974719854032410E+01   -0.233832233374129728E+00   -0.123542170892038801E+02    0.362216841891382646E-01    0.426330827861257575E-01    0.166130656940512128E+00    0.140616642744581410E+00   -0.102996693368999814E+01   -0.314464487348284027E+01   -0.589195633965034649E+01    1
    0.145480893133733857E+00   -0.131714535889355702E+02    0.763440687595058454E+00    0.161442556478139343E+01    0.900511623327061167E-02    0.177457571017286231E+01   -0.189466859124952269E+01   -0.755575176941460369E-01   -0.310861945887276914E+01   -0.550630467761226039E+00   -0.403733591864562813E+00   -0.276029990703892503E+00   -0.154363350349989464E+00   -0.100988839349658122E+01   -0.313213348388671875E+01   -0.591195633965034695E+01    1
    0.537062054065725950E-01   -0.191478497478058607E+02    0.403892384038693486E+00    0.217857010970544973E+01    0.126717128940927876E-01    0.920811363612317302E+00   -0.166408969608748381E+01   -0.172949373124664324E+00   -0.676956828656670506E+01    0.633733464187951900E-01    0.244136549336738048E-01   -0.246497024181399543E+00   -0.259775392890073675E+00   -0.107783912819848471E+01   -0.312261063711983811E+01   -0.593195633965034741E+01    1
    0.471143811627441275E-01   -0.142640121667768778E+02    0.829178760056983544E+00    0.194518908476093211E+01    0.180520044072511182E-01    0.128224028019177227E+01   -0.160732901180940835E+01   -0.270535056063685372E-01   -0.465362906838834522E+01   -0.248861806608840996E+00   -0.182508909285438170E+00   -0.495648113964819115E+00   -0.143414805121161421E+00   -0.109855451544699645E+01   -0.299741281781877777E+01   -0.595195633965034698E+01    1
    0.895765894516270672E-01   -0.169807977715709235E+02    0.169793229576955751E+00    0.884737641512078121E+00    0.188210329796934493E-01    0.145724201529050656E+01   -0.831711148897857799E+00   -0.802943038498317024E-01    0.252532183744380267E+01   -0.264358982401102449E+00    0.342101672879149624E-01   -0.341035519792566466E+00   -0.118531195537258549E+00   -0.101757545705068853E+01   -0.298531259809221527E+01   -0.597195633965034833E+01    1
    0.979858609389992752E-01   -0.147169221361538831E+02    0.646453976494306026E+00    0.992064893678136772E+00    0.799324728286628094E-02    0.166615227726497439E+01   -0.163486757273796912E+01   -0.887613882441414953E-01    0.101899208089633797E+01   -0.159352714783264460E+00   -0.163584629511748569E+00    0.847977382824374459E-01   -0.137638469565633692E+00   -0.110834497737046078E+01   -0.292947687421526215E+01   -0.599195633965034702E+01    1
    0.115340013782726236E+00   -0.159325989242931794E+02    0.495268281815695544E+00    0.171915501581687868E+01    0.758260973130328933E-02    0.131699620630321035E+01   -0.115732487375198589E+01   -0.269508846964710280E-01   -0.139368611411162657E+01   -0.567712185513560952E+00   -0.117272165732158484E-01   -0.320417639090904149E+00   -0.434822042252174940E-01   -0.107689182031550068E+01   -0.291994585309709809E+01   -0.601195633965034926E+01    1
    0.109449297034462503E+00   -0.135857742538712447E+02    0.753945549970474582E+00    0.190234584353512060E+01    0.576903076121339405E-02    0.133584852721798453E+01   -0.123686587300742667E+01   -0.551486256294545577E-01   -0.236719710922904758E+01   -0.182628821361963428E+00   -0.214218387912759961E+00   -0.230927170130359821E+00   -0.792007394767318823E-01   -0.102496488435314603E+01   -0.289937319074358246E+01   -0.603195633965035061E+01    1
    0.107284750969775786E+00   -0.145684837857185734E+02    0.574835343478344973E+00    0.117144559364464063E+01    0.199194637000024606E-01    0.722063672918037525E+00   -0.115928326432769491E+01   -0.711152733626686934E-01    0.134169015086914145E+01   -0.532267482344291470E-01    0.100958178032065360E+00   -0.142747539791954592E+00   -0.350661200146217600E+00   -0.102603461296176679E+01   -0.288057545253208724E+01   -0.605195633965034840E+01    1
    0.678643426529145638E-01   -0.212280092662554196E+02    0.705697783740657281E+00    0.110562682855144789E+01    0.165699444414573946E-01    0.176882111614995186E+01   -0.225552041703174666E+01   -0.192622029308875536E+00   -0.118339691235915030E+02   -0.520634714861871878E-01   -0.293188282489935892E+00   -0.249871145505143222E+00    0.103684073375485575E+00   -0.119137059372085163E+01   -0.286917059762137283E+01   -0.607195633965034798E+01    1
    0.119401416530683563E+00   -0.170159142765040059E+02    0.720171807784911966E+00    0.257693340217112343E+01    0.724980574108972497E-02    0.143357030594604673E+01   -0.160843466062400786E+01   -0.697994190443408657E-01   -0.516019608003968600E+01    0.107028023160340519E+00   -0.398932724730909571E+00    0.344921440154573600E-01   -0.552388147752705283E+00   -0.112302500157900575E+01   -0.284241322108677474E+01   -0.609195633965034844E+01    1
    0.370550145906815495E-01   -0.152998358919247792E+02    0.797651983402871023E+00    0.106732899027057448E+01    0.625921725992985376E-02    0.181998858598123858E+01   -0.156545124006864111E+01   -0.758786362508236112E-01   -0.584631260634081773E+00   -0.291213943160834154E+00   -0.148699235184486550E+00   -0.120663562948054082E+00   -0.301309172134107128E+00   -0.104446868424192929E+01   -0.280011858258928559E+01   -0.611195633965034713E+01    1
    0.105178104619776891E+00   -0.164722319665211394E+02    0.383409278117326058E+00    0.157105378633286108E+01    0.976126051745217216E-02    0.193291397794849762E+01   -0.183237113058775569E+01   -0.105766821340158135E+00   -0.267462955530221214E+01   -0.204541008996804968E+00    0.191172298487951031E+00   -0.800821613722373371E-01   -0.340541359592597015E+00   -0.112599201231533530E+01   -0.279285022190638932E+01   -0.613195633965034759E+01    1
    0.224084545094446613E-01   -0.207495670947035968E+02    0.675355749442780318E+00    0.158927559815511987E+01    0.302941116063703240E-02    0.179805365025099118E+01   -0.206264136360577854E+01   -0.792671967945482725E-01   -0.482252450920488318E+01    0.413772458003124122E+00    0.116503346931536522E+00   -0.487884651191542340E+00   -0.185758941541289552E+00   -0.125296949300469351E+01   -0.277839687892368881E+01   -0.615195633965034894E+01    1
    0.766183932187358141E-01   -0.134482182945985915E+02    0.937288621519854148E+00    0.119078267928004466E+01    0.301221669406658357E-02    0.176394626835174062E+01   -0.146484546428933315E+01   -0.146537147287689268E+00   -0.368059620668875320E+01   -0.167236447261807780E+00   -0.133424126479295829E-02   -0.439272366881580834E+00   -0.935073101835402209E-01   -0.108108485684339062E+01   -0.277100208827427474E+01   -0.617195633965035029E+01    1
    0.875934390941518898E-01   -0.132804176251201227E+02    0.815346274611786548E+00    0.182872347204207442E+01    0.143979785733390226E-01    0.115815150172518710E+01   -0.232994797534159837E+01   -0.109980094913401508E+00    0.242268284612017348E+01   -0.420070060799896811E-01    0.103614182564992358E+00   -0.197534308975009565E+00    0.944993557202811196E-02   -0.100314236005414670E+01   -0.276310511997767838E+01   -0.619195633965035164E+01    1
    0.694270969969572049E-01   -0.145099545044426979E+02    0.897012870391907469E+00    0.482119050665944515E+00    0.331557786820600893E-02    0.117259038525513271E+01   -0.101385874284036293E+01   -0.427859028971824609E-01   -0.185724552460535675E+01   -0.224496008312964734E+00   -0.981300385377003037E-01   -0.540251821844202063E-01   -0.204914886148139186E+00   -0.103127276850851168E+01   -0.275115639822823654E+01   -0.621195633965035210E+01    1
    0.802139992590333445E-01   -0.168032881407885029E+02    0.478452597249445111E+00    0.198167663015939000E+01    0.146131257278141052E-01    0.127752029281823654E+01   -0.158301296961909443E+01    0.435760098436013682E-01   -0.409082022780117072E+01   -0.359674725336126544E+00   -0.151455025211344407E+00   -0.387346193820286622E+00   -0.388265296699399132E+00   -0.114011149800774092E+01   -0.270245116097586502E+01   -0.623195633965034990E+01    1
    0.519447435240232985E-01   -0.144637264514231454E+02    0.913916286862992977E+00    0.145564794979148449E+01    0.984915337521449254E-02    0.165420480378408441E+01   -0.230242099275537138E+01   -0.198001462168224479E+00   -0.581814815874832014E+01   -0.935463402801938043E-01   -0.650516889593997921E-01   -0.745772838924138370E+00   -0.757651450883723099E+00   -0.130752439217677208E+01   -0.265824290684291276E+01   -0.625195633965034769E+01    1
    0.726074488296242354E-01   -0.186070446478954743E+02    0.707466019993973516E+00    0.158024551014210424E+01    0.132367311940038285E-01    0.187428433168986652E+01   -0.179144535488347589E+01    0.158486768244759102E-01   -0.273427992117376117E+01    0.623099855737570818E-01   -0.489765134684701994E-01   -0.114307000417042795E+00   -0.290072132668954819E+00   -0.110538367652475089E+01   -0.260628455025809158E+01   -0.627195633965034904E+01    1
    0.100042084586788177E-01   -0.226860292972431452E+02    0.642366566616218382E+00    0.185492305309295857E+01    0.170077648672682744E-02    0.164590616296434411E+01   -0.107627667643086999E+01   -0.453909846525095556E-01    0.131924028951342365E-01   -0.125411674611407370E+00   -0.171633930090510839E+00   -0.327859369439017723E+00   -0.221189961183631156E+00   -0.107513919813238412E+01   -0.260508946010044662E+01   -0.629195633965034951E+01    1
    0.660295271687669355E-01   -0.147365735538141607E+02    0.102211117804641005E+01    0.145644365957903177E+01    0.988486589564513234E-02    0.140990781587972935E+01   -0.148210371296028520E+01   -0.118564284896031338E+00   -0.650220180168068129E+01   -0.445479890763504915E+00    0.190383276720395428E+00   -0.585306868860608120E+00   -0.116294369854259602E+00   -0.105686627684910195E+01   -0.259393337794712631E+01   -0.631195633965034819E+01    1
    0.351368989892114209E-01   -0.154209656249666480E+02    0.933806627829266378E+00    0.157168168268416819E+01    0.777434664192790722E-02    0.142530978191539015E+01   -0.843668475002495755E+00   -0.708038503052214746E-01   -0.359277750579135624E+01   -0.503138833856363377E+00    0.191376496558769774E-01   -0.243401781895740743E+00    0.396539957541939103E+00   -0.100650653159862746E+01   -0.258737291608537934E+01   -0.633195633965034865E+01    1
    0.983196415772208121E-01   -0.116140133818910343E+02    0.104028245900894589E+01    0.159663630991344019E+01    0.546109722245942571E-02    0.130935723609660593E+01   -0.193716308762799039E+01   -0.443758441043342056E-01    0.149118144028738753E+01   -0.136913772573801995E+00    0.122724872072181523E+00   -0.233135790885993316E+00    0.234150333668452004E+00   -0.101516140390081966E+01   -0.258131245204380599E+01   -0.635195633965034823E+01    1
    0.259112329769451283E-01   -0.168002675424251038E+02    0.763476459315456935E+00    0.232672669748128857E+01    0.624070820542253421E-02    0.167839867281370281E+01   -0.178336820786868988E+01   -0.554857098130233511E-01   -0.363569094666842441E+01    0.153687545195226954E+00    0.394810454132117697E-01   -0.749017506201829775E-01    0.451890254522698820E-01   -0.103255834951509984E+01   -0.255923352922712066E+01   -0.637195633965034602E+01    1
    0.173863570884344065E+00   -0.142598750117439579E+02    0.808760516478818747E+00    0.107755771854527072E+01    0.558404383038034642E-02    0.133461521031379715E+01   -0.219763671382663262E+01   -0.919715683331466527E-01   -0.536167524386589278E+01   -0.215799091834464885E+00    0.164858899455239516E+00    0.124378047064943736E+00   -0.310972916858224924E+00   -0.105223203754069372E+01   -0.254493876865931901E+01   -0.639195633965035004E+01    1
    0.778373044162627425E-01   -0.178356959045320878E+02    0.752417526687553906E+00    0.157730175130993833E+01    0.224786941040879540E-01    0.129155030057765075E+01   -0.205416444493348616E+01   -0.556000358884444768E-01   -0.439586413902898254E+01    0.203775178353211323E+00    0.920705829666063069E-01   -0.246123662591904602E+00    0.555859994903787347E-01   -0.104667174885294845E+01   -0.248628970554896744E+01   -0.641195633965034961E+01    1
    0.806282104798787258E-01   -0.179870762908011947E+02    0.110790735596403711E+01    0.132673285406865382E+01    0.693859367667029603E-02    0.143143514093667057E+01   -0.212123896570398518E+01   -0.108831829795448004E+00   -0.451154390183357279E+01   -0.273076330282105761E+00   -0.397803730770854985E-02   -0.131227782217590572E+00   -0.448577993959750843E+00   -0.112595527718024679E+01   -0.248558126177106598E+01   -0.643195633965034830E+01    1
    0.953566061389994613E-01   -0.213166387337804117E+02    0.675219484982466533E+00    0.135702080108519341E+01    0.122436061801779877E-01    0.161863062542731240E+01   -0.204875109280016421E+01   -0.200490572443351917E+00   -0.214097894669558109E+01   -0.157366511287952732E+00    0.110464871522522851E+00   -0.220792006089103016E+00   -0.296613213587102575E+00   -0.108935789674000771E+01   -0.247953169686453689E+01   -0.645195633965035142E+01    1
    0.374651503908261033E-01   -0.208029547109202753E+02    0.940250148554968024E+00    0.912683715763658920E+00    0.143822120846322943E-01    0.137360274742198119E+01   -0.109119790372107328E+01   -0.934462191443206358E-01   -0.513724029073234334E+00   -0.812639810045693023E-01   -0.232802380661648239E+00   -0.161606530428450690E+00   -0.160585984257687941E+00   -0.105565920905643540E+01   -0.244997978210449219E+01   -0.647195633965035011E+01    1
   -0.347661321552802799E-01   -0.267279965514731970E+02    0.866502436745316462E+00    0.154015489185570309E+01    0.877290834076812319E-02    0.150423467491172169E+01   -0.213795907427852949E+01   -0.157622923080602356E+00   -0.372769187215893627E+01   -0.115378032498562710E+00   -0.605139893242884613E-01    0.271917891159367597E+00   -0.143309785664667094E+00   -0.111623797308658967E+01   -0.242273548671177474E+01   -0.649195633965035057E+01    1
    0.326150408608689990E-01   -0.189952724055835169E+02    0.321215232962809294E+00    0.179379301012341985E+01    0.931556221882206235E-02    0.186969677020767477E+01   -0.162109117496832345E+01   -0.529487092561548162E-01    0.636843056212110170E+01   -0.335455330643102845E+00    0.333506586624518098E+00   -0.262279204447251280E+00   -0.504289827015475534E-01   -0.106415672990079679E+01   -0.241918863568987152E+01   -0.651195633965035370E+01    1
    0.783510478428703361E-01   -0.189382781602068420E+02    0.276327563857235781E+00    0.126154771086836082E+01    0.117505542836579338E-01    0.197924512029612676E+01   -0.876651433319011630E+00   -0.944793371997020293E-01    0.988025884429106771E+00   -0.559408564819592613E-01   -0.520723604187108904E-01   -0.524399092172553871E+00   -0.297266606490621976E+00   -0.106062282430312638E+01   -0.241773986816406250E+01   -0.653195633965035416E+01    1
    0.618773158842599036E-01   -0.182650813813858619E+02    0.171867720175534366E+00    0.131067158960655106E+01    0.973753915361172048E-02    0.149769143632702839E+01   -0.207823733971718649E+01   -0.168992119151232467E+00    0.151096716286479049E+01   -0.154462537058225324E-02   -0.450895274685599104E-01    0.241518945741559105E+00   -0.940829666118673247E-01   -0.100240088091678503E+01   -0.241704613821847092E+01   -0.655195633965035018E+01    1
    0.650000991209558343E-01   -0.169668141250375868E+02    0.822510302773953983E+00    0.167302418780288287E+01    0.141464301553977344E-01    0.195744180101363408E+01   -0.169089993314312093E+01   -0.171412651017344930E+00   -0.483286494241627107E+01   -0.277443366636132671E+00   -0.836409110924602045E-01   -0.576575344479092533E+00    0.183241501720607658E-01   -0.103014297721917614E+01   -0.240950557163783463E+01   -0.657195633965035064E+01    1
    0.103128284014851260E+00   -0.138508537589715601E+02    0.820539391667309603E+00    0.146578957534682952E+01    0.101937725879561458E-01    0.159882942726877064E+01   -0.234589143712415282E+01   -0.668696735380449186E-01   -0.188679806763948155E+01   -0.162136704418944788E+00    0.191298335837367994E+00   -0.733418161640561894E-01    0.212238033953493277E+00   -0.111845044867914045E+01   -0.240916170392717621E+01   -0.659195633965035022E+01    1
    0.115594909992086922E+00   -0.169399467044337158E+02    0.479117164855490940E+00    0.143197486925561024E+01    0.103649580997503456E-01    0.813138649879098896E+00   -0.239070271500416487E+01   -0.595644787496057704E-01   -0.399255519689854133E+01   -0.469067874829210529E+00    0.178078437107561993E+00    0.244843410665378930E+00    0.321523640561625523E+00   -0.106816247759271388E+01   -0.231496783665248307E+01   -0.661195633965034890E+01    1
    0.757625647836443483E-01   -0.152061556265410438E+02    0.740342485707091047E+00    0.145251108516197447E+01    0.493911106768565433E-02    0.162058547245431850E+01   -0.178036159927974103E+01   -0.262389384095696010E+00   -0.469731555628472286E+01   -0.870906885132229636E-01    0.145637283626562392E+00   -0.235521306393303237E+00   -0.146153712435066391E+00   -0.106642389647751812E+01   -0.231137684413364974E+01   -0.663195633965035203E+01    1
    0.517352551396406471E-01   -0.208194038716514562E+02    0.875960889980952784E+00    0.170068453316845236E+01    0.100304225441840335E-01    0.217678601962251062E+01   -0.173989014043288370E+01   -0.393428542566563247E-01    0.382066129491533735E+01   -0.998079244809872562E-01   -0.164016366252194207E+00    0.797274958942133793E-01   -0.306323544364717315E+00   -0.105411228975503812E+01   -0.230419077192034027E+01   -0.665195633965034894E+01    1
    0.206171096154803557E-01   -0.219954216331288954E+02    0.745442100234972482E+00    0.140286933378523848E+01    0.126941346225355450E-01    0.140839380079506959E+01   -0.198822107411922722E+01   -0.489273510483740487E-01   -0.214502108922156420E+01    0.223453733994396775E-01   -0.128184907212003207E+00   -0.487732247658352880E-01    0.325648378590181364E+00   -0.100415056800233904E+01   -0.229559189932686936E+01   -0.667195633965034851E+01    1
    0.871637451789525342E-01   -0.162516834305657092E+02    0.911919333543198762E+00    0.192557079199384473E+01    0.971296333686274237E-02    0.195784988904764501E+01   -0.156016934084978054E+01   -0.573287645432870308E-01   -0.124777186742645219E+01   -0.132125807137022960E+00    0.298966976044164057E-02   -0.958481650447994410E-01    0.527676779061996559E-01   -0.101831154847081162E+01   -0.229119954790387848E+01   -0.669195633965035075E+01    1
    0.505908750859348152E-01   -0.162200380210415993E+02    0.828800358836152329E+00    0.147117981341044635E+01    0.760999752783696019E-02    0.162724068617396722E+01   -0.119337297963039202E+01   -0.920688601962253717E-01   -0.470581469337746494E+01   -0.302862778826530454E+00    0.964659449304891004E-01   -0.481115239117835936E+00   -0.214800136401831376E+00   -0.119133326307844212E+01   -0.228855623517717621E+01   -0.671195633965034943E+01    1
    0.133965993776390652E+00   -0.131036245718809354E+02    0.797691956216083797E+00    0.905112205290455996E+00    0.163157442191724511E-01    0.136393554091798674E+01   -0.142709036008878698E+01   -0.173922089944029828E+00    0.158668883251070492E+01   -0.946160723902125245E-01    0.626910945535414516E-02   -0.460948457259426347E+00   -0.623745502154164494E-01   -0.106999623646128117E+01   -0.226762390136718750E+01   -0.673195633965034901E+01    1
    0.577262013466893070E-01   -0.163734550311711580E+02    0.105513898234376047E+01    0.140093347930166234E+01    0.138711417370917627E-01    0.167225961218504104E+01   -0.196912945393074557E+01   -0.150247218743260413E+00    0.799105242894629697E+01   -0.264156980832833121E-02   -0.143163100844415747E+00    0.314122712962330575E-01   -0.241980718908629877E+00   -0.101046599789711755E+01   -0.222251142774309418E+01   -0.675195633965034947E+01    1
   -0.474121233047542640E-01   -0.239219146690271032E+02    0.735079898021999245E+00    0.144577326643768656E+01    0.744205223900890056E-02    0.157050002970784242E+01   -0.220637925485178110E+01   -0.100578505805781010E+00   -0.303111270187609394E+01   -0.974100357701341429E-01    0.534065564659467265E-01    0.147357841430046904E+00   -0.189001610940751574E+00   -0.104243957618260219E+01   -0.220795835767473481E+01   -0.677195633965034993E+01    1
    0.110099481822496917E+00   -0.216354013164742085E+02    0.122368530150037724E+01    0.153058317835372870E+01    0.128272952110186217E-01    0.131984340810273504E+01   -0.171223482428710905E+01   -0.120861939291641934E+00    0.545060051696366266E+01   -0.465940462346496997E+00    0.247902197151407905E+00   -0.514473239878865396E-01    0.261055116536781484E+00   -0.101949494822592523E+01   -0.219652802603585373E+01   -0.679195633965034951E+01    1
    0.873271450743290795E-01   -0.140772255541921112E+02    0.915236804498054557E+00    0.128998135619105003E+01    0.911636793060440105E-02    0.116594189195105247E+01   -0.182296052989345636E+01   -0.172470592580808546E+00   -0.328346270708186472E+01   -0.737159921582005578E-01    0.184232445495748381E+00   -0.246794494328958336E+00   -0.190461235925074912E+00   -0.101118856076797270E+01   -0.214870398385184158E+01   -0.681195633965035174E+01    1
    0.163841525291992668E+00   -0.121606666324468993E+02    0.927187002512790626E+00    0.118808820758680889E+01    0.260160136542305232E-02    0.137880389473893561E+01   -0.247085702359682902E+01   -0.103964285322198480E+00   -0.252178126117345025E+01   -0.234640527657583087E+00    0.104390458656850038E+00   -0.947634568677647587E-01   -0.810583992556283550E-01   -0.106792956416260565E+01   -0.214026001521519271E+01   -0.683195633965035309E+01    1
    0.705236586510402386E-01   -0.194724479650688593E+02    0.500701724480722810E+00    0.188832991454343180E+01    0.113546648115982023E-01    0.163214858026359599E+01   -0.221006245170143112E+01   -0.201188622601000955E+00   -0.580146835146633943E+01   -0.685197890891289796E-02   -0.164038042148750875E-01   -0.831257161389370225E+00   -0.198840759320146609E+00   -0.105630077568506420E+01   -0.213323293413434723E+01   -0.685195633965035089E+01    1
    0.830544846814347398E-01   -0.200975366179319579E+02    0.766022757704159951E+00    0.119338161063213510E+01    0.109697881463674853E-01    0.707027779800033285E+00   -0.160199522821671270E+01   -0.116820425650996748E+00   -0.110817623112529162E+01   -0.123190441710968768E+00    0.797041825615489030E-01    0.835521548511964640E-01   -0.683531578574912535E+00   -0.104820766490148376E+01   -0.211875343322753906E+01   -0.687195633965034780E+01    1
    0.537161547032174239E-01   -0.195433361949369626E+02    0.783288895457278755E+00    0.113310421665051009E+01    0.329278094728683874E-02    0.112426167554953249E+01   -0.135834979578216086E+01   -0.146416247726730203E+00   -0.341583847844058042E+01   -0.396981018380160811E+00    0.161643925217386103E+00    0.402371448968200374E-01   -0.190451158021009231E+00   -0.107549750139845846E+01   -0.210369546072823654E+01   -0.689195633965035004E+01    1
    0.107849078636673756E+00   -0.136505898548221580E+02    0.111367118797317732E+01    0.164067856912914345E+01    0.120963401253107034E-01    0.156368303803390463E+01   -0.150318698111344284E+01   -0.671759681832397038E-01   -0.187879995204422401E+01   -0.242543009679098281E+00   -0.668001291346646264E-01   -0.141708755598206004E+00   -0.228143154378113555E+00   -0.105280255911665943E+01   -0.209208515712193099E+01   -0.691195633965035228E+01    1
    0.915917877436850103E-01   -0.150231295483267449E+02    0.101465133399118024E+01    0.158561494179744455E+01    0.741441263837745376E-02    0.166699556687881500E+01   -0.106857011395356061E+01   -0.101234534607394983E+00   -0.458185111450755223E+01   -0.426583820942009195E+00   -0.982014606898771458E-01   -0.171250873213492805E+00   -0.275138057755915155E+00   -0.108285344117407845E+01   -0.207200213841029557E+01   -0.693195633965035185E+01    1
   -0.136387526397157288E-01   -0.225243237690423044E+02    0.661256395961008714E+00    0.102436147829676027E+01    0.904331811122755479E-02    0.153063698586008368E+01   -0.172106813763411726E+01   -0.166805940883207132E+00   -0.497280163735578729E+01   -0.716250473881905464E-01   -0.111059836610020224E+00   -0.381105259042350264E+00   -0.484572571159291587E+00   -0.107468625486255687E+01   -0.206968048640659896E+01   -0.695195633965035054E+01    1
    0.124175184004921668E+00   -0.126155367161668508E+02    0.101695332831599150E+01    0.142768705025662235E+01    0.632972378567252074E-02    0.153473198812152933E+01   -0.191429061494089403E+01   -0.119378952072703576E+00    0.299023988273430241E-01   -0.375586761503112432E+00    0.124240519947435984E+00   -0.445639513976408441E+00   -0.134097177078279228E-01   -0.106140652740373254E+01   -0.205683326721191406E+01   -0.697195633965035100E+01    1
    0.132759224352961447E+00   -0.140988774077011065E+02    0.745757213103334093E+00    0.120907261940754607E+01    0.146779426449432388E-01    0.173407976720899493E+01   -0.131080418255090425E+01   -0.283688419182815621E+00   -0.328377139349457403E+01   -0.725315266273403314E-01   -0.350790213494465430E+00   -0.290931678600375943E+00   -0.473286478901019381E-03   -0.105303969929935559E+01   -0.204128319876534592E+01   -0.699195633965035235E+01    1
   -0.549479959993710854E-02   -0.216181606980336305E+02    0.465090619464738730E+00    0.202996858295831029E+01    0.108496729533186370E-01    0.288525385432704784E+01   -0.281832370007435618E+01   -0.349286752851273308E-01   -0.167025394577201358E+01    0.821139039783359559E-01    0.419701502383876615E-01   -0.125694591370880071E+00   -0.145190510237616199E+00   -0.117488023957731924E+01   -0.201196915762765061E+01   -0.701195633965035281E+01    1
    0.123481055766867631E+00   -0.129921782877415932E+02    0.960092327493645925E+00    0.128055379756234644E+01    0.134689910408352168E-01    0.112207261813914094E+01   -0.114208352712287153E+01   -0.123211479850438871E+00    0.678450998297312591E+00   -0.386612078354214850E+00   -0.132704016666606028E+00   -0.240060169859815403E+00   -0.182691878520353346E+00   -0.101913935289513802E+01   -0.201051439557756684E+01   -0.703195633965034972E+01    1
    0.980488474206893806E-01   -0.164726775725170285E+02    0.989182390488567931E+00    0.116926000178651002E+01    0.115685521012943403E-01    0.166897873337367497E+01   -0.184977406171458036E+01   -0.834394295870212743E-01   -0.225166228969954929E+01   -0.146343042290559583E+00   -0.178794801706785217E+00    0.888203557241538932E-01   -0.113540429490155720E+00   -0.102978052176519519E+01   -0.199197210584368034E+01   -0.705195633965034840E+01    1
   -0.592637539584102424E-02   -0.250554779617528354E+02    0.100254956418322427E+01    0.145147840636165548E+01    0.652021258284097693E-02    0.145341011607475012E+01   -0.167929984466494608E+01   -0.105017084756077142E+00    0.420328589618753234E+01   -0.120888906108235022E+00    0.367954975758302757E-01   -0.254416252925066144E+00    0.446808137234829261E-01   -0.109120743868681158E+01   -0.196288667406354622E+01   -0.707195633965035153E+01    1
    0.962306455646314840E-01   -0.173892224695350315E+02    0.920332321448662505E+00    0.163047990448705526E+01    0.613474193747687475E-02    0.177997079330424124E+01   -0.114122277085092927E+01   -0.100876255608173968E+00   -0.273912841463878243E+01   -0.278687767169313982E+00   -0.211602934031575929E+00   -0.496719278873598236E+00   -0.335249982970666605E+00   -0.104791016990440133E+01   -0.195039817265101845E+01   -0.709195633965035288E+01    1
    0.145489116256425133E+00   -0.162820680832972506E+02    0.626712768327505887E+00    0.121151226449966565E+01    0.865575965864875431E-02    0.130319707355176817E+01   -0.128637930024301861E+01   -0.124816243960981288E+00    0.310170100913082836E+01   -0.103251882078818996E+00    0.214454503688193895E-01    0.203002616508561856E+00    0.167956509760505523E+00   -0.105559788031393742E+01   -0.193116487775530143E+01   -0.711195633965035245E+01    1
    0.112405522230193830E+00   -0.160162058817676325E+02    0.109881640073551434E+01    0.838595250246753632E+00    0.600715097362942724E-02    0.118314938906737077E+01   -0.177599592384506511E+01   -0.137864805310547234E+00   -0.130960188791533216E+01   -0.289456871088866641E+00    0.187874155131394299E+00   -0.319347974528342349E+00   -0.209478536720583725E+00   -0.116517143506950260E+01   -0.192910766601562500E+01   -0.713195633965035203E+01    1
    0.729885049986776918E-01   -0.190634992859416670E+02    0.354641276881422163E+00    0.100380407119529291E+01    0.243137851117221793E-02    0.145965585401042075E+01   -0.134007546305811243E+01   -0.269180117556205523E+00    0.199697212016505743E+01   -0.732319115909252777E-01   -0.333029299295487524E+00   -0.195095721884185391E+00   -0.960436705227300180E+00   -0.117854701315505150E+01   -0.191582407270159050E+01   -0.715195633965034983E+01    1
    0.664063504134524141E-01   -0.219041999989049536E+02    0.105201597514409873E+01    0.146445564730924094E+01    0.116721199775968072E-01    0.169886723802825590E+01   -0.146236610854519489E+01   -0.310228575735447987E+00    0.473671392519536827E+00   -0.110590070917844854E+00   -0.106995714188112753E-01   -0.672406919415236282E-01   -0.154654333883500306E+00   -0.104078160954645460E+01   -0.188511957441057487E+01   -0.717195633965034851E+01    1
    0.756678488205888705E-01   -0.172328912466976725E+02    0.844027728989152348E+00    0.184999321344264289E+01    0.124192639450709293E-01    0.155661562227902550E+01   -0.163471213956941108E+01   -0.175221865902951440E+00   -0.502726539226025793E+01   -0.450139828364375494E+00    0.638845172023887464E-01   -0.107480908637122452E+00   -0.311461692743895457E+00   -0.109598763231723306E+01   -0.187454591478620247E+01   -0.719195633965035075E+01    1
    0.886531176397538923E-01   -0.168405368952271530E+02    0.430739012680514732E+00    0.146117971174850880E+01    0.116262140477724589E-01    0.181523427879788457E+01   -0.155103206022446893E+01   -0.590685486653205333E-01   -0.137181468356357472E+01   -0.528589590140898652E-01   -0.118511353972862193E+00   -0.436010528063917768E+00   -0.415484172821780684E+00   -0.100724417976360470E+01   -0.185726397378104080E+01   -0.721195633965035299E+01    1
    0.997314716730722389E-01   -0.186316619343911043E+02    0.541738565713662856E+00    0.162337137324207359E+01    0.678776584512030476E-02    0.170488818547389287E+01   -0.131042154924683540E+01   -0.169067568138496882E+00   -0.211337080138773015E+01    0.705444957441575815E-01   -0.100946458740824918E+00   -0.223477745877844775E+00   -0.539984546831604739E-01   -0.102923514982038622E+01   -0.183531229836600174E+01   -0.723195633965035256E+01    1
    0.116811055876382311E+00   -0.171922011111921620E+02    0.838965903406065472E+00    0.146511946244639302E+01    0.995723362668221763E-02    0.519390684053926854E+00   -0.190947759137493644E+01   -0.845237261236595760E-01   -0.343244473897399249E+01   -0.350906039119850910E+00    0.148394066242597877E+00   -0.277642688844567664E-02    0.170670741180823815E+00   -0.110697426592497306E+01   -0.181962857927594857E+01   -0.725195633965035302E+01    1
    0.103861070313937265E+00   -0.143085236523200336E+02    0.933447270356052239E+00    0.117333880745570096E+01    0.104064695002054897E-01    0.145639736684701537E+01   -0.145114489613628495E+01   -0.214633789936967717E+00   -0.179885020492765757E+01   -0.380224303502913141E+00    0.607124950129204546E-01   -0.612226254566387462E+00    0.109709872925199681E-01   -0.116718302970924981E+01   -0.181844670431954514E+01   -0.727195633965035437E+01    1
    0.867290349950264466E-01   -0.160647155039902820E+02    0.976557593188010165E+00    0.132001707705743510E+01    0.212915502038088858E-01    0.148960856975379730E+01   -0.169039315676034607E+01   -0.339262148352363485E-01    0.373878027460197160E-01   -0.311023157743346323E+00    0.933495161521163408E-01   -0.450582961628489653E+00   -0.137170890816670693E+00   -0.102306293126266223E+01   -0.181482601165771484E+01   -0.729195633965035395E+01    1
    0.104325120221614442E+00   -0.154999821276213297E+02    0.815318962215808352E+00    0.183247430809023992E+01    0.639675094176861848E-02    0.149254101534723627E+01   -0.126395101208888239E+01   -0.906591890201096096E-01    0.155702023976097115E+01   -0.221067349180472605E+00    0.320541911227195733E-01   -0.341656944601720025E+00    0.948992061995284353E-01   -0.101653675471356997E+01   -0.180011626652308876E+01   -0.731195633965035352E+01    1
    0.132530497323697483E+00   -0.149064737886191629E+02    0.804513364116189011E+00    0.142846291947638804E+01    0.113084815030116345E-01    0.990952773003847098E+00   -0.149615223783024454E+01   -0.215675048358296206E+00    0.406606498862619148E+01   -0.179542912217771300E+00    0.103376057371527302E+00   -0.708287159341944861E+00   -0.405699046675479680E+00   -0.104166567377878194E+01   -0.178205803462437218E+01   -0.733195633965035043E+01    1
    0.162030127594477297E-01   -0.198360506472580482E+02    0.686479807800555397E+00    0.127019665627600631E+01    0.233228609462177508E-01    0.156110506146387817E+01   -0.221178137267524066E+01   -0.110695526072974115E+00   -0.174474652731830737E+01    0.101933639521112618E-01    0.148398769855706797E+00   -0.503343070425576355E+00   -0.883634718495368565E-03   -0.101977751538309125E+01   -0.178076444353376107E+01   -0.735195633965034823E+01    1
    0.275997747981658187E-01   -0.187349178856397671E+02    0.538424828853754200E+00    0.172168907378207114E+01    0.558980939664946962E-02    0.187114821028435063E+01   -0.141068391441763863E+01   -0.127309767160065174E+00    0.786789589246109955E+01   -0.838799428872785968E-01   -0.121969725763036135E+00   -0.520610237917721208E+00   -0.698324497399859023E+00   -0.102132220310302735E+01   -0.176720060620989128E+01   -0.737195633965034958E+01    1
    0.567258982533168157E-01   -0.178676508922248090E+02    0.645763461617329004E+00    0.100351421701255439E+01    0.122229761122935703E-01    0.203898346276761355E+01   -0.207201212146290237E+01   -0.138518856308205818E+00    0.171155504816941173E+01    0.588780082683174055E-01   -0.186869871211589933E+00   -0.229495901363465649E+00   -0.258471332318911284E+00   -0.101099956195720297E+01   -0.176363386426653190E+01   -0.739195633965035004E+01    1
   -0.246490754469930462E-01   -0.188815373034099494E+02    0.669069942797868578E+00    0.137143440565469810E+01    0.144278564864521036E-01    0.140930219926967348E+01   -0.202149531933353321E+01   -0.489493143081515536E-01   -0.458103319856815183E-01   -0.971632283580491085E-01   -0.152552688287744820E+00    0.357438307964113577E-01   -0.875977367389255274E-01   -0.103866963683759450E+01   -0.175908919743129188E+01   -0.741195633965035050E+01    1
    0.555941705011220103E-01   -0.187374148153877371E+02    0.395667301621054734E+00    0.186921490992067607E+01    0.680770689528882415E-02    0.160294434648187201E+01   -0.185421654900606048E+01   -0.138204879084329102E+00   -0.267099495210116356E+01   -0.460612113575107007E+00   -0.769663696928126334E-01   -0.253682415604938372E+00   -0.203334931909172512E+00   -0.103891146815458524E+01   -0.175192342485700325E+01   -0.743195633965035007E+01    1
    0.113493624096767068E+00   -0.159466442204727024E+02    0.109235146201817868E+01    0.173485824463632365E+01    0.922120691908701051E-02    0.115944242021084509E+01   -0.115177179716499944E+01   -0.119405636924007144E+00    0.465732809364670963E+01   -0.440292935785319139E+00    0.604293716236848147E-01   -0.207217049062974501E+00   -0.292126295825701932E+00   -0.128844249620059270E+01   -0.174164281572614388E+01   -0.745195633965035054E+01    1
    0.922884069933594953E-01   -0.182399556639395151E+02    0.385668758091552433E+00    0.713231945095193054E+00    0.763716354335347482E-02    0.112090189890293468E+01   -0.189654593029321417E+01   -0.840730216364341115E-01    0.121980768659993410E+01   -0.167188823406272363E+00    0.396658390844990480E-01   -0.515965651828776684E-01   -0.548168629937584861E-01   -0.104426096894452969E+01   -0.173398603711809440E+01   -0.747195633965035100E+01    1
    0.239115650880912106E-01   -0.194945930787736899E+02    0.750386322673050055E+00    0.121423995299074594E+01    0.123467659640794161E-01    0.844465378029351177E+00   -0.111275731907062569E+01   -0.385237329766681680E-01    0.928165776202481574E+01   -0.194165494402445266E+00    0.137696158581235073E+00   -0.165486139972648494E+00   -0.142447307428265418E+00   -0.101894870091092082E+01   -0.172375243050711502E+01   -0.749195633965035235E+01    1
    0.716182683451295210E-01   -0.172100213672690927E+02    0.786006631912664733E+00    0.146221050810128395E+01    0.477009776654730225E-02    0.148874798734317437E+01   -0.249228821634058928E+01   -0.975779496547018177E-01   -0.323405967173204179E+01   -0.249683989341518614E+00   -0.663055460197201491E-01    0.212340124706174582E-01   -0.172754243173744992E-01   -0.111250828553894254E+01   -0.169777747562953407E+01   -0.751195633965035281E+01    1
    0.102762535347991749E+00   -0.178573695442393507E+02    0.386600787781403166E+00    0.164230239429867941E+01    0.107178460408786855E-01    0.161408626706874281E+01   -0.163442324848755605E+01   -0.199648893256646309E+00   -0.279900246652089457E+00   -0.234062014194854895E-01   -0.139142694726256400E-01    0.268365142736468498E+00   -0.259690304702174468E+00   -0.103572913081577522E+01   -0.168551213400704514E+01   -0.753195633965035150E+01    1
    0.278771789809264953E-01   -0.206517548642447188E+02    0.739261101641475182E+00    0.868562899730369042E+00    0.119084365253980442E-01    0.161996600528470514E+01   -0.126667018822128874E+01   -0.130540871714671158E+00   -0.278069789231812914E+01   -0.902834703962618612E-01   -0.225122033634725688E+00   -0.270657854292635225E-01   -0.478426765413887845E+00   -0.102747492015073272E+01   -0.165018871852329796E+01   -0.755195633965035285E+01    1
    0.129588262347058586E+00   -0.177883702358563944E+02    0.527374288985336115E+00    0.149257809871859837E+01    0.111032705222599004E-01    0.173540533670260233E+01   -0.997181282563811666E+00   -0.302074806831153841E+00   -0.690785744891648790E-01   -0.838562560337931112E-01   -0.227410103016047860E+00    0.282201058277410599E+00   -0.200781509442335054E+00   -0.102456951355379711E+01   -0.164238643646240234E+01   -0.757195633965035242E+01    1
    0.330821934091553305E-01   -0.181948500887377449E+02    0.652615758628793396E+00    0.128024158369939922E+01    0.117907001480691588E-01    0.114655993221046848E+01   -0.216955111802130274E+01   -0.459904957534104306E-01    0.820681101373308053E+01   -0.381090615208698025E+00    0.518378419147109346E-01   -0.626336847632360527E-01   -0.561124025274713834E+00   -0.103673900259948226E+01   -0.163261754172188889E+01   -0.759195633965035110E+01    1
    0.102810129890354596E+00   -0.160831899831003931E+02    0.783867968134319026E+00    0.124625011255262441E+01    0.659432937343227502E-02    0.137775873358510204E+01   -0.147688626173809290E+01   -0.388753098629691152E+00   -0.918912501384429348E+01   -0.132571582214960043E+00    0.213830426891302924E-01    0.226902317952066002E-01   -0.680870059126333776E-01   -0.117724236839312657E+01   -0.163164166041782921E+01   -0.761195633965035423E+01    1
    0.552331618864607826E-01   -0.172061785777382426E+02    0.625784049956920274E+00    0.107447847613383307E+01    0.197018567436313824E-01    0.965195575648683524E+00   -0.121537152123902148E+01   -0.157678920836094250E+00   -0.207037739700853685E+01   -0.125807846001854823E+00   -0.708472159331648560E-01   -0.542644205621178655E+00   -0.101641690592333800E+00   -0.102345843184875918E+01   -0.162776538303920204E+01   -0.763195633965035558E+01    1
    0.702283610493476540E-01   -0.192609191394732981E+02    0.100544148899967922E+01    0.100304009086950163E+01    0.821764813536885255E-02    0.135295320816074538E+01   -0.151756081720665592E+01   -0.261725634680769148E+00    0.357822267371696201E+01   -0.332162317503197912E-01   -0.601879526187831526E-01    0.155517640027534626E+00    0.241940276770685192E-01   -0.100361125244438742E+01   -0.162760135105678017E+01   -0.765195633965035427E+01    1
    0.111830898588864788E+00   -0.154685388955716796E+02    0.972264637957237499E+00    0.199330807945787436E+01    0.922544086398826776E-02    0.149786906237430806E+01   -0.163954109072401066E+01   -0.281181308623489223E+00   -0.644330344916432018E+01   -0.296590352244510691E+00   -0.895514215558067261E-02   -0.525611708791235421E+00   -0.152223642410002580E+00   -0.104361141225935494E+01   -0.162533160618373329E+01   -0.767195633965035118E+01    1
    0.888582931339825799E-01   -0.168275275537581344E+02    0.986979872400726599E+00    0.136828849638821004E+01    0.173024003234950874E-01    0.877924382419929317E+00   -0.128838288422398772E+01   -0.215250636092890579E+00    0.173582054111490036E+01   -0.241826672547833688E+00    0.895852919292010608E-01   -0.247265566493494071E+00   -0.303601683480755780E+00   -0.102051068820907931E+01   -0.162389905112130295E+01   -0.769195633965035253E+01    1
    0.976388491162724637E-01   -0.164391545307590370E+02    0.769384555785423863E+00    0.186371613676911152E+01    0.722951480641768895E-02    0.146553382168972557E+01   -0.185869052332115148E+01   -0.816899763058910461E-01   -0.207577888447271208E+01   -0.107309587420657188E+00    0.666592745371402673E-02    0.657309698157448608E-01   -0.252698587816640452E-01   -0.106384894275554620E+01   -0.161090115138462608E+01   -0.771195633965035210E+01    1
    0.134729334524692851E+00   -0.154190734477964000E+02    0.996605588429782085E+00    0.805203271986007163E+00    0.108517015785696593E-01    0.125092349158218452E+01   -0.112950208430646692E+01   -0.224390181090094981E+00    0.604234343857594780E-01   -0.537181073266739362E+00   -0.656516463508369508E-01    0.249828830499198573E-01   -0.408249068414309357E+00   -0.115066631318362944E+01   -0.160446752820696159E+01   -0.773195633965035167E+01    1
    0.617368804667595694E-01   -0.210233887253752449E+02    0.520499209366401927E+00    0.108058065135364578E+01    0.161545294925255767E-01    0.165985753229927924E+01   -0.148386289013711603E+01   -0.150468170109580524E+00   -0.222869368808514867E+01    0.255296693118846063E+00   -0.241038031655055829E+00    0.319450125353478387E+00   -0.735676341811849488E+00   -0.112564742459301592E+01   -0.159194864545549675E+01   -0.775195633965035391E+01    1
    0.106191430478620730E+00   -0.160581312806976300E+02    0.104386895464923213E+01    0.144970536315413723E+01    0.113870251402400091E-01    0.132180391285887899E+01   -0.139383787553326099E+01   -0.435366816801343176E-01    0.562152081323155528E+00   -0.501885243327442887E+00    0.132703607879017971E+00   -0.365679544289477132E+00    0.350264128400807451E+00   -0.100517685570708837E+01   -0.158715084620884483E+01   -0.777195633965035348E+01    1
    0.245173223465972451E-01   -0.188070624049197939E+02    0.718891754377387060E+00    0.189091903579739773E+01    0.816447837994134853E-02    0.162759688831889937E+01   -0.149810119586139545E+01   -0.927643917303641458E-01   -0.260475197340648590E+01   -0.606312705329725282E-01   -0.135564076540384382E+00   -0.134899178737818981E+00   -0.483117789671684394E+00   -0.102820831523242950E+01   -0.158160141536167687E+01   -0.779195633965035306E+01    1
    0.155057481907273115E+00   -0.157714910659652787E+02    0.766054113927667868E+00    0.138961065039069354E+01    0.134981680168156995E-01    0.187304728882786686E+01   -0.174250822533088812E+01   -0.118993244902885098E+00    0.803549710719682064E+00   -0.165506394142850122E+00   -0.876164713491167507E-01   -0.332285274112721074E-01   -0.244340811654655099E+00   -0.109902779001398820E+01   -0.157703685760498047E+01   -0.781195633965035174E+01    1
    0.132760315465488332E+00   -0.143705423038929041E+02    0.891349429964916284E+00    0.124390980676866603E+01    0.841284925042846618E-02    0.114861517600343865E+01   -0.104948580545950310E+01   -0.277019784951988424E+00   -0.415659394892467837E+01   -0.331563715577274765E+00    0.365360679527613821E-01   -0.245981148844391956E+00   -0.262977829036593946E+00   -0.106138576567707799E+01   -0.156586115700857986E+01   -0.783195633965035132E+01    1
    0.137248438809143808E+00   -0.173451606900072051E+02    0.475219361898261750E+00    0.167904549045194962E+01    0.161489351004664473E-01    0.186423177154231445E+01   -0.184120124995214129E+01   -0.114386894255164323E+00    0.745797392589508945E-02   -0.125665913226931519E+00    0.126748896647023573E+00   -0.215227683269301223E+00   -0.802180118999040459E-01   -0.105422855745109367E+01   -0.155397714887346550E+01   -0.785195633965035533E+01    1
    0.584673161718141932E-01   -0.185902651568500552E+02    0.920672991108278715E+00    0.176137809806057910E+01    0.161958730676055457E-01    0.136448197538424187E+01   -0.181526881111557747E+01   -0.538830709108778991E-01   -0.643539230551533947E+00   -0.646356387600621196E+00    0.188137529764251438E+00   -0.167170914558193939E+00    0.673013829823071730E-01   -0.100328464566032993E+01   -0.154853493826729904E+01   -0.787195633965035579E+01    1
    0.611129905424270328E-01   -0.179065743624425551E+02    0.720519910829530819E+00    0.114757561260961483E+01    0.131560545337064926E-01    0.108129134729147180E+01   -0.123099702764252261E+01   -0.109116945396365739E+00   -0.280669078830261176E+01    0.133031958665197347E-02   -0.931276167615431583E-02   -0.792953802580853018E+00   -0.484275144022708104E+00   -0.105337339646342687E+01   -0.154569312504359657E+01   -0.789195633965035537E+01    1
    0.119310584824649152E+00   -0.152002782788722790E+02    0.801252199332640913E+00    0.988732928058562055E+00    0.843201560517925844E-02    0.125951163348913031E+01   -0.853762449717474059E+00   -0.631796014151943114E-01   -0.233858720043804702E-01   -0.119366360104203567E+00   -0.277640670795915173E-02   -0.145875479829093657E+00   -0.230092219990268854E-02   -0.100328397205053310E+01   -0.152989019666399284E+01   -0.791195633965035583E+01    1
    0.446666673584704549E-01   -0.219437617182659501E+02    0.873460532816066282E+00    0.154252235781950553E+01    0.851041375633431255E-02    0.110809393747285068E+01   -0.183248548085321272E+01   -0.185806105036635139E+00    0.198710176897423096E+00   -0.385323850413183122E-01    0.708734950630811877E-01   -0.279393280040335201E+00   -0.223452198810103642E+00   -0.115098734828726057E+01   -0.151528276715959831E+01   -0.793195633965035185E+01    1
    0.735122617475633816E-01   -0.189535715689612090E+02    0.720814195372922795E+00    0.108388825047699910E+01    0.103455089916859692E-01    0.149324144473985276E+01   -0.222305827435597525E+01   -0.135090156934371070E+00   -0.356969295436398637E+01    0.618612984847378145E-01   -0.522636408165327165E-02   -0.110136700241025162E+00   -0.653986262130260426E-01   -0.111655676351683764E+01   -0.151257705688476562E+01   -0.795195633965035142E+01    1
    0.481559656543115513E-01   -0.179774017912674786E+02    0.632585250153313905E+00    0.128283929896828197E+01    0.761978700088806332E-02    0.153443073896268634E+01   -0.170912085662261082E+01   -0.164268415481819002E+00    0.519988620625606046E+01   -0.205944122994635714E+00    0.508271153994342695E-03   -0.483832573284854073E+00   -0.106118489376347686E+00   -0.105660724220070334E+01   -0.150478485652378624E+01   -0.797195633965035189E+01    1
    0.787701897143612551E-01   -0.190411135689082549E+02    0.668119887596036466E+00    0.175698817365086835E+01    0.105346620813406826E-01    0.199262577939729502E+01   -0.167254450122898102E+01   -0.197049025723206150E+00    0.510498081348566224E+01   -0.144520877959794847E+00   -0.418133788519128635E+00   -0.161280163151280131E+00   -0.206874709471602303E+00   -0.100800115760289022E+01   -0.150355488913399826E+01   -0.799195633965035235E+01    1
    0.109728186432048153E+00   -0.179976920385355967E+02    0.700321104311090736E+00    0.164828280162253660E+01    0.898865804491347405E-02    0.118116120078190723E+01   -0.152078341097362046E+01   -0.125498489847123917E+00    0.366762450691256925E+01   -0.372393095713603128E+00    0.191236969775644555E+00    0.190686913005782860E+00   -0.198225158398049328E-02   -0.108544456204089368E+01   -0.150353595188685829E+01   -0.801195633965035192E+01    1
