    0.193968113257447713E-01    0.953100272587367514E+00    0.139432200092347802E+00   -0.227685979152490106E+02    0.642593517838998873E+00    0.114456285039856143E+01    0.529360456965435530E-02    0.591282600285011894E+00   -0.185771767166066848E+01   -0.534236673737997630E-01    0.172084586830859765E+01   -0.248785335274833708E+00    0.315591380630147120E-01   -0.281577486995753190E+00   -0.164188365534485181E+00   -0.105983282763154452E+01
    0.191047059336578312E-01    0.943448271070207900E+00    0.985469276122490911E-01   -0.202886635222914613E+01    0.131694980355743074E+01    0.101940173725918903E+01    0.886513117924682403E-02    0.620263516175411533E+00   -0.127777239860742231E+01   -0.178096649326246192E+00   -0.326950778958349053E+01    0.856782939529276422E-01   -0.128242122921329860E+00   -0.666719138366313913E+00   -0.592078956038636917E+00   -0.104770252454347879E+01
    0.187503453229871664E-01    0.940893309456961480E+00    0.170014235616137821E+00   -0.379419218586634344E+02    0.553678826162234516E+00    0.952638368771858257E+00    0.833906037772784263E-02    0.138359735697877517E+01   -0.269134572685880258E+01   -0.185205044314503686E+00   -0.429180472936963664E+01   -0.416036570547819062E+00   -0.235285938045745296E+00   -0.305038863419428929E+00    0.646152038119002792E-01   -0.103546845875378368E+01
    0.183948765845086612E-01    0.939173289707728842E+00    0.341635500362427666E-01   -0.218054166455932190E+02    0.133590939211290460E+01    0.165238472590871188E+01    0.234530346395382585E-02    0.124138874110744535E+01   -0.179618745938908719E+01   -0.115495545049288301E+00    0.721158135061541472E-01   -0.429919791326067613E+00   -0.254126982382818389E+00   -0.975959224853723828E-01   -0.404824951498433394E+00   -0.105929605494865431E+01
    0.180355632224162982E-01    0.938626561846051866E+00    0.169080621169574785E+00   -0.155501751266448291E+02    0.386093766978384823E-01    0.131390396099539197E+01    0.195188992839209503E-02    0.955707760739908263E+00   -0.261355046821310921E+01    0.150755522464082886E-01   -0.110901262032132397E+02   -0.291465241921697982E+00    0.981046549450530214E-02   -0.369115815978934836E+00   -0.307109172688684151E+00   -0.107648766992613121E+01
    0.176840960138799214E-01    0.937986237662179145E+00   -0.346335928074048699E-01   -0.267419119078005423E+02    0.206194214043487145E+00    0.144169204996799571E+01    0.116132865164435585E-01    0.151973616560557856E+01   -0.216875656847936416E+01    0.691158248194238545E-01   -0.717967746662211947E+01   -0.348885579336387253E+00    0.793187349259704966E-01   -0.216607248180111789E-02   -0.274631483576541324E+00   -0.106940989730512981E+01
    0.173351342507046501E-01    0.937847001211983833E+00    0.909194699670477641E-01   -0.131777136775486561E+02    0.301201878960669467E+00    0.140353525513566790E+01    0.129385176655825024E-01    0.930884638591039315E+00   -0.120595224204491691E+01    0.903156273480314187E-02    0.871468300218396497E+00   -0.850221897048284714E-01   -0.137838088272132092E+00   -0.434688615894245345E+00   -0.175984120436922575E+00   -0.113562814081046737E+01
    0.170043514366007981E-01    0.936379092080252495E+00   -0.110875447439652830E-01   -0.273310246983389362E+02    0.366159980043407163E+00    0.181617889161108126E+01    0.119478762499666564E-01    0.123562014865507108E+01   -0.138650889112095754E+01   -0.216444044435246619E+00   -0.460600436396092672E+01    0.148309885114616652E+00   -0.153426304482767673E+00   -0.532032855615354183E-01   -0.541451862747463625E-01   -0.101145658850828601E+01
    0.166859666736355328E-01    0.934181553976876411E+00    0.678011084647337642E-01   -0.258429043798856881E+02    0.413170381720705526E+00    0.828387046444445052E+00    0.110522638035990516E-01    0.175637213008765380E+01   -0.231048804169741562E+01   -0.177712996136901641E+00   -0.738028416146647714E+01    0.642211291922724636E-01    0.289571702202913117E+00    0.940277628287328193E-03   -0.248777418251560023E+00   -0.104300702184928595E+01
    0.163700196607772588E-01    0.932414463588169595E+00    0.170800912596165921E+00   -0.115890546062215023E+02    0.350411445617944739E+00    0.369654241778142545E+00    0.181966650661343904E-01    0.119362731301014269E+01   -0.165129283387844494E+01   -0.215400057133021933E+00   -0.516206603452843993E+01   -0.183443343830912237E+00   -0.237523201003634436E-01    0.262570225493680587E+00    0.282061077615481937E+00   -0.110752912389254399E+01
    0.160476554910926675E-01    0.932192121233258897E+00    0.102713822289537279E+00   -0.228795509074849939E+02    0.710263382763682505E+00    0.101688387498941424E+01    0.142758834089872846E-01    0.179597702084246702E+01   -0.193928834108940484E+01   -0.184654008689824289E+00   -0.569812147915123024E+00   -0.183397702607735413E+00    0.170134748295106344E-01   -0.298130247550859373E+00   -0.362367337371296006E+00   -0.109766847320577288E+01
    0.157301151057881415E-01    0.932163579123360786E+00    0.850226738429066542E-01   -0.199565664040105553E+02    0.499256703202773933E-01    0.212412022629747321E+01    0.198710416129341608E-01    0.198012812215708500E+01   -0.169871718246027048E+01    0.108610925148392573E-01   -0.176031467077013959E+01    0.153711177141349548E+00   -0.631293556495722691E-01   -0.841012062885181239E-01   -0.710523227026415238E+00   -0.102331989298667758E+01
    0.154210648930321274E-01    0.931848798479352647E+00    0.110443763155285535E+00   -0.121944123821095793E+02    0.107627693229002230E+00    0.983177128949081713E+00    0.108000877678879718E-01    0.186558294366567967E+01   -0.252601551868779817E+01   -0.789743930526591448E-01   -0.458736369269286737E+01   -0.368894696196599425E+00    0.178812314790943380E-01   -0.546291568561882435E+00   -0.595858990517443510E+00   -0.103847318511673947E+01
    0.151233778055320858E-01    0.930834157126290473E+00    0.787283778591317956E-01   -0.262638648193567050E+02    0.140502133211370461E+01    0.154252464774886056E+01    0.105234482820907062E-01    0.243332529212792359E+01   -0.114472829099725093E+01   -0.209474424457250286E+00   -0.470538473460838436E+00    0.333195750017045711E-01    0.620740800758695019E-01    0.573944191397836312E-01   -0.696639623682932640E+00   -0.103204670570635559E+01
    0.148251584806069828E-01    0.930666378566196939E+00    0.181894132959601468E-01    0.293994477376213226E+01    0.793021634777014484E+00    0.956019824687748043E+00    0.129803149427999975E-01    0.160791900256729203E+01   -0.198307475125605981E+01    0.177604135131222279E-01   -0.372290351402254860E+01   -0.362184019579621541E+00   -0.155065311058204369E+00   -0.414611635942972290E+00   -0.356940223669474310E+00   -0.107408348487699823E+01
    0.145403038889506848E-01    0.929468904222760850E+00    0.601145308260650005E-01   -0.288907193696523912E+02    0.173510984105126498E+00    0.256829107642491206E+01    0.996431040947244953E-02    0.167825814554537711E+01   -0.150496148142010111E+01    0.147468194059516833E-01   -0.925809444680604443E+00   -0.426776077294350742E-01   -0.118604133856959698E+00    0.116784219074728551E+00   -0.944214511690815161E-01   -0.104397499210339872E+01
    0.142528851302415605E-01    0.929398945399693033E+00   -0.812452784765891195E-01   -0.282061286666989908E+01    0.123590932688978361E-01    0.134734262971656094E+01    0.163197405884817973E-01    0.171749959128780527E+01   -0.103584698962792165E+01   -0.686971943622366188E-01   -0.763282675506546759E+01   -0.376960336145507113E+00    0.156427758176114068E-01   -0.116979249065433999E+00    0.167566197824985941E-01   -0.128060952659271332E+01
    0.139767768537978031E-01    0.928523336138044053E+00    0.578144409861882855E-01   -0.390845641355131050E+02    0.101193225784608076E+01    0.145979212754828724E+01    0.134040187699186481E-01    0.153273353642083210E+01   -0.132735933813106532E+01   -0.221458033807829247E-01   -0.291083334477353173E+01   -0.172323426339013264E+00    0.180223686106928349E+00   -0.420772391226690523E+00    0.408287638522400187E-01   -0.102580705046455289E+01
    0.137041894121886516E-01    0.927914483206612739E+00    0.533910054374301807E-01   -0.325620658166284471E+02    0.786799313528549371E+00    0.120918751377637079E+01    0.826047753843345452E-02    0.163627455054761461E+01   -0.165153964320094793E+01   -0.810768194625246102E-01    0.156893944262533669E+00   -0.314267883089311417E-02    0.448140936257201764E-01    0.607866773672199878E-02    0.862821636996516650E-01   -0.107163622691371452E+01
    0.134345349363579544E-01    0.927660397120884439E+00    0.115233105047276546E+00   -0.120918647501788925E+02    0.100115327897593565E+01    0.887681838213787544E+00    0.926673661938275106E-02    0.136520351183459310E+01   -0.153017961880354769E+01    0.212974940089492581E-01   -0.325834443098723492E+01   -0.122851307655471975E+00    0.323683247562176424E+00   -0.435117229052838395E+00   -0.703205255475677499E-01   -0.100552429779780583E+01
    0.131694005174061487E-01    0.927525656563895073E+00    0.174434780616034041E+00   -0.220102762086545312E+02    0.890319154996413120E+00    0.180382312007351242E+01    0.115106148582773335E-01    0.155628684358854241E+01   -0.177180286428567091E+01    0.156007935493840955E-01   -0.347512621656072440E+01    0.545036700786066808E-02   -0.109101870687683650E+00    0.140829040677998812E+00   -0.138635369152419946E+00   -0.100392695460832937E+01
    0.129167089737126945E-01    0.926274163382393989E+00    0.240524586967757609E-01   -0.199457379925853502E+02    0.503860370562195015E+00    0.128820246080956191E+01    0.138136149997694479E-01    0.198157709332403198E+01   -0.256160963009538767E+01   -0.661902740495639158E-01   -0.523107987070070646E+01   -0.297942743101034524E-02   -0.307978018151162825E+00   -0.272992433604654805E+00   -0.264614743869746039E+00   -0.102915874983781386E+01
    0.126665102539433704E-01    0.925394603184291342E+00   -0.264004759669961842E-01   -0.551698290256655177E+01    0.659752330413752697E+00    0.174149784933984009E+01    0.168726972566282246E-01    0.130852470605343996E+01   -0.241831200478234010E+01   -0.127384110728253230E+00    0.218710474053359860E+00   -0.353304027873890952E-01   -0.249608256787574784E+00   -0.190867072426406187E+00   -0.267687823976598516E+00   -0.100157314383556195E+01
    0.124223188601134300E-01    0.924328122820172959E+00    0.699596897876744173E-01   -0.347220924001897373E+02    0.671210064338244261E+00    0.827190033443342410E+00    0.129901656102587981E-01    0.214912957541620742E+01   -0.230695243627053781E+01    0.194076053883950883E+00   -0.846632978481733467E+01   -0.286898965595854094E+00   -0.123634092676810886E+00   -0.154270946417548183E+00   -0.483188012868241479E+00   -0.108759985734411635E+01
    0.121768480984479691E-01    0.924244744437081489E+00    0.109187437266617393E-01    0.562104891633380532E+01    0.145979271566978275E+01    0.165950417626126301E+01    0.134038073265452598E-01    0.143290188468033897E+01   -0.982444889334147531E+00   -0.121439444256647433E+00   -0.586130467362999319E+01   -0.662362406604970755E-01    0.159892886676094276E+00   -0.307471491221859516E+00   -0.537017452618367197E+00   -0.101705091743825737E+01
    0.119388321604602578E-01    0.923725060054234048E+00    0.761960070605602335E-01   -0.179714239456873841E+02    0.865388713460450876E+00    0.179697667802989303E+01    0.182787212329759592E-01    0.176896930062572055E+01   -0.122039110432609421E+01    0.554293694758874189E-02    0.887219038986758246E+00   -0.197581187299724820E+00    0.176056208146672638E+00   -0.115485568560598648E+00   -0.143018293020099940E+00   -0.102365582389148679E+01
    0.117055974002529279E-01    0.923183373042515298E+00    0.132269975728394273E+00   -0.189305824933090427E+02    0.584377472918100604E+00    0.126145848240203562E+01    0.724544637709960762E-02    0.166187368938829083E+01   -0.150511464844838816E+01   -0.180018224508805530E+00   -0.978152925189376887E+01   -0.180954004836367810E+00   -0.299759564743407425E+00   -0.845328662324419111E-01    0.655435683959410542E-01   -0.100247709590698730E+01
    0.114750260900754932E-01    0.922971589224679145E+00    0.238883592753155044E-01   -0.284388492217962288E+02    0.846754746124190882E+00    0.194191077915360322E+01    0.119807820275208751E-01    0.780808083914890205E+00   -0.134200620846544516E+01   -0.132932996706563805E+00   -0.783643065747481948E+01    0.986860621219387835E-01   -0.117199289347451496E+00   -0.291456344634385300E+00    0.885613065016210288E-01   -0.106882240670999740E+01
    0.112494504926233616E-01    0.922679083687918511E+00    0.178418719987897406E-01   -0.274775154681462226E+02    0.126933439920584501E+01    0.192894631555991047E+01    0.139607452296635348E-01    0.252973675470944759E+01   -0.175567722374380608E+01   -0.746174230270179734E-01   -0.264836324398305489E+01    0.416654686048044121E-01   -0.243274581638479065E+00   -0.374702517238911625E+00   -0.589497985739588559E+00   -0.104074065133177918E+01
    0.110333271994606658E-01    0.921476772853306314E+00    0.534180176217924629E-01   -0.228677114649893269E+02    0.107741788704505748E+01    0.227998423216297486E+01    0.151857168066093645E-01    0.207156741414476420E+01   -0.121186427418619336E+01    0.990215266872374045E-03    0.602447333339442004E-01   -0.231668114432592165E+00   -0.194089259350060633E+00   -0.168665553428813592E+00   -0.368797550406210095E+00   -0.103954235063849021E+01
    0.108171083356488583E-01    0.921059676579066733E+00    0.144175550832639082E+00   -0.864729830252991860E+01    0.663050200235262177E+00    0.147014559741326289E+01    0.159735918778402888E-01    0.171695456209722641E+01   -0.190208442095311403E+01   -0.676492405236907290E-02   -0.770613104798990811E+01    0.286088299958934922E+00   -0.180764462388571218E+00    0.586878203207935600E-02   -0.218940153724980546E+00   -0.116244520521971095E+01
    0.106060702069010748E-01    0.920464651925223198E+00    0.116757113004536034E+00   -0.147021861055975087E+02    0.658653278866392689E+00    0.105244733022717174E+01    0.231817019738696090E-01    0.192246360672566130E+01   -0.114323050565514839E+01   -0.580628392090700579E-01   -0.901138683137901353E+00   -0.428937344158098477E+00    0.246027904098654965E+00    0.142407204957570865E-01    0.846755835496725007E-01   -0.116031898354941587E+01
    0.103969404941445867E-01    0.920294489179338759E+00    0.567355098076705311E-01   -0.166266933300349748E+02    0.947919628646345158E+00    0.180435202544124618E+01    0.215271571128706901E-01    0.207348883530065109E+01   -0.130136265485805547E+01   -0.834059623043593296E-01   -0.449084118419478706E+01   -0.348090245999982173E+00   -0.580407445784756476E-02   -0.424581087447128969E+00   -0.495600137870738783E-01   -0.110669340357037438E+01
    0.102030571087075566E-01    0.917942864554268989E+00    0.436254217975310804E-01   -0.174035484844465032E+02    0.801007429794137638E+00    0.126389272388930340E+01    0.112298706741432615E-01    0.175413151388645283E+01   -0.995005435057997212E+00   -0.523532299581260033E-01   -0.297688413605254931E+01    0.315875456302060764E-01    0.373152047833530467E-01   -0.232095357677216341E+00    0.741852801859154976E-01   -0.104894700212185965E+01
    0.100022316798818144E-01    0.917701176234653970E+00    0.976149442277975815E-01   -0.165846140252616578E+02    0.706345285104874820E+00    0.130517267764083345E+01    0.102057429871593684E-01    0.195438964716936714E+01   -0.125030442111596574E+01   -0.199679558942714080E+00   -0.444720493433187603E+01    0.271590999242276032E-01    0.214346191218908660E+00   -0.410810978636280577E+00   -0.239947007283528108E+00   -0.105773043983983372E+01
    0.981004543569711368E-02    0.916503838130405923E+00    0.113535594087170455E+00   -0.148254109232374276E+02    0.110247686995371907E+01    0.158180379432667095E+01    0.104598776490250570E-01    0.134645776603127576E+01   -0.174362447694277645E+01   -0.269714638080000957E+00   -0.244494486085371499E+01   -0.212476171902324651E+00    0.117504080705686881E+00   -0.427025845186564057E+00   -0.303093534049480640E+00   -0.112498702517897353E+01
    0.961688419787823552E-02    0.916276999882289389E+00    0.568119107722200312E-01    0.265460397202206622E+01    0.693082421236182911E+00    0.192257328662567883E+01    0.153252535464176842E-01    0.958912661653778420E+00   -0.257009678605910308E+01   -0.124516307095626833E+00    0.220091562261705231E+00    0.287333114759194430E+00   -0.205211079321159701E+00   -0.610174659491386273E+00   -0.583810871463365383E-01   -0.114406818704528535E+01
    0.942958641244484759E-02    0.915613174438476562E+00    0.177676795332032178E+00   -0.143399630885406193E+02    0.100057039748324006E+01    0.189067863416339899E+01    0.128520033127615015E-01    0.167780304330268737E+01   -0.136651561767251462E+01   -0.884800461248329562E-01   -0.356384914353551219E+01    0.205933129212494043E+00    0.170367101832754220E+00   -0.674319291822662592E-01   -0.786119266814445883E+00   -0.104375685071345869E+01
    0.924587186870598834E-02    0.914963313511439780E+00    0.158708031476769540E+00   -0.193528608832166071E+02    0.573325572202148748E+00    0.191495279989365597E+01    0.102883966227333579E-01    0.105839685283370333E+01   -0.100871129212302479E+01   -0.681289875090100305E-01   -0.209225522478438553E+01    0.145319078376223848E+00    0.261913625771051151E+00    0.231670431466199922E-01   -0.597253158918747307E+00   -0.112989733243264601E+01
    0.906336179201066260E-02    0.914837428501674155E+00    0.921427296216437985E-01   -0.227909213775395791E+02    0.352994632810502251E+00    0.158962610407056837E+01    0.555114443503637416E-02    0.810841155806999447E+00   -0.164278989012297050E+01   -0.271303427402540986E+00    0.932963111524956812E+00   -0.188567023441221226E+00    0.328954443363098537E+00   -0.274163767276910164E+00   -0.957116002529366239E-01   -0.111061865173096930E+01
    0.888507445103922482E-02    0.914571966443743056E+00    0.479918558638161366E-01   -0.322742610811204145E+02    0.122688261809977339E+01    0.163067369053413636E+01    0.592733909815297468E-02    0.174668517250187727E+01   -0.229291155029051019E+01   -0.497471701035007152E-03   -0.110849397242949905E+02   -0.576049773149302363E-01    0.166200785395755196E+00   -0.638625022265308373E-01    0.202916722509451142E+00   -0.106519537474924442E+01
    0.870916785233880920E-02    0.914565154484340170E+00    0.491088701200542016E-01   -0.230309798952126776E+02    0.592005817747540908E+00    0.180963738947756791E+01    0.535729507689300909E-02    0.162168211915325089E+01   -0.249278526550832069E+01   -0.722569085344965528E-01   -0.130702300418472994E+01   -0.357508852182078896E+00   -0.151229178885626508E+00   -0.273566260945469486E+00   -0.244853054642942769E+00   -0.110747726260801205E+01
    0.853790202508730375E-02    0.914287022181919595E+00   -0.704548647852372423E-02   -0.207011688885148075E+02    0.739396373799798057E+00    0.120757121057117689E+01    0.703944402355298916E-02    0.233019406300441645E+01   -0.113088628936211766E+01    0.464619334543109191E-01   -0.401620124322710925E+01    0.564762386222702750E-01    0.518090332700797754E-01    0.143953073451889985E+00   -0.264840126444637947E+00   -0.106885959837937561E+01
    0.837296323099451408E-02    0.913301944732666016E+00    0.153803427889054989E+00   -0.276023661563636189E+02    0.124148664444785095E+01    0.819993312744413672E+00    0.798085202141177175E-02    0.201044275989139987E+01   -0.166898032052597767E+01   -0.122688237339807840E+00   -0.413177115598258027E+01   -0.211980285268807411E+00    0.205624880156388204E-01   -0.257672969918061601E+00    0.715440151902035359E-01   -0.103382235829712466E+01
    0.820897483991754086E-02    0.912861551557268447E+00    0.878241211529171700E-01   -0.106015146889518768E+02    0.894118650648219715E+00    0.159053557639987253E+01    0.111386437258813864E-01    0.159771529690405889E+01   -0.189852559207146321E+01    0.851203853823583600E-01   -0.337108233805369473E+00   -0.119106157884824176E+00    0.162349264862114401E+00    0.918408566167222828E-01   -0.361218691512433243E+00   -0.111576249070363631E+01
    0.804716076066620302E-02    0.912678991045270616E+00    0.965608962667754978E-02   -0.162320644625542840E+02    0.532219858270776225E+00    0.491908407533382164E+00    0.120757714965838339E-01    0.231717772679251111E+01   -0.145328371634416253E+01   -0.137620720843091543E+00    0.332851412453838469E+01   -0.119946988657071624E+00   -0.184314786067615671E+00   -0.244773761892707914E+00    0.184415936826166194E+00   -0.109923433215828448E+01
    0.788898854092079903E-02    0.912381785256522027E+00    0.686672956003747947E-01   -0.151657063797335336E+02    0.498692808881079475E+00    0.259305839173235020E+00    0.130817460876158746E-01    0.152938918913420507E+01   -0.106961878537361210E+01    0.800829715526778230E-02   -0.177564364939469899E+01   -0.432690827591193039E+00   -0.166162416559891779E+00    0.219461975919279517E-01    0.437678680553282018E+00   -0.109363248420053849E+01
    0.773331841335750739E-02    0.912241527012416342E+00    0.653973862721556748E-01   -0.208341313172077456E+02    0.741651571328099113E+00    0.196421106566154302E+01    0.531594819616261829E-02    0.157313239805482108E+01   -0.246780410751265933E+01    0.603949638678236145E-02    0.347817606138796220E+01   -0.387626946914886417E+00   -0.463880552130277679E+00   -0.457376872338227658E+00   -0.147217431052380998E+00   -0.111984668398993259E+01
    0.758431140847966312E-02    0.911153997693743056E+00   -0.553721635040705512E-01   -0.691097941363715051E+00    0.775990810968257949E+00    0.145219957162656921E+01    0.931663268274808554E-02    0.252250452342491727E+01   -0.149516199810421613E+01    0.205340242865636319E-01   -0.158217282717823782E+01    0.106854115578457948E+00   -0.208010278401939731E-01   -0.590604547429102955E+00   -0.177746436913800848E+00   -0.100133946249878170E+01
    0.743485694187326004E-02    0.910958971296037978E+00    0.854492766707334456E-01   -0.930944716613564260E+01    0.933309922027611316E+00    0.192586830139112286E+01    0.506208759723724040E-02    0.836613485600963713E+00   -0.247299158161062449E+01   -0.196224366375341658E+00   -0.369446620905394063E+01   -0.424041124625004207E+00    0.342464567390964036E-02   -0.420961792823695835E+00   -0.357433914504072692E+00   -0.109124109893680399E+01
    0.728787023689263843E-02    0.910894938877650717E+00    0.604302508845348946E-01   -0.258993574653609251E+02    0.109399897415209102E+01    0.170503695450117920E+01    0.795179739701383850E-02    0.758909435410417887E+00   -0.233347573870573788E+01   -0.961572543085724291E-01   -0.353446403524054542E+00    0.302844067768806013E-01    0.137792729062543418E+00   -0.393918810140778564E+00    0.152344056722274634E+00   -0.102477284515705347E+01
    0.714373738139192568E-02    0.910845484052385634E+00    0.862558189069534964E-01   -0.271844349700638617E+02    0.460505393442110389E+00    0.170920185606273800E+01    0.206064800310262579E-02    0.118368116980540083E+01   -0.135509863869709868E+01   -0.144878442288077225E-01   -0.465182488125037530E+01   -0.392244958312150893E+00   -0.188897265648727580E+00    0.100134001335912853E+00    0.624023197617399550E+00   -0.100216286465855364E+01
    0.700340268749388793E-02    0.910525390080043295E+00    0.370771300174135426E-01   -0.475062943542696203E+01    0.102411483091590871E+01    0.101541924923168669E+01    0.439079735787439602E-02    0.224210641897232721E+01   -0.171770957973636618E+01    0.304562903046645267E-01   -0.722456373762416604E+01    0.684784754539174978E-03   -0.227685618268464202E+00   -0.248133414417771508E+00   -0.232190303213807403E+00   -0.101581196735146451E+01
    0.686476506949172931E-02    0.910514014107840386E+00    0.433096175825077243E-01   -0.464408337238526592E+01    0.970812716974579049E+00    0.185050710453543288E+01    0.800806548347762770E-02    0.114711889780482079E+01   -0.183874278745846853E+01   -0.309508478121637218E-01   -0.417031102786031571E+01   -0.110736111878578528E+00   -0.126060486130788824E+00   -0.110301768424449401E+00    0.360876034759916864E+00   -0.103514790151436875E+01
    0.673050318761138095E-02    0.910017830984933052E+00    0.845509459528083207E-01   -0.207843903299863513E+02    0.140046826250805401E+01    0.192724428940022419E+01    0.937051168484432512E-02    0.246428725146633010E+01   -0.150734863597524993E+01   -0.128132239447428520E-01   -0.132432092729685582E+02   -0.223378813812409122E+00   -0.131355216889656151E+00   -0.320340817005771883E+00    0.216964679098315905E+00   -0.117302718888575530E+01
    0.659770622763766659E-02    0.909873553684779623E+00    0.217049129753658226E+00   -0.908253328679502658E+01    0.978719164373076600E+00    0.124134450510174399E+01    0.652627756586430293E-02    0.228322352886704127E+01   -0.173161391814678978E+01   -0.308935639757224267E+00   -0.476748584913537066E+01   -0.187562179714473809E+00    0.897837891249499837E-02   -0.193388886073039473E+00    0.617949123027728697E-01   -0.102255534255589531E+01
    0.646848949664284058E-02    0.909432411193847656E+00    0.101486244476861123E+00   -0.136535563037463277E+02    0.239301384123503325E+00    0.288167886972516740E+01    0.131830572882448288E-01    0.117392828346671640E+01   -0.125160578447115478E+01   -0.655527285303490470E-01   -0.491170511960076439E+01   -0.324063639604581955E+00   -0.500344617642725087E-01   -0.292815050725205916E+00   -0.174768233467706618E+00   -0.101923028216594425E+01
    0.647699721019555971E-02    0.906670297895159072E+00    0.242225068197429727E-01    0.415229120882184333E+01    0.112519502680852113E+01    0.118133588385599486E+01    0.103528054930781890E-01    0.217956285327588395E+01   -0.133355077767229790E+01    0.652285851662817717E-01   -0.599696881751067412E+01   -0.161484196167087368E+00   -0.878485929551661993E-01   -0.281417620616354669E+00   -0.116837722901614885E+00   -0.102091028773563708E+01
    0.646810036171360011E-02    0.909419400351388130E+00    0.532483807463444425E-01   -0.211606788391383027E+02    0.106091805629637648E+01    0.185292078251008041E+01    0.274753756098505136E-02    0.171141100888182973E+01   -0.163980018602678457E+01    0.288551095903413768E-01   -0.261380040637931188E+01   -0.236980337468509827E+00    0.209684757162917429E+00    0.394012320357964074E+00   -0.396685255733482789E+00   -0.105596293733924229E+01
    0.647326299963973777E-02    0.907823698861258355E+00    0.198557534826185073E+00   -0.176378773208503006E+02    0.122251312915711741E+01    0.201809363654074936E+01    0.132719529440869441E-01    0.161409944394532778E+01   -0.173764034477640883E+01   -0.139181703078288033E+00   -0.677400956182638403E+01   -0.413979840842559899E+00    0.421276487849272588E-01   -0.402241247307684124E+00   -0.265626454801211442E+00   -0.104450999840862946E+01
    0.650180842820799552E-02    0.899023600987025717E+00    0.114129305691096028E+00   -0.614938227644568869E+01    0.104770723678049138E+01    0.245099024098312546E+01    0.269606058714392475E-02    0.149447274317072498E+01   -0.144683212721193732E+01   -0.777370166446538502E-01   -0.678972956874812006E+01   -0.259698897496423053E+00   -0.168580349144802022E+00   -0.722300533538059897E+00   -0.331014905369076851E+00   -0.100694779904491627E+01
    0.648918098888897309E-02    0.902911663055419922E+00    0.362893471001979398E-01   -0.336259031539955089E+02    0.796882893188845975E+00    0.198411752549838249E+01    0.392353750929262321E-02    0.174247902869828608E+01   -0.147954250757573402E+01    0.700626302807808021E-02   -0.413455641980492672E+00   -0.312055816861067870E+00    0.908991067980075285E-01   -0.302843389651326456E+00   -0.136433904881488460E+00   -0.107963907397043846E+01
    0.647611043796036956E-02    0.906944138663155708E+00    0.483793967620995344E-01   -0.134105546112917153E+02    0.717431567376290436E+00    0.254850945038135990E+01    0.109460392151243084E-01    0.116242748222820480E+01   -0.213385982721940604E+01   -0.516365428628415071E-01   -0.101458135155525255E+02    0.128957921364175804E+00   -0.183676770031339337E+00   -0.577169360719499314E+00   -0.289664623781202279E-01   -0.114142535393027500E+01
    0.658652261421434869E-02    0.873133250645228842E+00    0.108946349531800074E+00   -0.248050228049665407E+02    0.990039647469301398E+00    0.200373770324537626E+01    0.418891283366385186E-02    0.184986170497627445E+01   -0.159206278523595723E+01    0.193584862856340190E+00   -0.118387394482804780E+02    0.184071360747202484E-01   -0.150699155170771537E+00   -0.648022495879940430E+00   -0.265988092949613120E+00   -0.121877377360903072E+01
    0.650257159064198276E-02    0.898788860866001627E+00    0.152816900860945987E+00   -0.192167112271660336E+02    0.977796837253596340E+00    0.167913954330286508E+01    0.163409341345726079E-01    0.189438776184981261E+01   -0.122615228148841937E+01    0.724468797550686938E-01   -0.313943582537567467E+01    0.383162261586454389E-01    0.273870753789138222E+00   -0.397098361102851183E+00   -0.114090084025377431E+00   -0.100687805586071022E+01
    0.647200463340549641E-02    0.908212525503976020E+00   -0.243647580390039253E-01   -0.305781628586291028E+02    0.101989434016788860E+01    0.152645737551168104E+01    0.629678804782812622E-02    0.177815080042248952E+01   -0.104239732797728468E+01    0.112481668594992035E+00   -0.771985437128298635E+01   -0.496927562131229572E+00    0.183616353847926933E+00   -0.662754338777740926E+00    0.526364583620410331E-01   -0.101664907799451210E+01
    0.648286487654045705E-02    0.904859270368303603E+00    0.117327714951804177E+00   -0.115407799765308674E+02    0.880269564507473290E+00    0.161139516304237174E+01    0.317743754735285659E-02    0.159365378422185744E+01   -0.132806842091623767E+01   -0.168555323452356659E+00   -0.609164474094336228E+01    0.408034002847410537E-01    0.163640819009411492E+00   -0.430036382207782841E+00    0.643856817158925121E-01   -0.110460587918826425E+01
    0.648464657656821694E-02    0.904309681483677408E+00    0.122999711089965019E+00   -0.119714158122036345E+02    0.584958519882041172E+00    0.204491796120278968E+01    0.121148318800289190E-01    0.195792949186479626E+01   -0.115152324511944326E+01    0.859664641226081938E-01   -0.709643469170331009E+01   -0.278547093492325426E+00    0.199867396726668492E-01   -0.101663720261026894E+00   -0.396938595621443957E+00   -0.106510319178417712E+01
    0.655094876736216167E-02    0.883964538574218750E+00    0.155967912079197552E+00   -0.141233445261367017E+02    0.342544523273382973E+00    0.210756403495367950E+01    0.741786588124201431E-02    0.269967359271720175E+01   -0.160609425270316586E+01    0.575437028062093792E-01   -0.276188516477318835E+01    0.160072440833696178E+00   -0.112711960089915991E+00   -0.428977960462726238E+00   -0.321085525445064968E+00   -0.100860558378560849E+01
    0.650861981793696663E-02    0.896929468427385634E+00    0.195195938505370148E+00   -0.272482870400725190E+02    0.123295769271345534E+01    0.176158112481702789E+01    0.842543917022131779E-02    0.131018378162836791E+01   -0.135400253511218360E+01   -0.367576612256445695E-01   -0.507068777093754708E+01    0.216672454543062859E+00    0.552871445756245791E-01   -0.533482940117307125E+00   -0.205130526698363097E+00   -0.110249095173778322E+01
    0.648210314383242982E-02    0.905094282967703667E+00    0.222351844950508082E+00   -0.592038186804668953E+01    0.869383844955883278E+00    0.235892189005805042E+01    0.379874342646817527E-02    0.191740738493875273E+01   -0.104108158314469201E+01   -0.273954161190492318E+00   -0.625167779090109121E+01   -0.308366623285688202E+00    0.123736083548700082E+00   -0.239864120119707397E+00   -0.539953583788830738E+00   -0.102709142332447168E+01
    0.647445589564866163E-02    0.907455171857561416E+00    0.115661450551131251E+00   -0.237118266392054871E+02    0.270776944016555776E+00    0.189978265503838273E+01    0.673233084067437031E-02    0.601755786982725582E+00   -0.179638749357593808E+01   -0.325405741053911637E-01   -0.306816982219014589E+01   -0.616920892589306935E+00   -0.180813751360718138E-01   -0.508668304300922969E-01   -0.509569075411697603E+00   -0.110155043449849055E+01
    0.653263674133014102E-02    0.889563015529087564E+00    0.205506347434321696E+00   -0.121510479180713560E+00    0.685083525621454581E+00    0.899180432626553894E+00    0.120295760509924413E-01    0.240550396131448263E+01   -0.118704874072448963E+01    0.443528748057044619E-01   -0.451066681813647286E+01   -0.269282378913686671E+00   -0.319265770659021120E+00   -0.209851670029646664E+00   -0.339293084304667203E+00   -0.114837954453566793E+01
    0.650341812803845783E-02    0.898528507777622720E+00    0.133874735241324400E+00   -0.124947577889278918E+02    0.742327379736411830E+00    0.225826123467897366E+01    0.852023072393226326E-02    0.130466883962647628E+01   -0.260637778732267167E+01   -0.127029152177910276E+00    0.455869872781772223E+01   -0.803684571126133535E-01   -0.155438719201004771E+00   -0.792142954768369045E+00   -0.260421598932030762E+00   -0.115598167813979136E+01
    0.647984673251335384E-02    0.905790601457868272E+00    0.143917728393455402E+00   -0.140082061025238733E+02    0.112814626967786991E+01    0.181466524300382082E+01    0.393096745815011209E-02    0.172685008215407287E+01   -0.193602643047052125E+01   -0.113514110004720975E+00   -0.447027752048212257E+01   -0.819125406109576404E+00   -0.216016988624625178E+00   -0.588389111185915969E+00   -0.198901894885432362E+00   -0.101829585044863191E+01
    0.648652862578729360E-02    0.903729302542550239E+00    0.151839904915455015E+00    0.813601392232133236E+01    0.814644438986130703E+00    0.146547264976877556E+01    0.723959302027370535E-02    0.150321868543685278E+01   -0.162227823360109591E+01   -0.210295076649599927E-01   -0.783028774163668118E+01   -0.933184432451093088E-01   -0.196800496288643406E-01    0.237363712419747241E-01   -0.299978475126636890E+00   -0.109710158880908826E+01
    0.646981828595260145E-02    0.908888271876743814E+00    0.747155920998669731E-01   -0.132765962183945021E+02    0.527044578054637447E+00    0.139586203456432711E+01    0.835045530659593582E-02    0.191584943119806583E+01   -0.129119771453146903E+01   -0.599057875029169601E-01   -0.491406239027897485E+00   -0.422307494476449996E+00    0.189315107244314662E+00   -0.155757223795295691E+00   -0.365609904590574075E+00   -0.102120489707977180E+01
    0.649270854544989513E-02    0.901824746813092881E+00    0.105997757654557975E+00   -0.134337789932702059E+02    0.104458598598426944E+01    0.152529181822413085E+01    0.480280008016073165E-02    0.240574625829249200E+01   -0.182035174402750233E+01   -0.163047583632325160E-01   -0.112626747290205582E+02   -0.174284268390146907E+00   -0.690105820698470873E-01   -0.130702656420439350E+00   -0.406393592882404453E-01   -0.101860437347855837E+01
    0.649435226845160307E-02    0.901318481990269205E+00    0.109006049044591380E+00   -0.164944364475419505E+02    0.658899636468385008E+00    0.208375709143127175E+01    0.105795282530025108E-01    0.130229139270472083E+01   -0.199976694536580202E+01   -0.357083421138191456E-01   -0.535398308479730023E+00   -0.404056370859993574E+00   -0.892693352177882371E-01   -0.381262275378685844E+00   -0.161613787994075442E+00   -0.107023344547058508E+01
    0.649745595182530961E-02    0.900362900325230142E+00    0.630757540553261720E-01   -0.112228042659815905E+02    0.784491756303575483E+00    0.193388948643281822E+01    0.758502827406812383E-02    0.160375338930854539E+01   -0.193676496915278085E+01    0.277383710941138395E-02   -0.180194404934034913E+01    0.104999769039595153E+00   -0.188935919946425862E+00   -0.344286822834826589E+00   -0.356789033969467706E+00   -0.104467362232110395E+01
    0.648497015295904436E-02    0.904209886278424912E+00    0.173474726723577527E+00   -0.140452345031267676E+02    0.204569979679462943E+00    0.183454796785791197E+01    0.831332025433094771E-02    0.137403434932025048E+01   -0.152087636439344487E+01   -0.861800673312750343E-01   -0.159833888852152040E+01   -0.593545017935527719E+00    0.247659238378981003E-01   -0.577848294667194784E-01   -0.437636968145582506E+00   -0.109892454420517982E+01
    0.646978831696714499E-02    0.908897536141531792E+00    0.598331697090228737E-01   -0.172166569179047002E+01    0.871542873938371931E+00    0.181375570614902126E+01    0.128132946148162476E-01    0.148959335339316334E+01   -0.181655944696901672E+01    0.658263875737574722E-01   -0.707661259014520994E+01   -0.199394336644812820E+00   -0.274444169821258299E+00   -0.370841405661299861E+00   -0.526413875924742314E+00   -0.104182895747317805E+01
    0.649493868637011570E-02    0.901137896946498373E+00    0.970214356099667885E-01   -0.749723650253215013E+01    0.557477504706681004E+00    0.175041745961579642E+01    0.529405180151930679E-02    0.104679446103132379E+01   -0.195842671031306348E+01   -0.561786632991557733E-01   -0.334285183717908563E+01   -0.249371790896191936E+00    0.777567405809647533E-02   -0.122016091285794867E+00   -0.480388069690792563E+00   -0.108970609987728406E+01
    0.647264348603958026E-02    0.908015114920479927E+00    0.640060913669558418E-01   -0.277720415800408915E+02    0.609254323857965296E+00    0.166312298115276214E+01    0.179625205574080165E-02    0.103691477112583375E+01   -0.202956818195301647E+01   -0.150050403546339028E+00   -0.486778279917196954E+01   -0.161148159687090703E+00    0.127338034244788789E+00   -0.191928510442524597E+00    0.426587445880057314E+00   -0.100773380290493964E+01
    0.647303965925457268E-02    0.907892704010009766E+00    0.841723141513323198E-01   -0.207085766314646058E+02    0.231638775175564249E+00    0.464472470917493441E+00    0.110944506847257453E-02    0.202810661072491749E+01   -0.911635268083373473E+00   -0.840428363985397248E-01   -0.577232703519412471E+00   -0.177853431519704008E+00    0.169053540051013085E+00   -0.299100494408497730E+00    0.210671428867208854E+00   -0.108643993007587603E+01
    0.653284656246502522E-02    0.889498778751918295E+00    0.135038163687793311E+00   -0.965204642720538786E+01   -0.141174493597703954E+00    0.191689517978003843E+01    0.367438262398003812E-03    0.182059460697292619E+01   -0.175747932774951776E+01   -0.437610790942551467E-01    0.209876362139084005E+00    0.516150671720738419E-01    0.200096511508595989E-01   -0.153669496262467675E-01    0.352673090082847362E+00   -0.103996867648396929E+01
    0.647810341917390547E-02    0.906328746250697592E+00    0.403900023560644778E-01   -0.246197359487674063E+02    0.173672668574761546E+00    0.204377025265834122E+01    0.264204294101150552E-02    0.191259367389330359E+01   -0.126168450475929794E+01   -0.124159677002367963E+00    0.296083250741449833E+01   -0.465469385718281559E+00   -0.119150717326714117E+00   -0.636924314772855715E+00    0.219562240901520267E+00   -0.110397650833000260E+01
    0.647874419780826265E-02    0.906130926949637261E+00    0.459834565228577699E-01   -0.205512443877974746E+02    0.246889940770644023E+00    0.149686256023681596E+01    0.867745006139882501E-02    0.239503047031171157E+01   -0.117595443139675093E+01   -0.339552851178907822E-02   -0.177562692554546375E+01   -0.210663910123648240E+00   -0.211364777484280536E+00   -0.175731083562970625E+00   -0.341865993738518781E-02   -0.121250891556189888E+01
    0.648337274807496335E-02    0.904702595302036783E+00    0.839680187902228786E-01   -0.320245175808356066E+02    0.127699560925260869E+01    0.137900590076800222E+01    0.824587258969079577E-02    0.266136998361476440E+01   -0.294595776430640433E+01    0.196615209743000036E-01   -0.131815991144830615E+02   -0.103128145475022387E+00   -0.746901820786252946E-01   -0.150212597018580529E-01    0.147475076832426222E-01   -0.107781527378425901E+01
    0.647061471852979075E-02    0.908642087663922959E+00    0.134323237373993071E+00   -0.371967718282953257E+02    0.497506317403506593E-02    0.191840808627464687E+01    0.105379880109151020E-01    0.962415271805233785E+00   -0.236061091061854844E+01   -0.331980348589115681E-02   -0.952160388420897785E+00    0.404126255954574076E+00   -0.923276531978702020E-01   -0.288061134799641683E+00   -0.244052759441253680E+00   -0.110097555680769532E+01
    0.651898439225830160E-02    0.893747125353131944E+00    0.129794190147227789E+00   -0.869913877152780124E+01    0.628544276163244153E+00    0.141142117689335200E+01    0.153982605847281049E-01    0.236044835278481457E+01   -0.205507480999092085E+01    0.910157722670541791E-01   -0.207039113950847398E+01   -0.370825345117552163E+00   -0.111826709975439975E+00   -0.161940142893768541E+00   -0.816469269675501319E-01   -0.100308698799360463E+01
    0.647016646522317711E-02    0.908780642918178061E+00    0.659994624440770200E-01   -0.806436703035260294E+01    0.699702409634924916E+00    0.134308249653178557E+01    0.115445327461038902E-01    0.251622254636560427E+01   -0.251011348686439018E+01    0.411664323709213381E-01   -0.562219929953694209E+01    0.102114978373875481E+00    0.217829342743614790E+00   -0.510602452370410298E-01    0.631114233435970395E-01   -0.100779950614552893E+01
    0.654223933918780722E-02    0.886625289916992188E+00    0.156787157297828272E+00   -0.153407763786350948E+02    0.309054045774640185E+00    0.185931325802003311E+01    0.411187562249712424E-03    0.186187710908874271E+01   -0.206972935236852695E+01   -0.465299419003902051E-01    0.282310623415807749E+01   -0.656876359321512254E-01   -0.127283338999766960E+00   -0.807103472115101472E+00    0.429637421904462968E-01   -0.118652222262050677E+01
    0.649413350897561515E-02    0.901385852268763998E+00    0.516010260421879280E-01   -0.230711094893334234E+01    0.942997781770754218E+00    0.147337519554886986E+01    0.133197299210266080E-01    0.196194816786633641E+01   -0.193942051874521959E+01    0.595421662430619392E-01    0.234513618101350962E+01   -0.179992354994363835E+00   -0.831988464173923914E-01   -0.262044689498662109E+00    0.807001425090933255E-01   -0.111695550303441737E+01
    0.647705434719702926E-02    0.906652654920305556E+00    0.167876336782077779E-01   -0.958269815756545995E+01    0.649161769753645035E+00    0.162829791862300999E+01    0.720080863343888940E-02    0.186365058096521286E+01   -0.170089862850433193E+01   -0.606908610714955998E-01    0.594838706616900481E+01   -0.342312690702298528E+00    0.168030705352801013E+00   -0.252740713779199877E+00    0.678654273532859897E-01   -0.104167773916498518E+01
    0.647519732181120553E-02    0.907226153782435873E+00    0.184859076994724036E+00   -0.214307221369128982E+02    0.130360928105031149E+01    0.969129233679376423E+00    0.514101117601730752E-02    0.180376521751308561E+01   -0.245312514125530345E+01   -0.142363603229864466E+00    0.733187115133710954E+01   -0.377002139019161464E+00   -0.100381967969023447E+00   -0.113347746538576613E+00    0.308095328449408123E+00   -0.103827401945814435E+01
    0.654083523196404178E-02    0.887054579598563042E+00    0.197199048998572962E-01   -0.363721238446843032E+01   -0.397991507972461633E-01    0.731231826178395217E+00    0.559133255269253417E-02    0.223254343745340655E+01   -0.915586260645545491E+00    0.186762550041639830E+00   -0.479167563959975507E+00   -0.438843913680108444E+00   -0.165034552684905939E+00   -0.544640099975009506E+00    0.420512744146798678E+00   -0.101065967656878652E+01
    0.652911484408500928E-02    0.890641553061349067E+00    0.135797548501020576E+00   -0.200293131916659384E+01    0.280582100744159346E+00    0.151506846257499128E+01    0.322584292495559869E-02    0.175963645693755399E+01   -0.213957378415239097E+01    0.417852218391147334E-02    0.713479082026132971E+01   -0.102597320696447766E+00   -0.120873232709191314E+00    0.814301519828863896E-02   -0.292366303167353125E+00   -0.110998190239726768E+01
    0.648714946837041298E-02    0.903537886483328667E+00    0.142915505107973434E+00   -0.202833175196969364E+02    0.917098895872209496E+00    0.164613709711511280E+01    0.847717584587255081E-02    0.222136259624293064E+01   -0.269927298371880697E+01   -0.995822248810006444E-01   -0.433404833198625550E+01   -0.379053914921773205E+00   -0.191032127191748613E+00   -0.329736704669455372E+00    0.259123228669568273E+00   -0.118183291682025837E+01
    0.648339549281791872E-02    0.904695578983851889E+00    0.905536234171313709E-01   -0.980738618116623684E+01   -0.341699722230415226E-03    0.183567035046043592E+01    0.144816436462920362E-01    0.174072716438502351E+01   -0.202345220293071382E+01   -0.113687940472462917E-01    0.229010478585405464E+01   -0.511658437697520702E-01    0.100352551365892467E-01   -0.263692399541438693E+00   -0.157391550552712089E+00   -0.116716372040057181E+01
    0.647812592478752211E-02    0.906321798052106553E+00    0.148357070929563795E+00   -0.161673274351461345E+02    0.720094742901908447E+00    0.993791581816602765E+00    0.142824376523543566E-01    0.167169708179931398E+01   -0.169088753254754631E+01    0.662554708167750750E-01   -0.237338502062461210E+00   -0.313512933811345040E+00   -0.186092639858125575E+00   -0.518942366053415927E-01    0.150347951189506446E+00   -0.100053944861984534E+01
    0.650813479520340969E-02    0.897078514099121094E+00    0.140936640443543204E+00   -0.191046139437009579E+02    0.945671503779793143E+00    0.149544004833318267E+01    0.903193894063207547E-02    0.218826364964881481E+01   -0.262859858186525175E+01    0.622254757946692771E-01   -0.391749535933695370E+01   -0.131289230315757843E+00   -0.167857485968904402E+00   -0.181338006637271260E+00   -0.509254326747506508E-01   -0.106414970997611613E+01
    0.649369601212984159E-02    0.901520592825753364E+00    0.199646508945164752E-01   -0.117468795227810325E+02    0.509468255510624690E+00    0.169792451675517220E+01    0.917518717360064906E-02    0.185991028350552878E+01   -0.157004739159249351E+01    0.179251802304957186E+00   -0.651908218441303866E+01   -0.294629609571630424E+00   -0.226162164721782577E+00   -0.800883345393244850E-01    0.741441173123550679E-01   -0.100402678526637534E+01
    0.650564485693393667E-02    0.897843837738037109E+00    0.147717680108419375E+00   -0.327122475135976600E+02    0.128239373264233403E+00    0.200490483420228705E+01    0.540055492249050771E-03    0.113527677115778403E+01   -0.178815714623295685E+01   -0.132056551945397893E+00   -0.214000588697834981E+01   -0.267056412562988871E-01   -0.933201970612891063E-01    0.416325336840510929E-01    0.125988417564934452E+00   -0.104940726362177261E+01
    0.646980374216290979E-02    0.908892767769949761E+00    0.561349162712959648E-01   -0.119753602903146827E+02    0.845254998444935124E+00    0.135890844606942607E+01    0.113940858986075599E-01    0.278793543147626188E+01   -0.189627576258688535E+01   -0.841417159631528827E-01   -0.329992661382299435E+00   -0.321063831271513056E+00   -0.173972374750996278E+00   -0.978459749272812401E-01    0.104332424426078318E+00   -0.106989513385977486E+01
    0.652338172926394261E-02    0.892398493630545464E+00    0.841859217687442180E-01   -0.170249241219809981E+02   -0.659904151847264808E-01    0.129964737856454993E+01    0.646488424308380022E-02    0.215857867133628822E+01   -0.159888161024045372E+01    0.143790731305556474E+00   -0.461789208048439370E+01   -0.277492024430020690E+00    0.380960534185744576E-02   -0.928947216603427245E-01    0.462442914209806877E-02   -0.103656793943271364E+01
    0.651461420502401703E-02    0.895088332039969292E+00    0.122630230372915081E+00   -0.274217047197761836E+02    0.417370416825427082E+00    0.178641933314547519E+01    0.812615449123757320E-03    0.100088990043825987E+01   -0.164863244587783653E+01   -0.691210525875269599E-01    0.186634817193767555E+01   -0.116550365899869973E+00   -0.563384514121232083E-01   -0.116038965604537039E+00    0.246370242234263293E+00   -0.100001844688791786E+01
