    0.156426649454544826E-01    0.278175224747338120E+03    0.137986201390197766E+00   -0.289392619676916070E+02    0.105581394534642148E+01    0.833772970498364296E+00    0.221019698451234911E-01    0.231597426791806837E+01   -0.172136647703397205E+01   -0.105560964672268276E+00   -0.288864885773178104E+01   -0.207693257653723207E+00   -0.828473950586758323E-01   -0.154253108874663147E+00   -0.983980365092193221E+00   -0.106745825725090393E+01
    0.158478507585780304E-01    0.278109161189803615E+03    0.137366014561424526E+00   -0.288875772828377713E+02    0.105543406339819401E+01    0.837263390985387601E+00    0.220603143690916888E-01    0.231593959722604126E+01   -0.185245017461323980E+01   -0.104076853113078752E+00   -0.295319295938964244E+01   -0.207505544149698323E+00   -0.517222022299041878E-01   -0.174304004496179304E+00   -0.987937648732244433E+00   -0.108323455560823212E+01
    0.158795031086386151E-01    0.278065170644522880E+03    0.137540301346116500E+00   -0.289153578905693465E+02    0.105503829555435424E+01    0.826125580144228100E+00    0.220182332510769699E-01    0.231607135105132844E+01   -0.173420272206056159E+01   -0.995045144588410091E-01   -0.265719535203305268E+01   -0.198465198552183641E+00   -0.572014162303337917E-01   -0.268816602953463546E+00   -0.972164532827959560E+00   -0.106622652239263327E+01
    0.168122214878640222E-01    0.277911016791511258E+03    0.137384003047340220E+00   -0.289467969361220661E+02    0.105452419310912937E+01    0.828988496885155524E+00    0.220066193974208860E-01    0.231585911005947320E+01   -0.184665843886071812E+01   -0.100307575567292750E+00   -0.294302919614571135E+01   -0.211895818285822074E+00   -0.739910559906689913E-01   -0.156991022909829137E+00   -0.982692753867450808E+00   -0.106949358297429731E+01
    0.165313531784362436E-01    0.277904711433492139E+03    0.137634782038280751E+00   -0.289209373683901987E+02    0.105554067936440554E+01    0.831576300905385146E+00    0.220903196118081777E-01    0.231639357189952255E+01   -0.187310148158871015E+01   -0.107529361979250185E+00   -0.308358467625473898E+01   -0.218951091207093745E+00   -0.790892956463419422E-01   -0.249945056086050527E+00   -0.983381448938483116E+00   -0.105819771429303655E+01
    0.162984835257689517E-01    0.277893084837894207E+03    0.138031690165002274E+00   -0.289248228365214288E+02    0.105730104653872159E+01    0.821956322072514123E+00    0.220837433767724009E-01    0.231560618263405216E+01   -0.169615797125852930E+01   -0.972758062237039506E-01   -0.273895195115873191E+01   -0.200839482813214315E+00   -0.832298660990453271E-01   -0.200762187088349392E+00   -0.973308049321218727E+00   -0.107045002439234782E+01
    0.159791075926093637E-01    0.277892664787385286E+03    0.137936031481320498E+00   -0.289323852027701349E+02    0.105617439467067231E+01    0.831223591263929418E+00    0.220783573839854648E-01    0.231571548949908879E+01   -0.192042156514996654E+01   -0.100147676807338395E+00   -0.279386069250979752E+01   -0.207413399752970934E+00   -0.819783281628725380E-01   -0.185797472466184138E+00   -0.988129302280034150E+00   -0.107294066115812270E+01
    0.158134988183730105E-01    0.277873501112661472E+03    0.138237000734400428E+00   -0.289378042870684808E+02    0.105542736973599305E+01    0.827987774145890754E+00    0.220173565447564154E-01    0.231543952036093925E+01   -0.188789931277938638E+01   -0.106724931145959379E+00   -0.309281354045807078E+01   -0.239160894745857833E+00   -0.850933047734796499E-01   -0.248158292406540831E+00   -0.978230422060336946E+00   -0.105375088552570673E+01
    0.156694988027295430E-01    0.277851796831712761E+03    0.138317108620188145E+00   -0.289260486120107814E+02    0.105491708869118250E+01    0.826769863837708341E+00    0.221008273966933275E-01    0.231586595278474405E+01   -0.163608668310119221E+01   -0.993684473612849728E-01   -0.294134912471951848E+01   -0.204863927683660990E+00   -0.993457730681720913E-01   -0.176539797299407164E+00   -0.981535629523254127E+00   -0.105880086675793161E+01
    0.155142213390153973E-01    0.277831714756371696E+03    0.138206383377597469E+00   -0.289079657246651465E+02    0.105438000920794628E+01    0.827251703378786951E+00    0.220325145935694917E-01    0.231617852885257491E+01   -0.169785029509832075E+01   -0.106513216737108202E+00   -0.307360233557593832E+01   -0.177197655631768286E+00   -0.461421750592997809E-01   -0.232435921940391671E+00   -0.983386746563736480E+00   -0.106426337578161845E+01
    0.152211713793314034E-01    0.277829854349136951E+03    0.137314863947266608E+00   -0.288922439556487056E+02    0.105598493168248830E+01    0.829818420003384793E+00    0.221278559535622900E-01    0.231582808272804153E+01   -0.184065762919633880E+01   -0.920352448828391373E-01   -0.294425162166069132E+01   -0.184341020191747168E+00   -0.738943529852079811E-01   -0.289143033591125032E+00   -0.976676909292799822E+00   -0.106291321764644131E+01
    0.149377715233520152E-01    0.277827442960761630E+03    0.137881846008019310E+00   -0.289210712525707976E+02    0.105613074023054265E+01    0.833049233369928754E+00    0.219985614456508251E-01    0.231591059851097780E+01   -0.172711911452371747E+01   -0.973429937964699066E-01   -0.270659370856443715E+01   -0.169409561298017541E+00   -0.662421432238916724E-01   -0.270579074661382424E+00   -0.976188196156832499E+00   -0.107835530053010920E+01
    0.146539577135148431E-01    0.277825808074261715E+03    0.137988871174059391E+00   -0.289405563059345035E+02    0.105616707336124871E+01    0.829162406253693085E+00    0.220700889030803343E-01    0.231591813789486167E+01   -0.174778099503537021E+01   -0.105434275132287633E+00   -0.291795269499674292E+01   -0.199039419740865475E+00   -0.572375569542901141E-01   -0.213236643413435178E+00   -0.967713758162072724E+00   -0.107349463245378041E+01
    0.144100639897699456E-01    0.277819375273102139E+03    0.138263111223518392E+00   -0.289189405461389661E+02    0.105699066069841385E+01    0.831477623916572650E+00    0.220837893439478662E-01    0.231603767219660428E+01   -0.169917538592786443E+01   -0.102162155076738648E+00   -0.290400056475289503E+01   -0.179822761453911240E+00   -0.350466630297030374E-01   -0.139221959849944399E+00   -0.983844983880519552E+00   -0.105292514190529984E+01
    0.143694586785522889E-01    0.277785018916136721E+03    0.137941203531489531E+00   -0.289286661711199500E+02    0.105552744547725275E+01    0.831284801960992525E+00    0.219829590700376318E-01    0.231584190416391156E+01   -0.190775509232162621E+01   -0.100832936670508744E+00   -0.276655114961700832E+01   -0.197950534993358740E+00   -0.849613199042943273E-01   -0.138276229200087863E+00   -0.977031030636643094E+00   -0.106814359772684364E+01
    0.141008974983708700E-01    0.277782752078955468E+03    0.137854547010038853E+00   -0.289246644764111132E+02    0.105494912402745666E+01    0.829157318564720525E+00    0.219768237540754890E-01    0.231605727786953430E+01   -0.169199746549256824E+01   -0.103303933058466288E+00   -0.289775078845453571E+01   -0.187569650582941422E+00   -0.701570668318961393E-01   -0.186876045688604664E+00   -0.978820983250824894E+00   -0.108288448607129384E+01
    0.138449506489020675E-01    0.277779387790258625E+03    0.137719185229516761E+00   -0.289500058799459268E+02    0.105539469773467176E+01    0.826381271720077137E+00    0.220215000554239669E-01    0.231612572884249523E+01   -0.160393809171926938E+01   -0.106446188667697214E+00   -0.290177830859759567E+01   -0.210642935950465376E+00   -0.344123262331778035E-01   -0.200264764330771200E+00   -0.985337342689018181E+00   -0.106415632553206208E+01
    0.136244629473502837E-01    0.277771495128277309E+03    0.138347269998095518E+00   -0.289288366109772426E+02    0.105426592221197457E+01    0.825263902354139378E+00    0.220162439858489871E-01    0.231596750607816793E+01   -0.151562768335643461E+01   -0.102322996340553751E+00   -0.283237679708265944E+01   -0.239536862697024650E+00   -0.820140425130296141E-01   -0.335893480515854104E+00   -0.978122195744648981E+00   -0.106014744063547650E+01
    0.134314886737557319E-01    0.277760025271838117E+03    0.137697023717007538E+00   -0.289484265211715979E+02    0.105581494896918504E+01    0.826807839568349578E+00    0.219483770307169652E-01    0.231581638132897316E+01   -0.195485043298959194E+01   -0.102667847442220961E+00   -0.288873951280527974E+01   -0.217933891303400573E+00   -0.712819581621710191E-01   -0.242835498357525881E+00   -0.978476821592428325E+00   -0.107569586287759345E+01
    0.131888135786203710E-01    0.277756490946139309E+03    0.137782391918832903E+00   -0.289159637534407956E+02    0.105561410491848395E+01    0.824962088083372236E+00    0.221038305966091628E-01    0.231570733654764505E+01   -0.170566379853186700E+01   -0.109964881333289161E+00   -0.294093427636326021E+01   -0.219115745916241278E+00   -0.852190033580999262E-01   -0.300001103488713061E+00   -0.967763942039184366E+00   -0.107658959040433921E+01
    0.129508731887878568E-01    0.277752902547249676E+03    0.138727782727292664E+00   -0.289169422819826956E+02    0.105510985114229006E+01    0.829301825061390496E+00    0.220058984090194427E-01    0.231619964187421434E+01   -0.173664196003669535E+01   -0.104709355602335366E+00   -0.286597959589279316E+01   -0.205675927903378630E+00   -0.637117348383933746E-01   -0.231690024469783873E+00   -0.984303292971256627E+00   -0.107550052036698318E+01
    0.127212814540569701E-01    0.277748676382243389E+03    0.138434405178296610E+00   -0.289529570072446170E+02    0.105744004821000970E+01    0.836163494645242977E+00    0.220795749898958817E-01    0.231627154426723569E+01   -0.169314929569282047E+01   -0.998227161810175539E-01   -0.304880864532403262E+01   -0.220230809858353416E+00   -0.104947770193121293E+00   -0.328448708241203369E+00   -0.983521009231717702E+00   -0.106988125567652004E+01
    0.124759505022995869E-01    0.277747623311797383E+03    0.137951731180905618E+00   -0.289197320581561499E+02    0.105629899947007977E+01    0.830678097970099172E+00    0.220565548079946841E-01    0.231586545059690607E+01   -0.166168243687374173E+01   -0.110622932989187114E+00   -0.285272965331399320E+01   -0.223942101882131733E+00   -0.839855424109635373E-01   -0.262357363721114956E+00   -0.976859577184231775E+00   -0.106870053824318867E+01
    0.122562729343889537E-01    0.277743153210003584E+03    0.138720517995111731E+00   -0.289255715894805725E+02    0.105357804876287586E+01    0.826153605578601846E+00    0.220409656062617691E-01    0.231565420382257869E+01   -0.169108751581539640E+01   -0.973955137917354441E-01   -0.274538906268749949E+01   -0.233371961777684378E+00   -0.495053680527560713E-01   -0.119470589634128432E+00   -0.977951927642429442E+00   -0.108166039831089700E+01
    0.120238894203985140E-01    0.277741438062736279E+03    0.137518528604046897E+00   -0.289223572821284272E+02    0.105470205326138511E+01    0.832201019402619036E+00    0.220355408116032110E-01    0.231578694670634500E+01   -0.175401570890080905E+01   -0.105255919765030473E+00   -0.293631898922234535E+01   -0.216770973959137747E+00   -0.788095708679499851E-01   -0.203875164692174038E+00   -0.972771625065795287E+00   -0.106595343653781782E+01
    0.118140453812945294E-01    0.277736650754020559E+03    0.137881948102410473E+00   -0.288883510647082282E+02    0.105646147144658809E+01    0.829401058612293185E+00    0.220594870219440430E-01    0.231617624262671740E+01   -0.197764261729835389E+01   -0.106490780619639416E+00   -0.289200447414936157E+01   -0.223153518351872360E+00   -0.699897486246307821E-01   -0.204078794135313657E+00   -0.980580335654485102E+00   -0.106051673183425299E+01
    0.115860027339096394E-01    0.277735633557123606E+03    0.137800921776032675E+00   -0.289204743554421704E+02    0.105665029801208576E+01    0.830683317805717358E+00    0.220153297973258687E-01    0.231601977829268657E+01   -0.185062035964807392E+01   -0.102488489463454430E+00   -0.276521959337003231E+01   -0.228587467278559581E+00   -0.612007073797054546E-01   -0.190905163514199533E+00   -0.974738917418996875E+00   -0.106241719906556420E+01
    0.113814313491300938E-01    0.277731262577620669E+03    0.138242463556378731E+00   -0.289294289287846738E+02    0.105598078711170773E+01    0.828325468858477021E+00    0.220992918579543188E-01    0.231597690589348293E+01   -0.185974654013474883E+01   -0.103318951257334646E+00   -0.284766030513719759E+01   -0.205175962872056084E+00   -0.765954181016355456E-01   -0.237715859417308717E+00   -0.970755328387337690E+00   -0.106517819147647086E+01
    0.111811969454945117E-01    0.277726761927784423E+03    0.137525667018540104E+00   -0.289253200387683371E+02    0.105346285034320530E+01    0.828843310313141068E+00    0.219661019069897663E-01    0.231611701512974522E+01   -0.177344749485050501E+01   -0.103483454285772214E+00   -0.293649774721398948E+01   -0.226008710873899260E+00   -0.729686801122170492E-01   -0.200401603369043724E+00   -0.975279519230753067E+00   -0.108215452235505705E+01
    0.109718140357794713E-01    0.277724569726504456E+03    0.137527212144086863E+00   -0.288871927230448051E+02    0.105412355816199299E+01    0.826560680839172446E+00    0.220969302920661810E-01    0.231587864554868883E+01   -0.173350173077749004E+01   -0.106030526453035165E+00   -0.280776777881131245E+01   -0.202151349545363901E+00   -0.708902683485756052E-01   -0.154708877444003856E+00   -0.974628784509667945E+00   -0.106661045836923707E+01
    0.107754740633824835E-01    0.277720683711158529E+03    0.138181436997706047E+00   -0.289054131380423591E+02    0.105588864221219558E+01    0.827903243263467536E+00    0.220506153030691800E-01    0.231612020362685600E+01   -0.169531925602041955E+01   -0.975914994050646190E-01   -0.277863331328891405E+01   -0.247599489243254756E+00   -0.510403029432085209E-01   -0.241872485457560571E+00   -0.979541314952147246E+00   -0.107042983247682844E+01
    0.105655519035828937E-01    0.277720031197273386E+03    0.138518818047183662E+00   -0.289143697928160925E+02    0.105503702527086007E+01    0.829725849700899354E+00    0.220790920266872928E-01    0.231644191968156354E+01   -0.161074762826193640E+01   -0.103388292954531211E+00   -0.278730145775428229E+01   -0.195460583833969220E+00   -0.722560135015219568E-01   -0.213064622291432526E+00   -0.987394841248474320E+00   -0.107553096100261225E+01
    0.103855810749966075E-01    0.277714392156284873E+03    0.137518593354227697E+00   -0.289087660563068951E+02    0.105683677041713264E+01    0.829828796099795096E+00    0.220260154644810746E-01    0.231666019970424619E+01   -0.173591564407320309E+01   -0.101675055958014751E+00   -0.274630983940645068E+01   -0.204478379664626730E+00   -0.286647658751892562E-01   -0.236374057696305984E+00   -0.980571089544304386E+00   -0.107638890050427150E+01
    0.101803090884318367E-01    0.277714318228440050E+03    0.137770286682542487E+00   -0.289050819629867526E+02    0.105660445775539413E+01    0.833002246515311184E+00    0.220606814851604799E-01    0.231583390337566719E+01   -0.187045157924731575E+01   -0.998227851097181484E-01   -0.293219641502394790E+01   -0.209291687986117220E+00   -0.496728373063083858E-01   -0.206163074061937263E+00   -0.976836716134653282E+00   -0.107360787879499742E+01
    0.100523327876710505E-01    0.277699619522913622E+03    0.137831911995473483E+00   -0.289381420565549838E+02    0.105542569378429318E+01    0.833358732685353987E+00    0.220902488212330154E-01    0.231590985592799559E+01   -0.192306719693640904E+01   -0.945869233028833467E-01   -0.303839046266181079E+01   -0.200730095256489410E+00   -0.103780238975126379E+00   -0.214958073950274442E+00   -0.982042646117846418E+00   -0.106795641737183766E+01
    0.987004334266628099E-02    0.277696220484825744E+03    0.137885589300000055E+00   -0.289329802968466012E+02    0.105508247710306002E+01    0.827137316326140848E+00    0.220325637816104064E-01    0.231590150045101373E+01   -0.173118706156786817E+01   -0.102654759119603214E+00   -0.293895936309809702E+01   -0.219725957763222984E+00   -0.520884328232180671E-01   -0.247849428858034987E+00   -0.974786646422558078E+00   -0.105342821763697558E+01
    0.968047567946494006E-02    0.277695006893362290E+03    0.137772961655010379E+00   -0.289298129930534280E+02    0.105602146584975864E+01    0.828313332155090953E+00    0.220171295184951044E-01    0.231619357656750102E+01   -0.167154908305491223E+01   -0.108490834157217650E+00   -0.279419600692178793E+01   -0.248197007184651319E+00   -0.736293479838781989E-01   -0.235844707417251692E+00   -0.976654489466849518E+00   -0.106411882777790301E+01
    0.949497033052359475E-02    0.277693704535381755E+03    0.137467734744651349E+00   -0.289259472494119265E+02    0.105485300568120288E+01    0.827122319472550993E+00    0.221386565245691273E-01    0.231575196769679348E+01   -0.177907630198791389E+01   -0.981554020445121189E-01   -0.291388186124693593E+01   -0.231034465842010511E+00   -0.836375505674088054E-01   -0.271893536662847102E+00   -0.973174094440370396E+00   -0.106045413669297584E+01
    0.931113662788034951E-02    0.277692806633180680E+03    0.138128655256929772E+00   -0.289105251444017135E+02    0.105717963471587351E+01    0.827294251895544286E+00    0.220649743003147256E-01    0.231578762418979123E+01   -0.187202055176474724E+01   -0.102135613567235800E+00   -0.302700476232432214E+01   -0.199054587743033334E+00   -0.675066770781652947E-01   -0.293602268230523655E+00   -0.979935421558100317E+00   -0.105979524902076738E+01
    0.915514066238757793E-02    0.277686597889303641E+03    0.137989273761498582E+00   -0.289600572308014321E+02    0.105378227430936700E+01    0.826817069748397748E+00    0.219953642037147394E-01    0.231587585631281812E+01   -0.194524535083164651E+01   -0.102513766419302932E+00   -0.284656162524787604E+01   -0.220750969570410405E+00   -0.493851868953465445E-01   -0.206785874061640285E+00   -0.984231191733617505E+00   -0.108044243434979204E+01
    0.900736783972511980E-02    0.277679143191836999E+03    0.137365918268037596E+00   -0.289280478691679122E+02    0.105527169132146681E+01    0.824675095075896869E+00    0.220163880119078753E-01    0.231587111772001153E+01   -0.181975083231788881E+01   -0.102427334267112299E+00   -0.301233628239519069E+01   -0.232864588100835213E+00   -0.726204253855919635E-01   -0.271167829935720306E+00   -0.979249790602163439E+00   -0.107486032400578457E+01
    0.882956511675138389E-02    0.277679017448901789E+03    0.137142318157382898E+00   -0.289333331097271085E+02    0.105445093187861860E+01    0.832286937248352343E+00    0.220529648294723081E-01    0.231610647215840348E+01   -0.179339727152209583E+01   -0.102844717012436332E+00   -0.297246653564998731E+01   -0.220253784602552155E+00   -0.502011518563944825E-01   -0.207820673207312762E+00   -0.978879303857918548E+00   -0.107567504575530815E+01
    0.868757829109978973E-02    0.277671440528854816E+03    0.137709076730305774E+00   -0.289149498982233446E+02    0.105417065459874393E+01    0.830880746489838895E+00    0.219771431214254055E-01    0.231625346678652244E+01   -0.189781286389259529E+01   -0.107598497383637470E+00   -0.296365416423518990E+01   -0.211200413163568218E+00   -0.469886416625106829E-01   -0.207958114312286529E+00   -0.977498068707175927E+00   -0.106681832267459464E+01
    0.851827500118368906E-02    0.277670801263020337E+03    0.137827617624741328E+00   -0.289379598357421521E+02    0.105479580719084010E+01    0.830416653057952869E+00    0.220269341369310097E-01    0.231645178083122483E+01   -0.160359172904581482E+01   -0.107793779947489538E+00   -0.294205070068974273E+01   -0.211763266852711102E+00   -0.792725069773211610E-01   -0.264077778212121139E+00   -0.978070399123429191E+00   -0.106460606497531840E+01
    0.836677347551341780E-02    0.277666692327634223E+03    0.137633522353789700E+00   -0.289111025200001457E+02    0.105660724552796825E+01    0.830558300283794626E+00    0.220153901843820610E-01    0.231619543626854574E+01   -0.175304405574515410E+01   -0.102616680894465379E+00   -0.278191113147710745E+01   -0.242768829814395654E+00   -0.717615479747777396E-01   -0.201722131897870666E+00   -0.981408016891458512E+00   -0.107464945586023974E+01
    0.821071111351523268E-02    0.277664349903915479E+03    0.137946802058010104E+00   -0.289340928469312466E+02    0.105487646841920579E+01    0.828840578786961713E+00    0.220408296898157545E-01    0.231586470736870886E+01   -0.181888311856207241E+01   -0.103638955264688373E+00   -0.292405237886356861E+01   -0.190619721345688220E+00   -0.928653458013617844E-01   -0.274702539304119975E+00   -0.976292792145787902E+00   -0.108920511596337444E+01
    0.805286827311072970E-02    0.277663172304032003E+03    0.138118356128100139E+00   -0.288935654906229828E+02    0.105543988473078998E+01    0.826843381135338062E+00    0.220481052575702101E-01    0.231618823443520583E+01   -0.188898808278224006E+01   -0.101638149815436438E+00   -0.296390510126997642E+01   -0.202588449607500554E+00   -0.627884376305790914E-01   -0.209380353600380820E+00   -0.981215040191833365E+00   -0.106540161893699126E+01
    0.790199219192788682E-02    0.277660999166655131E+03    0.137453416658384064E+00   -0.289325003431954109E+02    0.105640973450551967E+01    0.831490422978477972E+00    0.220429741224925577E-01    0.231591190843958650E+01   -0.177644226620940038E+01   -0.103607216736068250E+00   -0.297315357035696248E+01   -0.220638781208300411E+00   -0.375400847705930907E-01   -0.261329466519244935E+00   -0.982293967585511907E+00   -0.104604208244312114E+01
    0.774763293961337404E-02    0.277660454235273278E+03    0.138162716344480629E+00   -0.289659660609665650E+02    0.105520284507356199E+01    0.825640756608530646E+00    0.221363566045062500E-01    0.231585088401649619E+01   -0.197366508358580539E+01   -0.100164333033293765E+00   -0.287525113006222810E+01   -0.206793384388862828E+00   -0.648321171254983425E-01   -0.233381696876151234E+00   -0.974589985196838815E+00   -0.106345498989193699E+01
    0.763953920578061899E-02    0.277648554398445754E+03    0.137722257176188106E+00   -0.288907542578703804E+02    0.105573608687084275E+01    0.831842808874881379E+00    0.220741417049818561E-01    0.231594278471398285E+01   -0.161882212509039203E+01   -0.104091021284477045E+00   -0.304043958035118811E+01   -0.201098154848581873E+00   -0.579706709379825963E-01   -0.330328250991371364E+00   -0.976466976216707305E+00   -0.107717271888958765E+01
    0.749153022149119663E-02    0.277647682817211603E+03    0.137716939932654409E+00   -0.289299010361303388E+02    0.105530689137293088E+01    0.827047019771488867E+00    0.219887309979486627E-01    0.231580908542391883E+01   -0.198298562853380345E+01   -0.104249854925565155E+00   -0.282193241726130317E+01   -0.247289148849958312E+00   -0.509345665339233436E-01   -0.219178109904598545E+00   -0.984423972918480938E+00   -0.107095569410093816E+01
    0.735531166594750960E-02    0.277644383518686595E+03    0.137868436686581691E+00   -0.289158894152252870E+02    0.105470273883508647E+01    0.827379262937021354E+00    0.220120849768728581E-01    0.231603893224578661E+01   -0.179517193779738959E+01   -0.104079967204819920E+00   -0.293276919810000170E+01   -0.242551818680912967E+00   -0.721601012822007254E-01   -0.236873634227147495E+00   -0.979137042659754320E+00   -0.106867220738865343E+01
    0.721047320735176273E-02    0.277644159811944178E+03    0.138548610416147716E+00   -0.289099630825134852E+02    0.105574682214630355E+01    0.830462596775820683E+00    0.220630050546271432E-01    0.231591833090114996E+01   -0.192875629334420440E+01   -0.102520393831014356E+00   -0.304722621458052112E+01   -0.194103548532726128E+00   -0.468526474101026158E-01   -0.186571911252127770E+00   -0.979541872293630878E+00   -0.105523946015540759E+01
    0.707727605611533934E-02    0.277641450782729294E+03    0.138061186316486173E+00   -0.289119256993150628E+02    0.105533357008795670E+01    0.831804249523478090E+00    0.220393678121304365E-01    0.231606387901483224E+01   -0.172172960838034972E+01   -0.100096859371879676E+00   -0.289850823362963617E+01   -0.206287847484845355E+00   -0.912942670494181208E-01   -0.182592067669642893E+00   -0.974413573320267234E+00   -0.106290328076406460E+01
    0.694911765766572081E-02    0.277637999582834539E+03    0.138194509142684413E+00   -0.289414061452992932E+02    0.105451156745938346E+01    0.832851385526796606E+00    0.220369751316589618E-01    0.231579437990842329E+01   -0.173606009059840360E+01   -0.101551611824498539E+00   -0.273353056070198397E+01   -0.190416501964447454E+00   -0.807735401772050193E-01   -0.179037007544519039E+00   -0.979769645193367400E+00   -0.106337753069456475E+01
    0.683096804112548039E-02    0.277632296179940226E+03    0.137972642926979944E+00   -0.289041241414685679E+02    0.105619521688426743E+01    0.830367266669672643E+00    0.220040938035044528E-01    0.231611614356399453E+01   -0.180320358577514783E+01   -0.102735507774049328E+00   -0.295326034356913514E+01   -0.210389923277789964E+00   -0.723685407346568027E-01   -0.286237957496561335E+00   -0.985119573418869132E+00   -0.107383195145809540E+01
    0.671663204874097756E-02    0.277626055283050334E+03    0.138148917641571695E+00   -0.289590267564139410E+02    0.105518129738575661E+01    0.829524610776229854E+00    0.220295712451413044E-01    0.231609101620845648E+01   -0.187592892003010836E+01   -0.103407058239923522E+00   -0.282036480046198479E+01   -0.208102510740900942E+00   -0.656480027913726311E-01   -0.232176858890807414E+00   -0.981121580445619923E+00   -0.106422056499786089E+01
    0.658475747644077236E-02    0.277625713964767044E+03    0.137641163009532219E+00   -0.288967824332209133E+02    0.105542525499768614E+01    0.831779287749595198E+00    0.219364466295054183E-01    0.231633065893463552E+01   -0.185653286285775287E+01   -0.100544076159451976E+00   -0.284358028608205871E+01   -0.230685974404800265E+00   -0.420899838654361438E-01   -0.244410397589233164E+00   -0.982125153228001535E+00   -0.107282293638833037E+01
    0.646751501112416069E-02    0.277621645062237519E+03    0.137500167050219640E+00   -0.289220352567252021E+02    0.105361282134574319E+01    0.827129331812907931E+00    0.220276444458645526E-01    0.231593146084451851E+01   -0.186546958564292975E+01   -0.977808509322190544E-01   -0.289429806269481160E+01   -0.215125672135932366E+00   -0.776521756110783445E-01   -0.206825915309660352E+00   -0.981531719599649799E+00   -0.108069498528050945E+01
    0.634545495676847125E-02    0.277619751370825327E+03    0.137631669070604840E+00   -0.288957710181115601E+02    0.105495813315346387E+01    0.827448686418240986E+00    0.220413337041090833E-01    0.231626795189562040E+01   -0.168288787539991169E+01   -0.107535044325987497E+00   -0.283763081992005839E+01   -0.235230534332682178E+00   -0.465519441128052908E-01   -0.230948654372737899E+00   -0.986013176007770831E+00   -0.107435618113829356E+01
    0.622497890124206008E-02    0.277618088868433063E+03    0.138121595211953885E+00   -0.289334798319770563E+02    0.105627162346513970E+01    0.833833760485449438E+00    0.220862981377202214E-01    0.231588591586404302E+01   -0.172340421804930211E+01   -0.103225270002626227E+00   -0.295092123941024065E+01   -0.196544271343443017E+00   -0.755739264492121948E-01   -0.310692595693281337E+00   -0.979601146173250448E+00   -0.107839713435877238E+01
    0.641950284013377906E-02    0.277556414291906549E+03    0.138174070912376434E+00   -0.289079132448583529E+02    0.105486073377847722E+01    0.828811846833569565E+00    0.220287861157215797E-01    0.231634927009761160E+01   -0.176789969263603486E+01   -0.103621250463423534E+00   -0.293255873380050414E+01   -0.209666612065552427E+00   -0.673235105502062864E-01   -0.346208683146797425E+00   -0.981490223303354892E+00   -0.107024332466997540E+01
    0.637454398098447842E-02    0.277570470530667478E+03    0.137906508693592916E+00   -0.289020779823251068E+02    0.105615743146066476E+01    0.835740169697633428E+00    0.220321951885042479E-01    0.231637171717403101E+01   -0.175977057521236424E+01   -0.947212781311176227E-01   -0.291466939287632520E+01   -0.217416175616882784E+00   -0.866584520282990545E-01   -0.216911972003104803E+00   -0.982789250830904182E+00   -0.106574144310416119E+01
    0.655509850317031843E-02    0.277514609354282982E+03    0.138183726983963057E+00   -0.288920872315407529E+02    0.105560751929462660E+01    0.828446684560804614E+00    0.220655105461585489E-01    0.231640343469598831E+01   -0.194864448234015053E+01   -0.104800566527521441E+00   -0.275113444251402584E+01   -0.211665951716363043E+00   -0.265456108100325244E-01   -0.218370947608176158E+00   -0.982977993296675123E+00   -0.106674819959996592E+01
    0.629338234481140093E-02    0.277596098323130718E+03    0.137976148916569064E+00   -0.289181036255454629E+02    0.105571158783022856E+01    0.828294202764714882E+00    0.220306051820297541E-01    0.231614966438243775E+01   -0.169972519116845255E+01   -0.101815595118221414E+00   -0.289723640436929442E+01   -0.240088897053948064E+00   -0.779889240405812895E-01   -0.261451437732969694E+00   -0.983517810394731629E+00   -0.105446826653115422E+01
    0.659567275756264490E-02    0.277502268060427923E+03    0.137810505028006042E+00   -0.289215203910714891E+02    0.105330817269297050E+01    0.829182166006319221E+00    0.220176449425395666E-01    0.231643803159099804E+01   -0.164555594872202127E+01   -0.105489506072872927E+00   -0.282186048826442493E+01   -0.207860881071457948E+00   -0.262151849374892415E-01   -0.246983062656412705E+00   -0.986008549426600323E+00   -0.106752804711192839E+01
    0.666611952510773060E-02    0.277481019822282121E+03    0.138055513988300238E+00   -0.289116744173030931E+02    0.105467608982135075E+01    0.830266626246023431E+00    0.221133495256863322E-01    0.231640145456561086E+01   -0.190877058413209988E+01   -0.104369723008683649E+00   -0.298251077430911105E+01   -0.215125854238077618E+00   -0.472728079867018106E-01   -0.293876629277504853E+00   -0.978874422434911851E+00   -0.106957126911659151E+01
    0.637649420498482417E-02    0.277569858745497640E+03    0.137598232837897932E+00   -0.289186419475585836E+02    0.105470668259383760E+01    0.831219013727888201E+00    0.220437860486184210E-01    0.231632807274365193E+01   -0.187835742888957413E+01   -0.100938250530666795E+00   -0.303511399350766320E+01   -0.217015294717175178E+00   -0.421680568793743327E-01   -0.183604761373619862E+00   -0.979008696788180699E+00   -0.106600902129587150E+01
    0.637929064378371397E-02    0.277568981829219467E+03    0.137768577268126080E+00   -0.289110993464900261E+02    0.105591482547789739E+01    0.829422731737330943E+00    0.220913980341524915E-01    0.231619850744288280E+01   -0.181959245119186619E+01   -0.103764709624997717E+00   -0.299058334093537503E+01   -0.196680026402778069E+00   -0.319545633658494255E-01   -0.211406880182809315E+00   -0.979568714024275811E+00   -0.106712124121812124E+01
    0.663414319312845193E-02    0.277490636592797387E+03    0.137767205226807493E+00   -0.289059392747947825E+02    0.105386540788638294E+01    0.827951144953023244E+00    0.220484049765410951E-01    0.231608877825856485E+01   -0.169198640062258665E+01   -0.103394430658682326E+00   -0.293841298167375564E+01   -0.233698365715224732E+00   -0.517175377422945393E-01   -0.284767686645993445E+00   -0.986173542678649762E+00   -0.107496952518683186E+01
    0.653213719563424527E-02    0.277521627285838406E+03    0.137833560360189816E+00   -0.289353813403461899E+02    0.105614921995651212E+01    0.829643824180778755E+00    0.220504584869090636E-01    0.231648357664964122E+01   -0.172351897001759657E+01   -0.104944488827015167E+00   -0.272566106232172034E+01   -0.218045667415363381E+00   -0.485996133012654499E-01   -0.277268760031141592E+00   -0.986827145497671143E+00   -0.106563129963326819E+01
    0.648108586214848729E-02    0.277537319507560369E+03    0.137663876435678650E+00   -0.289142613414434422E+02    0.105471267916038580E+01    0.830963982839739379E+00    0.220881791598119513E-01    0.231673125225560117E+01   -0.189453769478746459E+01   -0.995894332089971579E-01   -0.290612691729357575E+01   -0.235678445297327344E+00   -0.550120511937459700E-01   -0.166489968902870267E+00   -0.976512554719440762E+00   -0.107702075009650300E+01
    0.643076092383310441E-02    0.277552909901090459E+03    0.137575329535486651E+00   -0.289417648346846796E+02    0.105497808062884468E+01    0.832293560873340055E+00    0.220836068640120897E-01    0.231617701967749490E+01   -0.178171647865999372E+01   -0.100401274968735105E+00   -0.299559082041737357E+01   -0.223033459439806625E+00   -0.538076212320183975E-01   -0.231748536123732168E+00   -0.980464832551735554E+00   -0.106514608508175224E+01
    0.623746536092001282E-02    0.277613947827444747E+03    0.137914897922319590E+00   -0.289150231410292662E+02    0.105467212204727945E+01    0.833001623943817049E+00    0.220464295888060345E-01    0.231615610029763852E+01   -0.190755226487725049E+01   -0.101846292664356977E+00   -0.303124814309170043E+01   -0.172493665108950756E+00   -0.602799826614825451E-01   -0.218050239874292617E+00   -0.979715414473050661E+00   -0.108060204181734409E+01
    0.661441531560191982E-02    0.277496592830857367E+03    0.138307014479701867E+00   -0.289268826773998740E+02    0.105631563585147870E+01    0.829737343846995712E+00    0.221363752530327612E-01    0.231640373530469601E+01   -0.177170624908375207E+01   -0.103651950111795760E+00   -0.288924811036210905E+01   -0.206734445743523593E+00   -0.631685421723955087E-01   -0.318625350608692404E+00   -0.983964793564599427E+00   -0.105849284310891001E+01
    0.641592191320413622E-02    0.277557530243140377E+03    0.138116558385041693E+00   -0.289261550364251327E+02    0.105528740767189810E+01    0.829350251085721135E+00    0.220652089296815637E-01    0.231584305435732007E+01   -0.169827353775210899E+01   -0.995154860756830989E-01   -0.283740965895493824E+01   -0.212236140510399268E+00   -0.631109155195039573E-01   -0.208521016311270624E+00   -0.979213297100000712E+00   -0.107626820091930209E+01
    0.643929909643643425E-02    0.277550256246377899E+03    0.138221100401050900E+00   -0.289223193911815670E+02    0.105469094050244405E+01    0.829155640167563157E+00    0.220760595507473491E-01    0.231611285215400597E+01   -0.175194312307510502E+01   -0.106438169920287790E+00   -0.285040380124029324E+01   -0.209809465198403017E+00   -0.765591759593314269E-01   -0.296518867591712643E+00   -0.978065029127994867E+00   -0.107022808386166202E+01
    0.635117742561747394E-02    0.277577815208703612E+03    0.137971743295740329E+00   -0.289202069137626410E+02    0.105408245889218377E+01    0.830495369623048485E+00    0.220768321390077647E-01    0.231590065875006701E+01   -0.172139564126062639E+01   -0.986362675849139781E-01   -0.299489022112292158E+01   -0.206211870946030856E+00   -0.522236177495563475E-01   -0.229320436641599762E+00   -0.976110489024882177E+00   -0.107678411696168985E+01
    0.637578317241342674E-02    0.277570081774702885E+03    0.138189483559229442E+00   -0.289080098027303123E+02    0.105238083955054051E+01    0.828272848420514629E+00    0.220848451454358323E-01    0.231575476170788841E+01   -0.173038371143628300E+01   -0.100161274122701011E+00   -0.289356274715447137E+01   -0.213231816205502245E+00   -0.602623645370168742E-01   -0.247207409905301434E+00   -0.978733756003402955E+00   -0.107110882536330632E+01
    0.624811885071564245E-02    0.277610534773734003E+03    0.138468772271657881E+00   -0.289615010410968736E+02    0.105575188780528539E+01    0.836316610559697415E+00    0.220480876232660265E-01    0.231587208980059645E+01   -0.172425240439922112E+01   -0.104549621648825891E+00   -0.279200892458403693E+01   -0.195195977159389106E+00   -0.722755206950599638E-01   -0.289349526196804097E+00   -0.979131466609286072E+00   -0.105884012773780012E+01
    0.637752795766221084E-02    0.277569534533208696E+03    0.138590576799337700E+00   -0.289184720654810441E+02    0.105578143595116125E+01    0.834298992561497421E+00    0.221050653465399878E-01    0.231579969897922444E+01   -0.169789702751180349E+01   -0.101958764370759083E+00   -0.289267613034177229E+01   -0.199714931411555968E+00   -0.878532089235906782E-01   -0.247882141978817999E+00   -0.980939534689136416E+00   -0.105973984851027603E+01
    0.650364027597972582E-02    0.277530371517660626E+03    0.138188762134509313E+00   -0.289378144222366203E+02    0.105489474542017714E+01    0.832656356672688558E+00    0.221148624367445701E-01    0.231569694114897562E+01   -0.190264132813903797E+01   -0.100513394369356926E+00   -0.292340943154052368E+01   -0.215997156665988427E+00   -0.519532343702096139E-01   -0.240992511592748593E+00   -0.978628841935936133E+00   -0.107482060722516892E+01
    0.631391899650475714E-02    0.277589582521119837E+03    0.138083319433319862E+00   -0.289226398122043200E+02    0.105445927036902143E+01    0.829856571028469325E+00    0.220845673696676258E-01    0.231574521403236933E+01   -0.192760260293718577E+01   -0.102914963096940301E+00   -0.286439068953206011E+01   -0.182611744755173722E+00   -0.692636638989998638E-01   -0.241076001419447600E+00   -0.982725947185113302E+00   -0.105520657278782304E+01
    0.630639423108805049E-02    0.277591967490865898E+03    0.138105237475459830E+00   -0.289175673334109611E+02    0.105381560185373657E+01    0.831891546806764359E+00    0.221162214971811454E-01    0.231597708389937695E+01   -0.171171127398233680E+01   -0.102330379360619061E+00   -0.293732517320019371E+01   -0.204986350126103112E+00   -0.165472187449316535E-01   -0.240930866233287855E+00   -0.977446486565409667E+00   -0.108461699394003697E+01
    0.628207790965986876E-02    0.277599694036676851E+03    0.138119198567184243E+00   -0.289341600178445759E+02    0.105502035290712270E+01    0.826838903575051298E+00    0.221108219326980257E-01    0.231585175162486223E+01   -0.183994897875302987E+01   -0.104790304889578773E+00   -0.289635716377556429E+01   -0.204603898895824532E+00   -0.653174967063530343E-01   -0.316219122505793426E+00   -0.976111767745768466E+00   -0.106513584627502400E+01
    0.624558791891625248E-02    0.277611345079876344E+03    0.137989356139687713E+00   -0.289351441479952989E+02    0.105398414167891530E+01    0.830263584763018980E+00    0.221125924684242546E-01    0.231606279951826810E+01   -0.169467058515524993E+01   -0.103002798597147366E+00   -0.278143181063506972E+01   -0.202630626551070392E+00   -0.629533172989036188E-01   -0.248820350877903329E+00   -0.973462635796942588E+00   -0.106573327955521990E+01
    0.648247881426097360E-02    0.277536889702286089E+03    0.138098878278498677E+00   -0.289050930374521968E+02    0.105536340214009483E+01    0.832840276547424874E+00    0.220807174055859395E-01    0.231611146563465820E+01   -0.180292728590859652E+01   -0.104952129919467160E+00   -0.292436009667288799E+01   -0.207454084539387379E+00   -0.719405110875119685E-01   -0.277581050473339530E+00   -0.977763514247377952E+00   -0.107338804366016904E+01
    0.656892282092607759E-02    0.277510395913134914E+03    0.137835804831922037E+00   -0.289337163496270335E+02    0.105375314300467027E+01    0.829305517210558563E+00    0.220860803122695792E-01    0.231638019708360110E+01   -0.180378190915362446E+01   -0.984693247276149514E-01   -0.293811137374471398E+01   -0.233060867583179038E+00   -0.821842874487374725E-01   -0.211032827762966557E+00   -0.979527974381015243E+00   -0.106974451774965473E+01
    0.629573171815289798E-02    0.277595351845385892E+03    0.137830420075177706E+00   -0.289311387581119135E+02    0.105653756657121067E+01    0.826038813549100470E+00    0.221765620789958935E-01    0.231615012136104115E+01   -0.185344994326546941E+01   -0.980743760998982056E-01   -0.275835751642131521E+01   -0.223471730456341777E+00   -0.961418115422066621E-01   -0.210878210456638876E+00   -0.978841789199495382E+00   -0.109622891091374730E+01
    0.637685124607139525E-02    0.277569746761990871E+03    0.137919605272357915E+00   -0.289197604309567069E+02    0.105353122181299996E+01    0.827912940878080872E+00    0.220497487880927101E-01    0.231575487815683623E+01   -0.186165442471337039E+01   -0.101355166516920780E+00   -0.309402156164701658E+01   -0.220541366093547908E+00   -0.661566478495766858E-01   -0.280510781920691343E+00   -0.979975352820984691E+00   -0.105323590156724700E+01
    0.646239486322640506E-02    0.277543095700938522E+03    0.137646411559928517E+00   -0.289516220553890342E+02    0.105569943552560219E+01    0.826278569206829738E+00    0.221017496652001419E-01    0.231585155801101417E+01   -0.186952067008986034E+01   -0.960628328434520173E-01   -0.278172157912408879E+01   -0.225353869092521808E+00   -0.570622808597502224E-01   -0.225722616189666464E+00   -0.982992690841372752E+00   -0.107367513733806974E+01
    0.662364167452965478E-02    0.277493805001668079E+03    0.137737779423945439E+00   -0.288813353868687805E+02    0.105590080364476302E+01    0.827361327279849013E+00    0.220888584374806206E-01    0.231579959577465067E+01   -0.177966114723921276E+01   -0.105054810940577836E+00   -0.269199257055322549E+01   -0.216184126741053556E+00   -0.471286638388799042E-01   -0.344584101654562991E+00   -0.985380585369697082E+00   -0.108705746447772666E+01
    0.639512167697123702E-02    0.277564024719367524E+03    0.137659966813185014E+00   -0.289323930805749292E+02    0.105441115622844106E+01    0.831005960606770122E+00    0.220115075174935511E-01    0.231577182462760467E+01   -0.186814516546899689E+01   -0.100765966270391236E+00   -0.294408734979905651E+01   -0.207197813567416261E+00   -0.813732624708200097E-01   -0.346983977921514641E+00   -0.981778385776926221E+00   -0.108037048821957038E+01
    0.645852613448717489E-02    0.277544293364434964E+03    0.137987323488991398E+00   -0.288959992741832856E+02    0.105396264567615483E+01    0.827963262429280755E+00    0.220355193096582018E-01    0.231604088170786770E+01   -0.159515877916645743E+01   -0.993744773948226912E-01   -0.283423794538003992E+01   -0.223964407884497452E+00   -0.694741759968893341E-01   -0.244963825524941115E+00   -0.981231994411289277E+00   -0.106948101578144605E+01
    0.649943642255002615E-02    0.277531664705011167E+03    0.137623080241211559E+00   -0.289313081777021139E+02    0.105382664085924116E+01    0.828875548656134664E+00    0.220591524759230807E-01    0.231636830291838969E+01   -0.177003079717596767E+01   -0.100557968517354171E+00   -0.284415710708267522E+01   -0.219302138818459474E+00   -0.903590426997522705E-01   -0.266965286150503855E+00   -0.982112119747892587E+00   -0.106001860407475101E+01
    0.641902590339149190E-02    0.277556562887357643E+03    0.138232025952226556E+00   -0.289225409706912266E+02    0.105360344374169190E+01    0.826764799087292168E+00    0.220808290952351736E-01    0.231588386069549523E+01   -0.170124607709708253E+01   -0.101101547145432902E+00   -0.290353519145180483E+01   -0.226496597357468243E+00   -0.701552277998162693E-01   -0.242477969580511848E+00   -0.981093487128318453E+00   -0.108504385037066342E+01
    0.634755429852175337E-02    0.277578956465097633E+03    0.137670037423158087E+00   -0.289488225371463912E+02    0.105452035767424901E+01    0.827178566064829313E+00    0.220390157156729605E-01    0.231658622867091823E+01   -0.163846101035654734E+01   -0.975940161651240867E-01   -0.271370301258247748E+01   -0.191995866924832531E+00   -0.924901611777338428E-01   -0.243345136340709006E+00   -0.982006222459377076E+00   -0.106054545029405189E+01
    0.641640682139093567E-02    0.277557379091093992E+03    0.138113689810952817E+00   -0.289240535590730588E+02    0.105482130606102098E+01    0.829939057544002323E+00    0.220325480369885605E-01    0.231613108419770874E+01   -0.172869402430279684E+01   -0.100342646489434653E+00   -0.285168949025258511E+01   -0.215564925759075737E+00   -0.803437231144653596E-01   -0.240826013543891798E+00   -0.980016013701412336E+00   -0.107884990131471659E+01
    0.643555555177899394E-02    0.277551419302541319E+03    0.137692845462814045E+00   -0.289215698443617342E+02    0.105398933222838243E+01    0.830137483507214946E+00    0.220351395997050586E-01    0.231586089010555174E+01   -0.188761038105687051E+01   -0.987214171680616120E-01   -0.291022426296958070E+01   -0.212983337221464564E+00   -0.580110922621090638E-01   -0.210230695895029185E+00   -0.980341786309084640E+00   -0.108538528023779413E+01
    0.633434297367775189E-02    0.277583123453471558E+03    0.138212971735554135E+00   -0.289516659857332535E+02    0.105432580267831910E+01    0.827637178399690310E+00    0.220724480242916188E-01    0.231599169587083509E+01   -0.173525466429448239E+01   -0.983150421171880284E-01   -0.280256559194614674E+01   -0.223730515699689714E+00   -0.721115588895468590E-01   -0.202474914714388221E+00   -0.978166274811843484E+00   -0.107161705732843737E+01
    0.659244659556033723E-02    0.277503246565999575E+03    0.137951777588618790E+00   -0.289414799934302849E+02    0.105482852802227223E+01    0.828367351206412472E+00    0.221011621793592017E-01    0.231587373217946579E+01   -0.178427559995900098E+01   -0.998265456403629042E-01   -0.291923616769341798E+01   -0.226112320653250154E+00   -0.671244976812743338E-01   -0.276333428698019690E+00   -0.980667630132592838E+00   -0.105983883596942463E+01
    0.627874329365005375E-02    0.277600755946892491E+03    0.137303737869215126E+00   -0.289476233631594368E+02    0.105421413835721633E+01    0.828584430327092281E+00    0.220170189992407658E-01    0.231629504690967547E+01   -0.161764072689245397E+01   -0.991866769908100188E-01   -0.287224093834659433E+01   -0.213673476063460849E+00   -0.843318721901919893E-01   -0.248086018049847951E+00   -0.981245832612246072E+00   -0.107441076286656512E+01
    0.647339932498857632E-02    0.277539692905793004E+03    0.138008381300821437E+00   -0.289323407575764655E+02    0.105455330315088247E+01    0.829124916659000344E+00    0.220273679952506969E-01    0.231600352235597784E+01   -0.181905741440592128E+01   -0.981885676070214236E-01   -0.284045449515950965E+01   -0.208151205512147469E+00   -0.842625457643262910E-01   -0.264027264790112459E+00   -0.983846601182024938E+00   -0.106813616589969396E+01
    0.631166241277096064E-02    0.277590297445426188E+03    0.137805795143447485E+00   -0.289587954381860158E+02    0.105483559311177455E+01    0.829053575835288381E+00    0.220187524427894743E-01    0.231594785054401386E+01   -0.190331835638154723E+01   -0.102711300805643974E+00   -0.284626263097467058E+01   -0.217536477640084602E+00   -0.606151603083064511E-01   -0.263200287222969564E+00   -0.980071104471578414E+00   -0.106675157267275833E+01
    0.644730828407651807E-02    0.277547770196035913E+03    0.137829958547185050E+00   -0.288995289999807383E+02    0.105482636431609533E+01    0.830332887847334611E+00    0.220723550815610098E-01    0.231592908896594629E+01   -0.173356985757712279E+01   -0.102614061540702226E+00   -0.282226189907189884E+01   -0.216071122955014322E+00   -0.579477588644657163E-01   -0.335598094170689643E+00   -0.980969581291953885E+00   -0.107269378079627109E+01
    0.644204491241114410E-02    0.277549403597457285E+03    0.137762546077001780E+00   -0.289382107332402470E+02    0.105339333239319943E+01    0.835214015433618950E+00    0.220677738529041663E-01    0.231591678967827219E+01   -0.195337703714695721E+01   -0.978284724853178689E-01   -0.292209542191645655E+01   -0.217676727951666316E+00   -0.711513792754365493E-01   -0.290145774045886040E+00   -0.980999411987832692E+00   -0.106472997998088048E+01
    0.643043830846519622E-02    0.277553010238659965E+03    0.138032049907207605E+00   -0.289288900073461299E+02    0.105495490913181889E+01    0.829973794026030109E+00    0.220780101304196945E-01    0.231587379891334866E+01   -0.177784689751770175E+01   -0.102919236752224710E+00   -0.296672615461682199E+01   -0.231370987936241612E+00   -0.619751796375594965E-01   -0.285586807620609950E+00   -0.977805625063038364E+00   -0.107344573674013088E+01
    0.627631828831777972E-02    0.277601528545368922E+03    0.137831927960899825E+00   -0.289178309660573234E+02    0.105546072575106797E+01    0.827883585320843607E+00    0.220404452829957576E-01    0.231612286704970183E+01   -0.180492302642506597E+01   -0.107121930920434899E+00   -0.291029093348059398E+01   -0.231367494023130560E+00   -0.707262424109064702E-01   -0.305553473924159102E+00   -0.978811947496752266E+00   -0.106650636336764304E+01
    0.657693326524242186E-02    0.277507958507687817E+03    0.137705779350885626E+00   -0.289328212111735752E+02    0.105509963840358334E+01    0.830426986247988275E+00    0.220068433814410297E-01    0.231591111246045323E+01   -0.183315366734579932E+01   -0.102661321889451443E+00   -0.282103082122264004E+01   -0.217581539600353618E+00   -0.547613595896379451E-01   -0.322978070230526493E+00   -0.986090133177685124E+00   -0.107247075578541984E+01
    0.637979109677538989E-02    0.277568824936113174E+03    0.137642213472371627E+00   -0.289518438591369858E+02    0.105456813045930531E+01    0.828760560126388102E+00    0.220733729649949910E-01    0.231604022893545691E+01   -0.175381422763272576E+01   -0.971256408764255702E-01   -0.289336837295283367E+01   -0.222181478481478817E+00   -0.728767087300985494E-01   -0.224644574572300332E+00   -0.977807792718990654E+00   -0.106893346240638887E+01
    0.640383051005265994E-02    0.277561302985807401E+03    0.137793690420356801E+00   -0.289224776141881392E+02    0.105517228364070959E+01    0.829463789405184060E+00    0.220952424002424305E-01    0.231635456044628940E+01   -0.174092701786783843E+01   -0.984670370873505924E-01   -0.287505956711666988E+01   -0.210694504346593620E+00   -0.101295072877416681E+00   -0.236997019531045960E+00   -0.976584827174979409E+00   -0.107426526741234230E+01
