    0.220465057775088319E+00   -0.317888561151222149E+02    0.154553315124733981E+01    0.494678205973550056E+00    0.204299613770084140E-01    0.236669588670600950E+01   -0.163103059562825292E+01   -0.182154380923438608E+00   -0.382569031594374698E+01   -0.326865153397067898E-01   -0.469863024653719430E-01   -0.448182643056561740E-02   -0.778260202400248430E-01   -0.106736889791056799E+01   -0.260499364234686652E+02   -0.391195633965034517E+01    1
    0.220268393682523350E+00   -0.319198978071927932E+02    0.154572063938606297E+01    0.486234565407094255E+00    0.203512536277496471E-01    0.236515669023023989E+01   -0.102824842753705736E+01   -0.184808329871754939E+00   -0.406525113849721098E+01   -0.346947558288992555E-01   -0.356425944630486755E-01    0.409300627410742572E-02   -0.813092215243462341E-01   -0.106474865714401967E+01   -0.260251786285951141E+02   -0.393195633965034208E+01    1
    0.220166786599885450E+00   -0.320155229443407237E+02    0.154618983857542802E+01    0.493858661259047260E+00    0.204397489970792358E-01    0.236598583773277227E+01   -0.147396389008364492E+01   -0.184082821471936303E+00   -0.413397308869052882E+01   -0.362558074114821133E-01   -0.629225068792226838E-01   -0.339184412475089427E-02   -0.789268064216874371E-01   -0.107711782861353589E+01   -0.259978667760382756E+02   -0.395195633965034165E+01    1
    0.220189525942932118E+00   -0.316793848780540586E+02    0.154565886011364584E+01    0.498548360387519096E+00    0.203868903826959630E-01    0.236554962911000022E+01   -0.166298210380033029E+01   -0.184447611579668547E+00   -0.422611580932737407E+01   -0.331100437063640909E-01   -0.446337971522159371E-01   -0.852249865476056943E-03   -0.783391968527678284E-01   -0.107718692159289597E+01   -0.259893234783831346E+02   -0.397195633965034300E+01    1
    0.219877341236005108E+00   -0.320059885488323985E+02    0.154527321113309091E+01    0.491127542802837047E+00    0.204463618120098792E-01    0.236662055953866801E+01   -0.156087821951505723E+01   -0.184226459648936719E+00   -0.442227367092511958E+01   -0.348025481435306414E-01   -0.565299611727608925E-01   -0.809823352788358736E-02   -0.764297416891246001E-01   -0.108489530126657008E+01   -0.259887635342774459E+02   -0.399195633965034391E+01    1
    0.220199242947214713E+00   -0.319668045430341188E+02    0.154608108907042818E+01    0.485640270976692268E+00    0.204277913344822100E-01    0.236548172759249242E+01   -0.135469312052882196E+01   -0.184758141749959831E+00   -0.358811305838832340E+01   -0.345823693352038941E-01   -0.442403895884157100E-01   -0.492066482107947518E-03   -0.786758670234623397E-01   -0.107322180371954068E+01   -0.259852392070277389E+02   -0.401195633965034215E+01    1
    0.220136298483315257E+00   -0.317009996708397246E+02    0.154553788660914493E+01    0.493075125987000595E+00    0.204742185293243853E-01    0.236683673415291462E+01   -0.168567364523580943E+01   -0.184800161886017528E+00   -0.438977437710943974E+01   -0.326712036099100628E-01   -0.423770726248043766E-01   -0.396239542911163995E-02   -0.761531796869465427E-01   -0.106773570058430556E+01   -0.259756544521757959E+02   -0.403195633965034173E+01    1
    0.220045443765089582E+00   -0.320433106863480432E+02    0.154540875254394217E+01    0.494709652607877748E+00    0.204409779943479364E-01    0.236643040889838696E+01   -0.172226809475343634E+01   -0.184078964359826208E+00   -0.448739890081686710E+01   -0.337622508191089549E-01   -0.318590654982176466E-01   -0.604787159891391653E-02   -0.789499547968497695E-01   -0.107970380731559690E+01   -0.259684611295140257E+02   -0.405195633965034396E+01    1
    0.219941150410992603E+00   -0.318980528260691329E+02    0.154518051942846091E+01    0.500409460944015172E+00    0.203728221523262441E-01    0.236620580872442021E+01   -0.154364147321465262E+01   -0.183366701118931108E+00   -0.466483526829898576E+01   -0.334050088901378384E-01   -0.527761738333950708E-01    0.745641139387107511E-02   -0.787307017065213416E-01   -0.108710766992421304E+01   -0.259667868366961265E+02   -0.407195633965034443E+01    1
    0.220084092736943460E+00   -0.319123679498975328E+02    0.154580158196619921E+01    0.497218168132232574E+00    0.203985528918605337E-01    0.236677369516943248E+01   -0.165670052436831838E+01   -0.184791983051736858E+00   -0.395182436266326054E+01   -0.337091197896123018E-01   -0.406614962388737733E-01    0.221332165765654714E-02   -0.763859534758896813E-01   -0.107073713250151403E+01   -0.259639807340769195E+02   -0.409195633965034400E+01    1
    0.219957979981053819E+00   -0.322169163500497788E+02    0.154531439082864641E+01    0.492575618120104086E+00    0.204300258074752925E-01    0.236784672474351687E+01   -0.144899538417360985E+01   -0.183387323812198494E+00   -0.408973263102801532E+01   -0.348012159645006147E-01   -0.573113953560649703E-01    0.348431279293901419E-02   -0.781684153944506993E-01   -0.106602375928490067E+01   -0.259626388828965524E+02   -0.411195633965034357E+01    1
    0.220216859081290628E+00   -0.319856589847824253E+02    0.154515186833317331E+01    0.499594135262284578E+00    0.204436090247155540E-01    0.236584496807811107E+01   -0.149007381797819582E+01   -0.183400623704814275E+00   -0.397557623239760050E+01   -0.329274375158235544E-01   -0.662190281970296557E-01    0.423004785319221156E-03   -0.784377144706650403E-01   -0.106763291842746755E+01   -0.259624253717084308E+02   -0.413195633965034226E+01    1
    0.220207510809536933E+00   -0.320945213542663410E+02    0.154591686645211501E+01    0.495375338901824225E+00    0.204478933225538083E-01    0.236536669369705033E+01   -0.189960048899298783E+01   -0.184405368861631808E+00   -0.401621324988865602E+01   -0.351436415935189803E-01   -0.525181437616455277E-01   -0.209875948975246683E-03   -0.774833338927381071E-01   -0.107611167222289938E+01   -0.259619493496798057E+02   -0.415195633965034450E+01    1
    0.219961446002909483E+00   -0.320577514067003477E+02    0.154504601690854559E+01    0.492840177954187719E+00    0.204173731577394352E-01    0.236607728050604083E+01   -0.167610952714583417E+01   -0.184701019262908328E+00   -0.401226576632259402E+01   -0.317482007313321310E-01   -0.337130489063370425E-01    0.475617687997195683E-03   -0.797306482957859525E-01   -0.108086806463977569E+01   -0.259611454388149632E+02   -0.417195633965034762E+01    1
    0.220101273266557595E+00   -0.319949068556528182E+02    0.154532662536070609E+01    0.483183606892918505E+00    0.204665716381878526E-01    0.236597267226492392E+01   -0.154073043940980359E+01   -0.185140419427543890E+00   -0.408464674078997358E+01   -0.355082293765790619E-01   -0.538438117177492612E-01   -0.234203409217715805E-03   -0.788026494070539624E-01   -0.109127939219613324E+01   -0.259611383190199625E+02   -0.419195633965034720E+01    1
    0.220222066264511407E+00   -0.317940812000689590E+02    0.154538144898347385E+01    0.491483118527885121E+00    0.204935985375947413E-01    0.236631990378861268E+01   -0.165911742595246547E+01   -0.183871141809636485E+00   -0.441015481987474800E+01   -0.350233053319096779E-01   -0.338536130370082761E-01    0.326350857541728937E-02   -0.796178140619705210E-01   -0.106814074938568981E+01   -0.259602188848115425E+02   -0.421195633965034677E+01    1
    0.220012920972745329E+00   -0.319118181138576773E+02    0.154617047604409730E+01    0.485550042731763498E+00    0.204494826583680768E-01    0.236616255423024402E+01   -0.146304284133562312E+01   -0.183755992808743801E+00   -0.431918732210946477E+01   -0.337499005408955846E-01   -0.467134096417482075E-01   -0.919663923593735163E-03   -0.781278227019618771E-01   -0.108201204823484676E+01   -0.259601142974370127E+02   -0.423195633965034279E+01    1
    0.220167548323733364E+00   -0.320510532664288093E+02    0.154632896191906144E+01    0.476295546248496349E+00    0.204307916031242418E-01    0.236610787318141957E+01   -0.161522530098541184E+01   -0.183749735679544307E+00   -0.447925193349019679E+01   -0.345459211914873332E-01   -0.420672446722283599E-01   -0.146233913732662837E-02   -0.763574475299167582E-01   -0.108091302991459659E+01   -0.259599575040002968E+02   -0.425195633965034059E+01    1
    0.219840580706279709E+00   -0.320328969580257237E+02    0.154562494548495222E+01    0.489430766878229229E+00    0.204517626267125482E-01    0.236578329843960367E+01   -0.134210061729810426E+01   -0.183244577255075980E+00   -0.402746548835867380E+01   -0.346944363811092227E-01   -0.372197654665621866E-01    0.483410558570587876E-03   -0.784380671086947756E-01   -0.109383782225538684E+01   -0.259585413694297849E+02   -0.427195633965034727E+01    1
    0.219805315218210673E+00   -0.318757061270619353E+02    0.154482715510098001E+01    0.497525781854051163E+00    0.204272662779234823E-01    0.236574641292942411E+01   -0.138652229050226916E+01   -0.183603286380689040E+00   -0.424143601090851163E+01   -0.345291011092939901E-01   -0.543075322873850797E-01    0.457500789029960907E-02   -0.769654344956675618E-01   -0.108042398537603801E+01   -0.259553607492529999E+02   -0.429195633965034329E+01    1
    0.220066349301712205E+00   -0.322253748809813771E+02    0.154535476633821256E+01    0.488337215429772264E+00    0.203788752205709134E-01    0.236624862254171076E+01   -0.153302275574080515E+01   -0.183337617382637846E+00   -0.424755768111395948E+01   -0.331684494412305686E-01   -0.544653844671990559E-01   -0.122201563783563925E-02   -0.787798124090019619E-01   -0.106385988534367271E+01   -0.259547613137255304E+02   -0.431195633965034109E+01    1
    0.219968965973784791E+00   -0.322422991402175185E+02    0.154567342994427981E+01    0.498634689873735937E+00    0.204541496056741684E-01    0.236630353438739283E+01   -0.154571188466457499E+01   -0.186240669340407422E+00   -0.404544646207565606E+01   -0.323327212125052582E-01   -0.424495925486029074E-01    0.599691599286246240E-03   -0.786466991050813052E-01   -0.108635680572137838E+01   -0.259543322507017642E+02   -0.433195633965034244E+01    1
    0.220121933642476120E+00   -0.321590058507357739E+02    0.154510380879612352E+01    0.486597748705508648E+00    0.204577183561517571E-01    0.236674058061459158E+01   -0.137094641550453855E+01   -0.184071806899763796E+00   -0.381630581067267194E+01   -0.329198845728521650E-01   -0.493496081508096665E-01   -0.144655816582030380E-02   -0.800459726616327694E-01   -0.108626253708229115E+01   -0.259538300832141537E+02   -0.435195633965034201E+01    1
    0.220088315364439346E+00   -0.322166190909594050E+02    0.154549715776222563E+01    0.492375817079109324E+00    0.204544931996233741E-01    0.236609897657924861E+01   -0.135658296274047485E+01   -0.185324930722374631E+00   -0.394685362723692768E+01   -0.322271011348287742E-01   -0.457626135413148963E-01   -0.278573681960548290E-02   -0.792125480692060235E-01   -0.109427295824045268E+01   -0.259529304512588901E+02   -0.437195633965034336E+01    1
    0.219817584565570684E+00   -0.322338635937008746E+02    0.154495720841423911E+01    0.492775151649967269E+00    0.203955198084481946E-01    0.236593436097995680E+01   -0.126886586631842846E+01   -0.183493426512957553E+00   -0.435922787646577437E+01   -0.340120639729528246E-01   -0.249921388201794943E-01   -0.529572086363321124E-02   -0.770165030149047858E-01   -0.106693596930345591E+01   -0.259524879775789756E+02   -0.439195633965034649E+01    1
    0.220485185253576604E+00   -0.320478972250661656E+02    0.154569441692994269E+01    0.487190240630980487E+00    0.204655376001354958E-01    0.236637984021541570E+01   -0.166216223781087002E+01   -0.183778309481635815E+00   -0.408882269483733474E+01   -0.332435538262291705E-01   -0.544334807210041099E-01    0.168198643831803953E-02   -0.775658271886020129E-01   -0.106527035161882488E+01   -0.259521886697117239E+02   -0.441195633965034784E+01    1
    0.220295833645068995E+00   -0.320602012559726575E+02    0.154501787478576369E+01    0.499458642702402200E+00    0.203669530069945891E-01    0.236607821093802295E+01   -0.179936575621313777E+01   -0.184674830927228945E+00   -0.438377930878956246E+01   -0.337538005817140455E-01   -0.388755307037171247E-01   -0.881568484725553641E-03   -0.776336117808996140E-01   -0.108434598487786804E+01   -0.259521206920368925E+02   -0.443195633965034474E+01    1
    0.219895075834815185E+00   -0.320832682398782580E+02    0.154491277766637958E+01    0.479983602816411670E+00    0.203831498618262490E-01    0.236655526188124954E+01   -0.151966529844452092E+01   -0.184853523787174318E+00   -0.409684268750143765E+01   -0.320810322527763161E-01   -0.460823395313302644E-01   -0.328477101132333259E-02   -0.768416900379759044E-01   -0.106657894202624970E+01   -0.259519163464393117E+02   -0.445195633965034343E+01    1
    0.219999776815132525E+00   -0.321212933240785716E+02    0.154542871273098825E+01    0.492100758319727216E+00    0.204722003971618792E-01    0.236607682900030181E+01   -0.165935084179961656E+01   -0.183896785934586721E+00   -0.402945662334074584E+01   -0.319022461031025703E-01   -0.542133805976252187E-01   -0.436786544747866552E-02   -0.787254815027488147E-01   -0.107078847195852744E+01   -0.259509489481259372E+02   -0.447195633965034745E+01    1
    0.220277561360925522E+00   -0.320540075527277395E+02    0.154585760128381366E+01    0.492498986284243989E+00    0.204696818426032233E-01    0.236652947913930234E+01   -0.173394943327581208E+01   -0.184124429973746062E+00   -0.407429636175811805E+01   -0.332886405918504449E-01   -0.594085964794698121E-01    0.587494989237472356E-03   -0.781380500221265234E-01   -0.105718664946615015E+01   -0.259506675310114154E+02   -0.449195633965034435E+01    1
    0.220177955909547474E+00   -0.320968765841526107E+02    0.154535422055117300E+01    0.486781834078548248E+00    0.204293541200817226E-01    0.236696654041813836E+01   -0.143931630825112422E+01   -0.184094360344135510E+00   -0.405160355596358457E+01   -0.302605751900907119E-01   -0.482807736171895346E-01    0.291415617354773152E-03   -0.787322249645748262E-01   -0.108529398713386360E+01   -0.259505862668778420E+02   -0.451195633965034482E+01    1
    0.220439763061345745E+00   -0.322677031108288830E+02    0.154642781355038750E+01    0.498401850902468357E+00    0.204655186509533488E-01    0.236626102935774218E+01   -0.149889661762098747E+01   -0.185134881642728066E+00   -0.426113622524233993E+01   -0.330411690061052296E-01   -0.456764851181069853E-01    0.868734564651241561E-02   -0.774798029489935092E-01   -0.108863484278349731E+01   -0.259501732690136109E+02   -0.453195633965034705E+01    1
    0.220185827241749732E+00   -0.319267819506586896E+02    0.154570673873820930E+01    0.495610195531782871E+00    0.204426794919753511E-01    0.236564856790447076E+01   -0.138909322635269694E+01   -0.183325476837660095E+00   -0.431035232530650791E+01   -0.332404716031769049E-01   -0.398718214132231102E-01    0.524997984507370643E-02   -0.782865434247877329E-01   -0.106395566315132895E+01   -0.259500209836214779E+02   -0.455195633965034396E+01    1
    0.220218205544822881E+00   -0.320289514977650285E+02    0.154535174941210940E+01    0.503380192155480355E+00    0.204279313200612309E-01    0.236679792411802925E+01   -0.156341696808352992E+01   -0.184287132698179146E+00   -0.399866729395005960E+01   -0.333800128806727020E-01   -0.504141143641261974E-01    0.324978053130970529E-02   -0.785995044254064607E-01   -0.108695837365445303E+01   -0.259484124859561511E+02   -0.457195633965034354E+01    1
    0.220291915614901412E+00   -0.321092292727144866E+02    0.154511242287625072E+01    0.483262742523268951E+00    0.204322386575074566E-01    0.236562567307819105E+01   -0.141390507535673682E+01   -0.184352742131298986E+00   -0.415269787404618018E+01   -0.355300432890073431E-01   -0.349849316999449531E-01   -0.776607654766358659E-04   -0.782363044783152550E-01   -0.108635490078085484E+01   -0.259483848317809631E+02   -0.459195633965034666E+01    1
    0.219861852073277325E+00   -0.321205598371809913E+02    0.154609629001995930E+01    0.493943937189065652E+00    0.204277039444358682E-01    0.236586432384544354E+01   -0.149940551578498660E+01   -0.184626103795569124E+00   -0.409162708027974276E+01   -0.353862985722017409E-01   -0.282491208391438160E-01    0.576552804262963920E-02   -0.777766799934191261E-01   -0.107794101455860525E+01   -0.259470527183828246E+02   -0.461195633965034801E+01    1
    0.220096074741849917E+00   -0.322801639128848237E+02    0.154519311557609029E+01    0.488171686094596824E+00    0.203940586103343868E-01    0.236514661095953027E+01   -0.152754116834825404E+01   -0.183800735855879555E+00   -0.468177597196508266E+01   -0.331528939007090864E-01   -0.503091003231272774E-01   -0.202165063694274448E-02   -0.774883654069487143E-01   -0.106947590301784112E+01   -0.259462691273196171E+02   -0.463195633965034759E+01    1
    0.219781610928482002E+00   -0.319104017633030494E+02    0.154546608115372197E+01    0.488187134890654184E+00    0.204299874432675027E-01    0.236624177215341724E+01   -0.145910292029896649E+01   -0.184320133271319936E+00   -0.428570424391852978E+01   -0.328075004484614172E-01   -0.452815198702394214E-01    0.193952077226352973E-03   -0.776798469909529554E-01   -0.107803932843618888E+01   -0.259460956809384697E+02   -0.465195633965034716E+01    1
    0.220062093321126334E+00   -0.321098104990670521E+02    0.154536018638571493E+01    0.500621081670152401E+00    0.204087644422975591E-01    0.236609081903379481E+01   -0.160863967812369779E+01   -0.183375775238470401E+00   -0.393410693041086024E+01   -0.322125766604111838E-01   -0.513731698423400135E-01    0.578583928686435267E-02   -0.774077808498642023E-01   -0.107074007031491170E+01   -0.259459273060286257E+02   -0.467195633965034407E+01    1
    0.219837051977642417E+00   -0.320466875709296701E+02    0.154542557143285575E+01    0.499773018576379346E+00    0.203678877184194848E-01    0.236698039205725941E+01   -0.179257879689991539E+01   -0.183695554606808531E+00   -0.425146709249241983E+01   -0.339019768803031224E-01   -0.322123524482894608E-01    0.559759475839584787E-02   -0.770730010939549015E-01   -0.107964341671101893E+01   -0.259447809696396234E+02   -0.469195633965034364E+01    1
    0.220274394273001883E+00   -0.323558538790848900E+02    0.154498774660616989E+01    0.491673256962113447E+00    0.203868202550360547E-01    0.236646122496131817E+01   -0.139919507774375385E+01   -0.183158246288474380E+00   -0.383141866227446881E+01   -0.319236051883905123E-01   -0.408030784873426658E-01   -0.444507305686923709E-03   -0.779314287606921452E-01   -0.107894032345954627E+01   -0.259438802620712821E+02   -0.471195633965034677E+01    1
    0.220460229448761091E+00   -0.319928463384916739E+02    0.154541708289507995E+01    0.506329350917812171E+00    0.204514341268479949E-01    0.236665350755094206E+01   -0.163199256782177859E+01   -0.184825940085476675E+00   -0.430576630067184052E+01   -0.342887107722105941E-01   -0.356009584096423221E-01    0.482229990536853920E-02   -0.785387078992214743E-01   -0.109057304689890677E+01   -0.259431739634373635E+02   -0.473195633965034634E+01    1
    0.220073354896819146E+00   -0.324570836813664911E+02    0.154581469238330982E+01    0.487404132413275792E+00    0.203857415507086165E-01    0.236681736825060174E+01   -0.170938485011648411E+01   -0.184293853777314776E+00   -0.432592818909027521E+01   -0.331319151506855522E-01   -0.628072372041656168E-01    0.819324877612245817E-02   -0.781801741073821499E-01   -0.110048886003666424E+01   -0.259428228275832637E+02   -0.475195633965034325E+01    1
    0.220292923213228575E+00   -0.322167281596622885E+02    0.154566626371356275E+01    0.494698623904998025E+00    0.204183714465186843E-01    0.236636728681744746E+01   -0.158009095564799962E+01   -0.184038553580621461E+00   -0.386404140489007775E+01   -0.322168187423339872E-01   -0.425619489521861377E-01    0.784163279563791543E-03   -0.770053290347805508E-01   -0.108798991255222921E+01   -0.259425977436374886E+02   -0.477195633965034460E+01    1
    0.220240214436987436E+00   -0.323701295255315245E+02    0.154574119905946605E+01    0.486788082227196717E+00    0.204496239601448387E-01    0.236584982750914463E+01   -0.147800948983955638E+01   -0.183897902462916985E+00   -0.402609221572700093E+01   -0.338577315851398483E-01   -0.272390039812725054E-01   -0.305970622525725613E-02   -0.774907878542032552E-01   -0.108523260923632581E+01   -0.259424118491593454E+02   -0.479195633965034506E+01    1
    0.220222754282535765E+00   -0.321313962567062390E+02    0.154551670656340479E+01    0.491599012088739684E+00    0.204212148322942405E-01    0.236654460212558382E+01   -0.145262321065687594E+01   -0.184640105425054324E+00   -0.393360521295305565E+01   -0.326745644953846948E-01   -0.375183104628116840E-01   -0.120606058729265993E-02   -0.769178383428878593E-01   -0.106652111141265848E+01   -0.259421154429547123E+02   -0.481195633965034641E+01    1
    0.220372347147552716E+00   -0.324478415807710761E+02    0.154553138091985898E+01    0.487408886063332381E+00    0.204371363437948449E-01    0.236588705406028588E+01   -0.112474512032821505E+01   -0.182991396748990315E+00   -0.366149477822437186E+01   -0.318043296375729728E-01   -0.309889382358116347E-01    0.163986229756658787E-02   -0.776288690063715175E-01   -0.108162348320118062E+01   -0.259419423923136669E+02   -0.483195633965034776E+01    1
    0.220462188415972260E+00   -0.322438115252994564E+02    0.154557015401334485E+01    0.497345043943949572E+00    0.204146113250875012E-01    0.236545477436819773E+01   -0.151114356784841131E+01   -0.183820762490287115E+00   -0.425277873299025799E+01   -0.336450598961954769E-01   -0.502479050898337887E-01    0.170951645890594071E-02   -0.769643218087195102E-01   -0.108224762292238230E+01   -0.259415378868873816E+02   -0.485195633965034734E+01    1
    0.220027634699502872E+00   -0.318335035297131235E+02    0.154540689815416621E+01    0.491695656163050165E+00    0.204132659264991134E-01    0.236602092481664483E+01   -0.173980114886095527E+01   -0.184828810076899580E+00   -0.434535796883014669E+01   -0.317435648626612221E-01   -0.517465494251957495E-01    0.212119335202398760E-02   -0.760502417293958399E-01   -0.109635230956974028E+01   -0.259411878778872662E+02   -0.487195633965034602E+01    1
    0.220303974249560580E+00   -0.319838994242019901E+02    0.154536196459151776E+01    0.489422190032280158E+00    0.204289779175715093E-01    0.236681954192416288E+01   -0.149988540513352464E+01   -0.184688440221826622E+00   -0.433003107329264125E+01   -0.332778314801181266E-01   -0.354241492549590767E-01    0.138139813429053165E-02   -0.777996404036439132E-01   -0.107935704755030670E+01   -0.259410262329515326E+02   -0.489195633965034382E+01    1
    0.220592237817090447E+00   -0.321376356388121849E+02    0.154574686993452781E+01    0.487815728916401126E+00    0.204552716006902516E-01    0.236594486077304555E+01   -0.139767707457612400E+01   -0.185475279079971855E+00   -0.436746216395692954E+01   -0.323025270845755871E-01   -0.444408734677042144E-01    0.204042897535858464E-02   -0.787219967018599476E-01   -0.107847533317796107E+01   -0.259409319509773475E+02   -0.491195633965034428E+01    1
    0.220428986727782744E+00   -0.321092806577285756E+02    0.154540032508261826E+01    0.492818238397291164E+00    0.204160498060893987E-01    0.236514752050430177E+01   -0.145960281234569278E+01   -0.183858621483558110E+00   -0.386887275834501443E+01   -0.346677108373431506E-01   -0.448120499640436362E-01    0.560750638890263834E-02   -0.778470210880629343E-01   -0.106786592977676453E+01   -0.259408374169197415E+02   -0.493195633965034563E+01    1
    0.220602322996696187E+00   -0.318821580713111352E+02    0.154491160748759881E+01    0.478632000031084304E+00    0.204566636883059851E-01    0.236633908096907186E+01   -0.142416005159642234E+01   -0.185228198336153088E+00   -0.420514477508557150E+01   -0.316510736963362613E-01   -0.509774614980801621E-01    0.292371541863229324E-02   -0.786482831314829628E-01   -0.106537298844623729E+01   -0.259407384226197273E+02   -0.495195633965034610E+01    1
    0.220194871968195621E+00   -0.320721357775234068E+02    0.154530410282468589E+01    0.491869211320847322E+00    0.203843752686371921E-01    0.236576356343958993E+01   -0.145745571990275202E+01   -0.184361091368652474E+00   -0.370803156178535254E+01   -0.312995386678692686E-01   -0.416759518381697724E-01    0.587003950063817032E-02   -0.787761596154200189E-01   -0.107962068629677788E+01   -0.259400264423510656E+02   -0.497195633965034567E+01    1
    0.220265452822567404E+00   -0.321775847344096988E+02    0.154570043766408527E+01    0.491064166841547800E+00    0.204230940637874468E-01    0.236542858654269361E+01   -0.146162496580258972E+01   -0.183858039603571083E+00   -0.420637560807874600E+01   -0.330096133210745143E-01   -0.471367336572146786E-01    0.602734160213719197E-03   -0.762113887830647707E-01   -0.108866554394341186E+01   -0.259389138527023917E+02   -0.499195633965034435E+01    1
    0.220086670195282136E+00   -0.322145496101993629E+02    0.154567471268776169E+01    0.481901847485016577E+00    0.204329176505192792E-01    0.236613673411193526E+01   -0.163187936119663357E+01   -0.184615344635416595E+00   -0.454819537600196799E+01   -0.330528521932400704E-01   -0.496313038816298263E-01    0.331455002113556236E-02   -0.786624221605784490E-01   -0.108730098635893135E+01   -0.259383374249539358E+02   -0.501195633965034304E+01    1
    0.219811697372092996E+00   -0.320023851082444182E+02    0.154580873487231374E+01    0.482277553014557436E+00    0.204225359874459986E-01    0.236619497607771434E+01   -0.154732065656266160E+01   -0.184272988818040939E+00   -0.405894503260349460E+01   -0.330045847548269891E-01   -0.494863957584790876E-01    0.460285550421904964E-02   -0.763121273938702771E-01   -0.107363754769109354E+01   -0.259378433893058791E+02   -0.503195633965034617E+01    1
    0.219664231251101266E+00   -0.320807707185612756E+02    0.154587179617423232E+01    0.493939986329011316E+00    0.204125631071611913E-01    0.236587418127376514E+01   -0.173147067038551361E+01   -0.184721980447782291E+00   -0.406055880844701367E+01   -0.327477954837127327E-01   -0.355448306866736063E-01    0.497823567731277544E-02   -0.772447976577421147E-01   -0.108315209120760048E+01   -0.259376295518959594E+02   -0.505195633965034840E+01    1
    0.220071975009704018E+00   -0.321694770574236486E+02    0.154592000591641288E+01    0.488766721268984405E+00    0.204046028529873864E-01    0.236544607490082681E+01   -0.164920288603350196E+01   -0.184278683870282456E+00   -0.414486985079321002E+01   -0.329492921486139595E-01   -0.506110227260842538E-01    0.348493629311299926E-02   -0.772557768137735051E-01   -0.106513526065080333E+01   -0.259376113211293600E+02   -0.507195633965034709E+01    1
