         MJD         m       dm    uJy  duJy F  err  chi/N        RA      Dec        x        y  maj  min   phi  apfit  mag5sig   Sky            Obs     Mask  uJy_offset
57307.607283 19.510313      NaN    5.5    19 c    0   1.04 121.17658 61.52737  1096.96  7222.98 4.92 3.85 -54.3 -0.424    19.34 21.42 02a57307o0433c 0xc00800        50.5
57307.629005 19.569016      NaN    8.5    18 c    0   0.94 121.17658 61.52737  1095.93  7225.62 4.44 3.61 -56.1 -0.447    19.41 21.36 02a57307o0467c 0xc00800        50.5
57307.650740 17.133206      NaN  124.5   145 c    0   0.89 121.17658 61.52737  2620.20  5869.86 4.21 3.55 -55.7 -0.474    17.66 17.97 02a57307o0501c 0xc00800        50.5
57344.508798 19.766969      NaN   -5.5    15 c    0   1.27 121.17658 61.52737  1146.39  7264.12 4.55 3.92 -61.9 -0.405    19.36 21.35 02a57344o0503c 0xc00900        50.5
57396.437168 19.696897      NaN   10.5    16 c    0   0.88 121.17658 61.52737   878.66  7564.91 4.22 3.68 -60.2 -0.419    19.71 21.82 02a57396o0389c 0xc00800        50.5
57424.413329 19.766969      NaN    4.5    15 c    0   0.94 121.17658 61.52737  8953.78  3547.22 4.01 3.73  53.4 -0.420    19.63 21.72 02a57424o0361c 0xc00800        50.5
57424.426060 19.841877      NaN   24.5    14 c    0   1.32 121.17658 61.52737  8676.85  2952.34 3.96 3.69  40.4 -0.429    19.65 21.69 02a57424o0381c 0xc00900        50.5
57424.448692 19.696897      NaN   19.5    16 c    0   1.10 121.17658 61.52737  9941.42  2464.34 4.28 3.82  40.3 -0.437    19.63 21.73 02a57424o0416c 0xc00800        50.5
57424.471563 19.631075      NaN  -25.5    17 c    0   0.89 121.17658 61.52737 10062.82  2394.56 4.28 3.77  42.0 -0.452    19.63 21.70 02a57424o0450c 0xc00900        50.5
57428.213894 17.883650      NaN -103.5    85 c    0   1.04 121.17658 61.52737  1759.63  5095.25 4.24 3.89 -66.0 -0.428    17.85 18.39 02a57428o0031c 0xc00800        50.5
57429.214537 17.896499      NaN -121.5    84 c    0   0.96 121.17658 61.52737   627.31  5013.65 4.36 3.90 -57.3 -0.430    17.88 18.46 02a57429o0072c 0xc00900        50.5
57431.387362 19.510313      NaN   38.5    19 c    0   1.08 121.17658 61.52737  9153.96  3189.93 4.96 4.68  49.7 -0.368    19.35 21.62 02a57431o0339c 0xc00800        50.5
57431.408775 19.510313      NaN  -24.5    19 c    0   0.87 121.17658 61.52737  8895.94  2600.38 4.70 4.33  37.5 -0.378    19.44 21.61 02a57431o0374c 0xc00800        50.5
57431.424679 19.454622      NaN   -0.5    20 c    0   0.89 121.17658 61.52737 10156.70  2111.98 5.08 4.50  45.3 -0.379    19.38 21.58 02a57431o0400c 0xc00800        50.5
57448.383632 19.472870      NaN   64.5    15 c    0   1.36 121.17658 61.52737  9455.79  3597.52 4.23 3.69  62.0 -0.446    19.61 21.66 02a57448o0196c 0xc00800        50.5
57448.404646 19.696897      NaN  -37.5    16 c    0   0.93 121.17658 61.52737  9154.00  2996.16 4.22 3.76  50.8 -0.441    19.60 21.64 02a57448o0239c 0xc00800        50.5
57448.407535 19.696897      NaN   -6.5    16 c    0   1.10 121.17658 61.52737   125.36  2436.17 4.92 3.62 -34.5 -0.431    19.58 21.55 02a57448o0245c 0xc00800        50.5
57448.425513 19.696897      NaN   -3.5    16 c    0   1.23 121.17658 61.52737 10388.85  2503.75 4.38 3.69  54.1 -0.459    19.59 21.59 02a57448o0282c 0xc00800        50.5
57448.435734 19.569016      NaN    7.5    18 c    0   0.94 121.17658 61.52737 10138.33  2584.73 4.22 3.68  52.9 -0.452    19.52 21.42 02a57448o0302c 0xc00800        50.5
57449.376240 19.696897      NaN    0.5    16 c    0   0.97 121.17658 61.52737  9208.16  3616.41 4.29 3.77  55.7 -0.445    19.67 21.79 02a57449o0348c 0xc00800        50.5
57449.396986 19.841877      NaN   -1.5    14 c    0   1.14 121.17658 61.52737  8897.34  3034.40 4.15 3.72  49.4 -0.445    19.68 21.77 02a57449o0390c 0xc00800        50.5
57449.412190 19.631075      NaN   23.5    17 c    0   0.94 121.17658 61.52737 10123.53  2536.53 4.29 3.67  50.9 -0.472    19.69 21.77 02a57449o0421c 0xc00800        50.5
57449.429714 19.766969      NaN  -39.5    15 c    0   1.26 121.17658 61.52737 10141.95  2581.09 4.24 3.63  52.4 -0.467    19.68 21.73 02a57449o0455c 0xc00800        50.5
57458.355359 19.351140      NaN  -20.5    22 c    0   1.10 121.17658 61.52737  9104.44  3760.41 5.02 3.99  88.4 -0.369    19.20 21.40 02a57458o0312c 0xc00800        50.5
57458.376474 19.569016      NaN   -4.5    18 c    0   1.20 121.17658 61.52737  8796.86  3180.80 4.68 4.09  74.7 -0.391    19.43 21.59 02a57458o0355c 0xc00800        50.5
57458.398250 19.256669      NaN  -26.5    24 c    0   0.90 121.17658 61.52737 10018.26  2665.22 5.00 3.84  73.7 -0.405    19.35 21.56 02a57458o0399c 0xc00800        50.5
57458.419868 18.978793      NaN   20.5    31 c    0   1.10 121.17658 61.52737 10126.91  2579.69 4.73 4.25  70.8 -0.402    19.03 21.31 02a57458o0442c 0xc00800        50.5
57482.319841 19.454622      NaN    0.5    20 c    0   0.77 121.17658 61.52737  8934.64  3705.27 4.22 3.75  64.4 -0.461    19.47 21.38 02a57482o0219c 0xc00800        50.5
57482.335914 19.454622      NaN    8.5    20 c    0   0.89 121.17658 61.52737  8626.44  3104.59 4.46 3.79  76.8 -0.430    19.43 21.46 02a57482o0252c 0xc00800        50.5
57482.351954 19.351140      NaN  -22.5    22 c    0   0.84 121.17658 61.52737  9848.58  2606.89 4.71 4.12  47.4 -0.442    19.41 21.39 02a57482o0285c 0xc00900        50.5
57482.369912 19.401649      NaN   -9.5    21 c    0   0.89 121.17658 61.52737 10108.81  2572.21 4.62 3.97  49.1 -0.457    19.38 21.33 02a57482o0322c 0xc00800        50.5
57488.282080 19.454622      NaN  -10.5    20 c    0   0.96 121.17658 61.52737  8940.71  3671.88 4.12 3.58  67.8 -0.472    19.34 21.09 02a57488o0148c 0xc00800        50.5
57488.296502 19.569016      NaN  -32.5    18 c    0   1.14 121.17658 61.52737  8634.62  3069.55 4.17 3.75  55.4 -0.466    19.37 21.18 02a57488o0178c 0xc00800        50.5
57488.314731 19.169763      NaN    8.5    26 c    0   1.21 121.17658 61.52737  9852.63  2547.17 4.72 3.32  79.5 -0.421    19.26 21.20 02a57488o0216c 0xc00800        50.5
57512.251618 19.351140      NaN    4.5    22 c    0   1.10 121.17658 61.52737  7587.39  2375.91 4.29 4.02  21.4 -0.472    19.17 20.98 02a57512o0077c 0xc00800        50.5
57512.261374 19.401649      NaN    6.5    21 c    0   1.36 121.17658 61.52737  7562.07  2330.91 4.56 4.16  13.8 -0.461    19.19 21.07 02a57512o0097c 0xc00800        50.5
57512.263308 19.302877      NaN   -6.5    23 c    0   0.98 121.17658 61.52737  7626.80  2409.31 4.40 4.01  19.1 -0.463    19.23 21.08 02a57512o0101c 0xc00800        50.5
57512.276421 19.569016      NaN  -12.5    18 c    0   1.53 121.17658 61.52737   213.07  3324.28 5.14 3.97 -38.8 -0.389    19.15 21.00 02a57512o0128c 0xc00800        50.5
57512.277872 19.401649      NaN    3.5    21 c    0   1.11 121.17658 61.52737  7649.83  2286.30 4.45 4.11  13.4 -0.432    19.20 21.08 02a57512o0131c 0xc00900        50.5
57512.285612 19.169763      NaN   18.5    26 c    0   0.83 121.17658 61.52737 10455.58  3441.30 4.80 4.03  69.5 -0.461    19.21 21.11 02a57512o0147c 0xc00800        50.5
57515.260456 19.212347      NaN   -9.5    25 c    0   1.02 121.17658 61.52737  9920.89  5021.65 4.85 3.89  78.6 -0.519    19.19 21.14 02a57515o0093c 0xc00800        50.5
57515.267438 19.256669      NaN   47.5    24 c    0   1.05 121.17658 61.52737  9903.57  4979.70 5.15 4.17  77.1 -0.502    19.16 21.17 02a57515o0107c 0xc00800        50.5
57515.301584 16.325526      NaN -107.5   357 c    0   0.86 121.17658 61.52737  9958.17  4986.81 4.75 3.61  79.4 -0.506    16.43 18.22 02a57515o0177c 0xc00802        50.5
57862.302141 19.256669      NaN   56.5    22 c    0   0.83 121.17658 61.52737    87.26  1650.69 4.04 3.75 -52.2 -0.422    18.78 20.34 02a57862o0164c 0xc00800        50.5
57862.319216 19.256669      NaN   30.5    24 c    0   1.10 121.17658 61.52737    68.72  1611.41 4.05 3.75 -58.4 -0.417    18.80 20.40 02a57862o0199c 0xc00800        50.5
57862.321638 19.089302      NaN   68.5    22 c    0   1.00 121.17658 61.52737 10357.63  1752.77 4.01 3.47  73.8 -0.488    18.86 20.52 02a57862o0204c 0xc00800        50.5
57862.324048 19.197966      NaN   60.5    22 c    0   0.94 121.17658 61.52737   125.13  1681.28 4.02 3.75 -57.2 -0.414    18.80 20.41 02a57862o0209c 0xc00800        50.5
57862.337307 19.401649      NaN   34.5    21 c    0   0.85 121.17658 61.52737   155.85  1562.08 4.21 3.99 -47.3 -0.389    18.72 20.44 02a57862o0236c 0xc00800        50.5
57862.342126 19.076453      NaN   69.5    22 c    0   0.89 121.17658 61.52737 10338.89  1689.52 4.20 3.75  60.3 -0.455    18.82 20.56 02a57862o0246c 0xc00800        50.5
57862.344055 19.454622      NaN   49.5    20 c    0   0.94 121.17658 61.52737   108.62  1620.15 4.19 3.93 -51.7 -0.399    18.76 20.44 02a57862o0250c 0xc00800        50.5
57862.357814 17.668099      NaN  106.5    85 c    0   0.98 121.17658 61.52737 10393.86  1793.69 4.43 4.06  50.7 -0.448    17.36 19.01 02a57862o0278c 0xc00800        50.5
57862.363605 18.738855      NaN   58.5    36 c    0   0.94 121.17658 61.52737 10423.55  1676.06 4.85 4.38  38.9 -0.407    18.26 20.07 02a57862o0290c 0xc00800        50.5
57862.376380 17.797727      NaN -121.5    92 c    0   0.91 121.17658 61.52737 10376.74  1732.73 4.30 3.87  49.3 -0.445    17.16 18.73 02a57862o0316c 0xc00800        50.5
57870.323139 20.009244      NaN   -8.5    12 c    0   1.37 121.17658 61.52737  8576.49  3208.73 3.39 2.59  40.2 -0.440    19.41 20.53 02a57870o0119c 0xc00800        50.5
57870.326264 19.922338      NaN   -7.5    13 c    0   0.83 121.17658 61.52737  8558.25  3185.80 3.38 2.54  41.0 -0.434    19.41 20.52 02a57870o0125c 0xc00800        50.5
57870.342611 20.009244      NaN  -29.5    12 c    0   1.02 121.17658 61.52737  8621.29  3250.43 3.45 2.63  42.5 -0.427    19.35 20.46 02a57870o0156c 0xc00800        50.5
57870.350499 19.922338      NaN  -25.5    13 c    0   1.03 121.17658 61.52737  8639.55  3130.28 3.45 2.60  40.9 -0.432    19.35 20.42 02a57870o0171c 0xc00800        50.5
57870.363255 19.766969      NaN   11.5    15 c    0   1.08 121.17658 61.52737  8592.96  3189.75 3.56 2.69  41.3 -0.437    19.27 20.35 02a57870o0195c 0xc00800        50.5
58194.353077 19.766969      NaN   68.5     9 c    0   1.37 121.17658 61.52737  8956.62  3532.94 2.65 2.46  73.2 -0.425    19.76 21.58 02a58194o0300c 0xc00800        50.5
58194.361577 20.009244      NaN   62.5     8 c    0   1.36 121.17658 61.52737  8940.12  3494.95 2.63 2.46  62.9 -0.422    19.72 21.58 02a58194o0318c 0xc00800        50.5
58194.363858 20.207197      NaN   42.5    10 c    0   1.16 121.17658 61.52737  8994.15  3573.53 2.71 2.49  59.8 -0.414    19.74 21.59 02a58194o0323c 0xc00800        50.5
58194.379383 19.950541      NaN   64.5     8 c    0   1.33 121.17658 61.52737  9012.62  3458.73 2.65 2.49  65.6 -0.425    19.74 21.55 02a58194o0356c 0xc00800        50.5
58196.358092 20.207197      NaN   49.5    10 c    0   1.20 121.17658 61.52737   281.69  8250.65 2.63 2.42  45.6 -0.432    19.75 21.82 02a58196o0289c 0xc00800        50.5
58196.359462 20.207197      NaN   46.5    10 c    0   1.03 121.17658 61.52737   263.46  8212.86 2.67 2.40  50.5 -0.432    19.72 21.83 02a58196o0292c 0xc00900        50.5
58196.375261 20.207197      NaN   45.5    10 c    0   1.10 121.17658 61.52737   318.59  8283.59 2.69 2.44  48.1 -0.432    19.72 21.80 02a58196o0326c 0xc00800        50.5
58196.376629 19.979496 0.293442   87.5    10 c    0   1.26 121.17658 61.52737  9709.89  8303.97 2.69 2.51  68.8 -0.427    19.77 21.85 02a58196o0329c 0xc00800        50.5
58196.380292 20.207197      NaN   48.5    10 c    0   1.08 121.17658 61.52737   317.36  8282.63 2.63 2.35  42.4 -0.429    19.75 21.78 02a58196o0333c 0xc00800        50.5
58196.381662 20.103715      NaN   40.5    11 c    0   1.10 121.17658 61.52737  9709.27  8303.97 2.64 2.48  68.1 -0.426    19.79 21.84 02a58196o0336c 0xc00800        50.5
58196.382574 19.816329      NaN   63.5    10 c    0   1.10 121.17658 61.52737  9690.54  8264.46 2.67 2.50  65.1 -0.428    19.77 21.84 02a58196o0338c 0xc00800        50.5
58196.383943 20.071303      NaN   54.5    10 c    0   1.00 121.17658 61.52737   337.50  8163.57 2.62 2.36  46.9 -0.430    19.80 21.79 02a58196o0341c 0xc00900        50.5
58196.398439 19.631075      NaN   74.5     9 c    0   1.29 121.17658 61.52737  9745.85  8348.26 2.60 2.44  72.1 -0.434    19.78 21.82 02a58196o0372c 0xc00800        50.5
58196.403002 19.631075      NaN   71.5    10 c    0   1.05 121.17658 61.52737  9763.63  8230.13 2.67 2.51  59.1 -0.424    19.76 21.81 02a58196o0382c 0xc00800        50.5
58224.330849 20.009244      NaN   36.5    12 c    0   0.91 121.17658 61.52737  8008.45  8465.07 2.73 2.62  31.4 -0.397    19.60 21.30 02a58224o0056c 0xc00800        50.5
58224.344864 18.104842      NaN   78.5    60 c    0   0.80 121.17658 61.52737  8043.20  8504.24 2.74 2.57  25.2 -0.412    18.25 19.79 02a58224o0086c 0xc00800        50.5
58224.348127 17.922662      NaN  -75.5    82 c    0   0.90 121.17658 61.52737  7985.99  8420.99 2.59 2.44  30.5 -0.414    17.10 18.61 02a58224o0093c 0xc00800        50.5
58252.306814 19.950541      NaN   52.5    12 c    0   1.24 121.17658 61.52737  8958.89  8319.56 2.80 2.61  16.8 -0.398    19.49 21.12 02a58252o0158c 0xc00800        50.5
58252.324672 20.009244      NaN   42.5    12 c    0   1.30 121.17658 61.52737  8958.12  8317.89 2.76 2.60  25.7 -0.446    19.44 21.02 02a58252o0194c 0xc00900        50.5
58252.338371 20.009244      NaN   23.5    12 c    0   1.17 121.17658 61.52737  8953.21  8321.16 2.74 2.60  16.6 -0.432    19.38 20.92 02a58252o0222c 0xc00800        50.5
58252.353286 20.009244      NaN   20.5    12 c    0   1.24 121.17658 61.52737  8960.47  8330.19 2.71 2.54   6.4 -0.429    19.38 20.90 02a58252o0254c 0xc00800        50.5
58256.304583 16.226755      NaN  176.5   349 c    0   0.84 121.17658 61.52737  8116.65  9897.88 2.93 2.66  20.3 -0.381    17.33 18.95 02a58256o0014c 0xc00802        50.5
58256.314636 19.569016      NaN   22.5    18 c    0   0.94 121.17658 61.52737  8121.23  9782.52 2.91 2.75   7.2 -0.382    19.10 20.81 02a58256o0035c 0xc00800        50.5
58256.316543 19.841877      NaN   23.5    14 c    0   1.06 121.17658 61.52737  4916.58   131.25 2.68 2.57  69.4 -0.393    19.26 20.95 02a58256o0039c 0xc00800        50.5
58280.253746 17.837796      NaN   82.5    78 c    0   0.81 121.17658 61.52737 10120.16  9598.79 3.22 2.82  26.2 -0.419    18.07 19.23 02a58280o0030c 0xc00800        50.5
58280.260372 19.256669      NaN   21.5    24 c    0   1.30 121.17658 61.52737 10099.66  9553.65 3.02 2.67  21.8 -0.413    18.87 20.17 02a58280o0044c 0xc00900        50.5
58280.269928 19.589310      NaN   52.5    17 c    0   1.01 121.17658 61.52737 10154.56  9639.13 2.92 2.61  23.4 -0.433    19.17 20.61 02a58280o0063c 0xc00800        50.5
58280.279871 19.631075      NaN   53.5    16 c    0   0.97 121.17658 61.52737 10169.20  9528.45 2.98 2.69  19.7 -0.418    19.10 20.64 02a58280o0084c 0xc00800        50.5
58284.251488 18.261819      NaN   50.5    60 c    0   1.25 121.17658 61.52737  4462.13   521.68 2.97 2.74  47.9 -0.408    17.56 18.70 02a58284o0023c 0xc00800        50.5
58284.251945 17.630360      NaN   96.5    92 c    0   0.94 121.17658 61.52737  7729.50 10149.34 3.42 3.37  66.1 -0.382    17.57 18.84 02a58284o0024c 0xc00900        50.5
58284.256221 18.978793      NaN   23.5    31 c    0   1.23 121.17658 61.52737  4433.17   482.71 2.98 2.82  55.3 -0.392    18.34 19.59 02a58284o0033c 0xc00800        50.5
58284.257218 18.786693      NaN   56.5    35 c    0   1.18 121.17658 61.52737  7710.21 10108.23 3.42 3.26  30.6 -0.398    18.49 19.78 02a58284o0035c 0xc00800        50.5
58284.263370 19.569016      NaN   28.5    18 c    0   1.11 121.17658 61.52737  4506.43   561.75 3.10 2.78  39.2 -0.408    18.99 20.45 02a58284o0048c 0xc00800        50.5
58284.264818 19.351140      NaN   45.5    22 c    0   1.09 121.17658 61.52737  7764.57 10191.92 3.56 3.38  33.0 -0.381    18.91 20.53 02a58284o0051c 0xc00900        50.5
58284.272923 19.569016      NaN    0.5    18 c    0   1.21 121.17658 61.52737  4513.04   448.92 3.44 3.14  42.4 -0.390    18.92 20.64 02a58284o0068c 0xc00800        50.5
58284.274876 19.026525      NaN   67.5    24 c    0   0.91 121.17658 61.52737  7779.85 10080.91 3.93 3.79  13.6 -0.359    18.89 20.60 02a58284o0072c 0xc00800        50.5
58400.640470 19.841877      NaN  -10.5    14 c    0   1.03 121.17658 61.52737  9784.61  3086.38 2.59 2.52 -83.2 -0.458    19.35 20.55 02a58400o0764c 0xc00900        50.5
58400.648790 18.356290      NaN  -10.5    55 c    0   1.36 121.17658 61.52737  9801.65  3125.60 2.77 2.56 -68.8 -0.466    17.64 18.30 02a58400o0782c 0xc00800        50.5
58424.636050 20.207197      NaN   51.5    10 c    0   1.30 121.17658 61.52737  3402.31  2275.27 2.73 2.50  42.2 -0.395    19.46 20.92 02a58424o0871c 0xc00800        89.5
58424.645588 19.922338      NaN   57.5    13 c    0   1.29 121.17658 61.52737  3426.78  2312.30 2.61 2.46  67.8 -0.383    19.23 20.43 02a58424o0889c 0xc00900        89.5
58428.574923 20.449472      NaN   53.5     8 c    0   1.21 121.17658 61.52737 10418.77  4028.98 2.69 2.56 -78.3 -0.456    19.72 21.72 02a58428o0719c 0xc00800        89.5
58428.583460 20.207197      NaN   43.5    10 c    0   1.07 121.17658 61.52737 10448.64  4066.91 2.77 2.65 -88.3 -0.452    19.67 21.74 02a58428o0737c 0xc00800        89.5
58428.592273 20.207197      NaN   51.5    10 c    0   0.79 121.17658 61.52737 10383.23  3995.45 2.66 2.55  88.8 -0.451    19.71 21.74 02a58428o0756c 0xc00800        89.5
58428.595512 20.594452      NaN   45.5     7 c    0   2.41 121.17658 61.52737  1002.42  4013.18 2.52 2.41  64.3 -0.426    19.72 21.72 02a58428o0763c 0xc00800        89.5
58428.600640 20.449472      NaN   49.5     8 c    0   1.11 121.17658 61.52737 10365.35  4114.30 2.71 2.56 -86.6 -0.449    19.70 21.74 02a58428o0774c 0xc00800        89.5
58428.603860 20.449472      NaN   45.5     8 c    0   1.24 121.17658 61.52737  1020.89  4054.98 2.51 2.46  54.6 -0.419    19.69 21.73 02a58428o0781c 0xc00900        89.5
58428.612625 20.449472      NaN   44.5     8 c    0   1.46 121.17658 61.52737   967.50  3973.85 2.51 2.39  35.2 -0.428    19.72 21.73 02a58428o0800c 0xc00800        89.5
58428.620959 20.321591      NaN   39.5     9 c    0   1.09 121.17658 61.52737   953.97  4089.82 2.52 2.34  32.3 -0.448    19.77 21.74 02a58428o0818c 0xc00900        89.5
58432.582641 19.766969      NaN   47.5    15 c    0   1.19 121.17658 61.52737  5315.37 10461.85 2.76 2.66  17.0 -0.449    19.66 21.57 02a58432o0845c 0xc00800        89.5
58432.591036 19.401649      NaN   -2.5    21 c    0   0.84 121.17658 61.52737  5332.75 10503.57 2.73 2.57  23.1 -0.446    19.71 21.59 02a58432o0863c 0xc00800        89.5
58432.595711 20.321591      NaN   69.5     9 c    0   0.93 121.17658 61.52737  2122.82   799.99 2.79 2.41  44.6 -0.447    19.68 21.60 02a58432o0873c 0xc00900        89.5
58432.599934 20.103715      NaN   40.5    11 c    0   1.53 121.17658 61.52737  5269.95 10423.57 2.73 2.48   9.9 -0.429    19.69 21.58 02a58432o0882c 0xc00800        89.5
58432.604115 20.321591      NaN   45.5     9 c    0   1.09 121.17658 61.52737  2142.37   841.62 2.63 2.35  49.9 -0.435    19.73 21.62 02a58432o0891c 0xc00900        89.5
58432.612899 20.103715      NaN   47.5    11 c    0   0.90 121.17658 61.52737  2089.02   758.41 2.89 2.46  44.2 -0.448    19.72 21.59 02a58432o0910c 0xc00900        89.5
58432.621287 20.207197      NaN   36.5    10 c    0   1.13 121.17658 61.52737  2082.11   876.87 2.91 2.49  42.2 -0.450    19.71 21.61 02a58432o0928c 0xc00800        89.5
58436.585136 20.207197      NaN   44.5    10 c    0   1.12 121.17658 61.52737  1317.80  3338.32 2.58 2.43  62.3 -0.421    19.56 21.42 02a58436o0849c 0xc00800        89.5
58436.593493 20.207197      NaN   66.5    10 c    0   1.17 121.17658 61.52737  1337.16  3380.26 2.56 2.49  45.4 -0.416    19.50 21.41 02a58436o0867c 0xc00800        89.5
58436.602293 19.454622      NaN   37.5    20 c    0   0.98 121.17658 61.52737  1283.99  3299.01 2.58 2.47  44.2 -0.410    18.70 20.40 02a58436o0886c 0xc00800        89.5
58436.610638 20.207197      NaN   24.5    10 c    0   0.92 121.17658 61.52737  1267.72  3412.63 2.52 2.41  39.9 -0.425    19.62 21.53 02a58436o0904c 0xc00800        89.5
58456.630212 20.761819      NaN   64.5     6 c    0   2.18 121.17658 61.52737   399.22  4931.71 2.40 2.33  37.0 -0.415    19.73 21.64 02a58456o0817c 0xc00800        89.5
58456.641086 20.449472      NaN   37.5     8 c    0   1.37 121.17658 61.52737   378.30  4892.21 2.33 2.29  26.9 -0.411    19.73 21.60 02a58456o0839c 0xc00800        89.5
58456.644077 20.321591      NaN   67.5     9 c    0   1.27 121.17658 61.52737  9168.99  4918.87 2.60 2.52  74.9 -0.424    19.72 21.64 02a58456o0845c 0xc00900        89.5
58456.651293 20.321591      NaN   52.5     9 c    0   1.25 121.17658 61.52737   440.88  4962.75 2.55 2.47  39.2 -0.399    19.59 21.41 02a58456o0860c 0xc00800        89.5
58456.654679 20.207197      NaN   48.5    10 c    0   1.28 121.17658 61.52737  9146.60  4877.71 2.63 2.57 -72.8 -0.413    19.55 21.16 02a58456o0867c 0xc00800        89.5
58456.662071 19.569016      NaN   31.5    18 c    0   1.39 121.17658 61.52737   459.84  4844.41 2.44 2.33  36.7 -0.412    18.72 19.59 02a58456o0882c 0xc00800        89.5
58456.665093 18.978793      NaN   58.5    31 c    0   1.43 121.17658 61.52737  9198.54  4958.35 2.59 2.55 -83.6 -0.427    18.16 18.87 02a58456o0888c 0xc00800        89.5
58460.581060 20.761819      NaN   43.5     6 c    0   1.92 121.17658 61.52737  4009.19  2438.09 2.69 2.48  43.1 -0.395    19.72 21.83 02a58460o0844c 0xc00800        89.5
58460.591058 20.321591      NaN   31.5     9 c    0   0.91 121.17658 61.52737  3988.66  2399.02 2.83 2.61  43.2 -0.390    19.69 21.84 02a58460o0865c 0xc00800        89.5
58460.600784 20.594452      NaN   51.5     7 c    0   1.71 121.17658 61.52737  4040.46  2474.83 2.74 2.51  41.1 -0.395    19.69 21.85 02a58460o0886c 0xc00800        89.5
58460.610559 20.321591      NaN   49.5     9 c    0   0.98 121.17658 61.52737  4058.66  2355.14 2.88 2.61  42.4 -0.391    19.68 21.87 02a58460o0907c 0xc00800        89.5
58488.512471 20.103715      NaN   41.5    11 c    0   1.22 121.17658 61.52737   960.24   589.73 3.48 3.17  41.5 -0.421    19.36 21.66 02a58488o0683c 0xc00800        89.5
58488.512928 19.569016      NaN   43.5    18 c    0   1.09 121.17658 61.52737  1380.24 10309.46 4.33 4.27  27.7 -0.375    19.16 21.69 02a58488o0684c 0xc00800        89.5
58488.527735 20.009244      NaN   49.5    12 c    0   1.25 121.17658 61.52737  1357.81 10270.26 3.22 2.96  27.2 -0.401    19.49 21.69 02a58488o0715c 0xc00800        89.5
58488.528193 20.207197      NaN   48.5    10 c    0   0.93 121.17658 61.52737   994.62   628.00 3.15 2.80  43.1 -0.429    19.49 21.67 02a58488o0716c 0xc00800        89.5
58488.528650 20.103715      NaN   33.5    11 c    0   1.00 121.17658 61.52737  9757.32 10407.34 3.35 2.93  46.0 -0.390    19.53 21.72 02a58488o0717c 0xc00800        89.5
58488.529109 20.103715      NaN   56.5    11 c    0   1.21 121.17658 61.52737   929.09   553.13 3.48 3.18  46.4 -0.413    19.34 21.66 02a58488o0718c 0xc00800        89.5
58488.531851 20.009244      NaN   57.5    12 c    0   1.17 121.17658 61.52737  9735.53 10366.55 3.88 3.42  46.3 -0.384    19.41 21.71 02a58488o0724c 0xc00800        89.5
58488.532308 20.103715      NaN   59.5    11 c    0   1.46 121.17658 61.52737  1020.29   506.05 3.81 3.53  47.3 -0.410    19.23 21.66 02a58488o0725c 0xc00800        89.5
58488.533223 19.922338      NaN   64.5    13 c    0   1.12 121.17658 61.52737  1409.29 10343.36 3.52 3.29  35.5 -0.385    19.40 21.69 02a58488o0727c 0xc00800        89.5
58488.546449 19.766969      NaN   61.5    15 c    0   0.90 121.17658 61.52737  1427.84 10223.86 3.65 3.45  32.7 -0.381    19.30 21.63 02a58488o0755c 0xc00900        89.5
58488.546907 19.696897      NaN   36.5    16 c    0   0.93 121.17658 61.52737  9787.37 10451.60 4.07 3.66  46.2 -0.387    19.28 21.67 02a58488o0756c 0xc00800        89.5
58488.551937 20.103715      NaN   35.5    11 c    0   1.29 121.17658 61.52737  9802.29 10333.82 3.81 3.35  46.4 -0.394    19.34 21.68 02a58488o0767c 0xc00800        89.5
58492.557043 20.321591      NaN   40.5     9 c    0   1.37 121.17658 61.52737  7110.15  6338.67 2.59 2.56 -62.6 -0.406    19.64 21.77 02a58492o0755c 0xc00800        89.5
58492.563264 20.449472      NaN   52.5     8 c    0   1.26 121.17658 61.52737  7088.40  6294.73 2.61 2.51 -57.7 -0.400    19.68 21.77 02a58492o0768c 0xc00800        89.5
58492.579421 20.321591      NaN   46.5     9 c    0   1.21 121.17658 61.52737  7133.44  6376.03 2.53 2.45 -63.7 -0.411    19.68 21.76 02a58492o0802c 0xc00800        89.5
58492.583994 20.449472      NaN   51.5     8 c    0   1.33 121.17658 61.52737  7151.34  6259.11 2.50 2.45 -41.8 -0.413    19.67 21.75 02a58492o0812c 0xc00800        89.5
58576.351348 19.696897      NaN   21.5    16 c    0   0.25 121.17658 61.52737    75.57  4562.81 2.40 2.25  13.6 -0.350    19.56 21.37 02a58576o0277c 0xc00800        89.5
58576.367623 19.922338      NaN -377.5    13 c    0  16.12 121.17658 61.52737    46.44  4523.60 2.39 2.23 -38.2 -0.370    19.57 21.34 02a58576o0312c 0xc00801        89.5
58576.369918 20.207197      NaN   36.5    10 c    0   0.87 121.17658 61.52737  9071.38  4525.99 2.48 2.38  55.3 -0.399    19.62 21.44 02a58576o0317c 0xc00800        89.5
58576.385311 20.207197      NaN   33.5    10 c    0   0.85 121.17658 61.52737   109.38  4594.25 2.38 2.22 -37.1 -0.371    19.54 21.29 02a58576o0350c 0xc00800        89.5
58576.386683 20.103715      NaN   41.5    11 c    0   1.11 121.17658 61.52737  9041.75  4482.16 2.50 2.39  51.7 -0.399    19.62 21.40 02a58576o0353c 0xc00800        89.5
58576.390368 20.207197      NaN   43.5    10 c    0   0.72 121.17658 61.52737   127.56  4473.31 2.35 2.17 -37.7 -0.375    19.55 21.29 02a58576o0361c 0xc00800        89.5
58576.403052 20.207197      NaN   31.5    10 c    0   0.79 121.17658 61.52737  9103.10  4564.82 2.50 2.43  69.6 -0.402    19.61 21.36 02a58576o0388c 0xc00800        89.5
58576.408083 20.207197      NaN   31.5    10 c    0   1.13 121.17658 61.52737  9120.77  4444.80 2.51 2.39  43.6 -0.401    19.60 21.34 02a58576o0399c 0xc00800        89.5
58580.369358 20.103715      NaN   43.5    11 c    0   0.96 121.17658 61.52737  9416.92  2602.77 2.49 2.43  89.1 -0.404    19.53 21.30 02a58580o0315c 0xc00800        89.5
58580.370729 20.207197      NaN   52.5    10 c    0   1.19 121.17658 61.52737  9398.41  2562.02 2.48 2.39 -68.5 -0.403    19.56 21.29 02a58580o0318c 0xc00800        89.5
58580.388879 20.207197      NaN   32.5    10 c    0   1.55 121.17658 61.52737  9452.57  2642.01 2.46 2.33 -57.0 -0.410    19.57 21.22 02a58580o0357c 0xc00800        89.5
58580.400602 20.009244      NaN   44.5    12 c    0   0.95 121.17658 61.52737  9481.89  2527.53 2.50 2.37 -57.2 -0.412    19.53 21.17 02a58580o0382c 0xc00800        89.5
58604.313727 20.103715      NaN   35.5    11 c    0   1.36 121.17658 61.52737  4168.41  8255.18 2.49 2.45 -35.7 -0.411    19.36 21.09 02a58604o0163c 0xc00800        89.5
58604.324194 19.922338      NaN   35.5    13 c    0   1.09 121.17658 61.52737  4148.70  8215.10 2.46 2.40 -12.2 -0.408    19.31 21.06 02a58604o0185c 0xc00800        89.5
58604.335637 19.841877      NaN   29.5    14 c    0   1.09 121.17658 61.52737  4203.37  8291.26 2.53 2.44  27.3 -0.397    19.33 21.03 02a58604o0209c 0xc00800        89.5
58604.347158 19.922338      NaN   27.5    13 c    0   1.24 121.17658 61.52737  4222.38  8170.50 2.46 2.35 -33.9 -0.411    19.32 21.00 02a58604o0234c 0xc00800        89.5
58612.243329 19.696897      NaN   26.5    16 c    0   1.12 121.17658 61.52737   362.49   554.46 2.38 2.26 -82.4 -0.417    18.96 20.00 02a58612o0027c 0xc00800        89.5
58612.245192 19.841877      NaN   54.5    14 c    0   0.91 121.17658 61.52737   335.39   511.69 2.37 2.23 -71.3 -0.414    19.13 20.26 02a58612o0031c 0xc00800        89.5
58612.249886 20.103715      NaN   44.5    11 c    0   1.32 121.17658 61.52737   402.20   587.09 2.35 2.22 -74.9 -0.409    19.37 20.62 02a58612o0041c 0xc00800        89.5
58612.252195 19.922338      NaN    6.5    13 c    0   1.30 121.17658 61.52737 10498.21   643.63 2.36 2.23 -56.0 -0.427    19.38 20.80 02a58612o0046c 0xc00800        89.5
58612.254081 19.841877      NaN   18.5    14 c    0   1.28 121.17658 61.52737 10481.42   603.38 2.47 2.07 -55.1 -0.439    19.47 20.81 02a58612o0050c 0xc00800        89.5
58612.266733 20.103715      NaN   31.5    11 c    0   1.07 121.17658 61.52737   422.04   460.97 2.68 2.15 -55.3 -0.421    19.43 20.71 02a58612o0077c 0xc00800        89.5
58788.629304 20.449472      NaN   17.5     8 c    0   1.48 121.17658 61.52737  4784.87  3669.88 2.44 2.30 -70.0 -0.398    19.57 21.29 02a58788o0882c 0xc00800        89.5
58788.632556 20.207197      NaN   18.5    10 c    0   0.62 121.17658 61.52737  4803.46  3709.58 2.39 2.28 -76.5 -0.400    19.56 21.29 02a58788o0889c 0xc00800        89.5
58788.642079 20.207197      NaN   25.5    10 c    0   1.09 121.17658 61.52737  4746.33  3632.88 2.44 2.33 -68.2 -0.390    19.50 21.14 02a58788o0909c 0xc00800        89.5
58788.646584 20.009244      NaN   43.5    12 c    0   1.03 121.17658 61.52737  4727.73  3752.04 2.39 2.34  84.3 -0.396    19.35 20.71 02a58788o0918c 0xc00800        89.5
58792.621289 19.922338      NaN   41.5    13 c    0   0.70 121.17658 61.52737  4780.93  3672.54 2.52 2.31  48.3 -0.392    19.24 20.94 02a58792o0931c 0xc00800        89.5
58792.624088 19.922338      NaN   12.5    13 c    0   1.39 121.17658 61.52737  4800.22  3713.42 2.60 2.31  43.7 -0.392    19.12 20.80 02a58792o0937c 0xc00900        89.5
58792.629219 20.009244      NaN   28.5    12 c    0   0.98 121.17658 61.52737  4744.51  3633.50 2.51 2.34  49.7 -0.393    19.37 21.08 02a58792o0948c 0xc00900        89.5
58792.638378 20.009244      NaN   11.5    12 c    0   0.64 121.17658 61.52737  4725.54  3750.62 2.61 2.31  42.1 -0.389    19.51 21.23 02a58792o0967c 0xc00800        89.5
58816.584419 20.103715      NaN   44.5    11 c    0   0.93 121.17658 61.52737   124.65  9963.04 2.64 2.29 -48.7 -0.438    19.67 21.58 02a58816o0855c 0xc00800        89.5
58816.588718 20.103715      NaN   22.5    11 c    0   1.17 121.17658 61.52737   146.02 10004.37 2.70 2.33 -46.8 -0.432    19.65 21.57 02a58816o0864c 0xc00800        89.5
58816.594920 19.696897      NaN   25.5    16 c    0   0.66 121.17658 61.52737    83.76  9920.64 2.64 2.31 -47.0 -0.431    19.61 21.56 02a58816o0877c 0xc00800        89.5
58816.612048 20.449472      NaN   35.5     8 c    0   1.43 121.17658 61.52737   361.64   544.47 2.89 2.43 -60.3 -0.400    19.58 21.39 02a58816o0912c 0xc00900        89.5
58816.615129 20.449472      NaN   28.5     8 c    0   1.54 121.17658 61.52737   335.81   507.40 2.85 2.40 -61.4 -0.409    19.54 21.38 02a58816o0918c 0xc00800        89.5
58816.621036 20.321591      NaN   25.5     9 c    0   1.12 121.17658 61.52737   398.60   578.51 2.92 2.54 -62.5 -0.397    19.55 21.42 02a58816o0930c 0xc00800        89.5
58816.631665 20.594452      NaN   33.5     7 c    0   1.96 121.17658 61.52737   416.10   457.55 2.70 2.45 -69.1 -0.401    19.62 21.53 02a58816o0951c 0xc00800        89.5
58844.438160 20.594452      NaN   11.5     7 c    0   1.54 121.17658 61.52737 10259.92  3673.56 2.61 2.37  22.2 -0.399    19.73 21.94 02a58844o0004c 0xc00900        89.5
58844.441247 20.594452      NaN   18.5     7 c    0   1.22 121.17658 61.52737 10277.57  3712.00 2.59 2.40  19.2 -0.402    19.75 21.95 02a58844o0010c 0xc00900        89.5
58844.446637 20.449472      NaN   36.5     8 c    0   1.39 121.17658 61.52737 10222.64  3640.24 2.62 2.43  18.9 -0.400    19.75 21.95 02a58844o0021c 0xc00800        89.5
58844.458676 20.449472      NaN   18.5     8 c    0   1.07 121.17658 61.52737 10205.64  3757.64 2.47 2.43  62.5 -0.405    19.81 21.96 02a58844o0046c 0xc00800        89.5
58844.672147 18.786693      NaN   79.5    37 c    0   0.98 121.17658 61.52737   315.61  6850.25 2.36 2.26 -26.6 -0.366    17.96 18.82 02a58844o0390c 0xc00800        89.5
58868.474602 20.449472      NaN   48.5     8 c    0   1.37 121.17658 61.52737  8326.26  8662.56 2.65 2.45 -69.5 -0.402    19.82 21.84 02a58868o0598c 0xc00800        89.5
58868.477817 20.321591      NaN   36.5     9 c    0   1.17 121.17658 61.52737  8309.61  8628.27 2.59 2.49 -80.1 -0.403    19.81 21.84 02a58868o0605c 0xc00800        89.5
58868.483382 20.594452      NaN   31.5     7 c    0   1.55 121.17658 61.52737  8362.91  8706.99 2.70 2.54 -69.6 -0.398    19.78 21.83 02a58868o0617c 0xc00800        89.5
58868.493183 20.207197      NaN   32.5    10 c    0   0.75 121.17658 61.52737  8377.88  8586.42 2.64 2.56  86.6 -0.397    19.81 21.85 02a58868o0638c 0xc00800        89.5
58872.424511 20.761819      NaN   18.5     6 c    0   1.55 121.17658 61.52737  2265.10  1907.49 2.44 2.36  84.8 -0.413    19.82 22.04 02a58872o0489c 0xc00800        89.5
58872.428374 20.449472      NaN   30.5     8 c    0   1.26 121.17658 61.52737  2282.06  1944.34 2.62 2.34 -59.8 -0.412    19.82 22.03 02a58872o0497c 0xc00800        89.5
58872.434387 20.321591      NaN   23.5     9 c    0   1.14 121.17658 61.52737  8364.12  8710.79 2.64 2.47  55.8 -0.393    19.86 22.04 02a58872o0509c 0xc00800        89.5
58872.445284 20.449472      NaN   36.5     8 c    0   1.04 121.17658 61.52737  8381.14  8593.47 2.64 2.46  63.3 -0.395    19.86 22.03 02a58872o0531c 0xc00800        89.5
58876.429178 20.207197      NaN   30.5    10 c    0   0.92 121.17658 61.52737  5257.45  4696.84 2.48 2.31  35.1 -0.400    19.58 21.59 02a58876o0478c 0xc00800        89.5
58876.431013 20.449472      NaN   25.5     8 c    0   1.60 121.17658 61.52737  5242.13  4657.37 2.34 2.26  31.7 -0.410    19.69 21.69 02a58876o0482c 0xc00800        89.5
58876.436335 20.207197      NaN   25.5    10 c    0   1.20 121.17658 61.52737  5299.92  4731.91 2.46 2.34  35.0 -0.406    19.46 21.45 02a58876o0493c 0xc00800        89.5
58876.448577 20.449472      NaN   26.5     8 c    0   1.35 121.17658 61.52737  5320.22  4618.35 2.85 2.35  33.6 -0.390    19.62 21.73 02a58876o0517c 0xc00800        89.5
58900.379053 20.321591      NaN   28.0     9 c    0   1.21 121.17658 61.52737  4092.60   713.46 2.76 2.53 -62.2 -0.398    19.61 21.78 02a58900o0351c 0xc00800        44.0
58900.381358 20.321591      NaN   26.0     9 c    0   1.16 121.17658 61.52737  4071.63   675.23 2.89 2.65 -63.4 -0.398    19.57 21.77 02a58900o0356c 0xc00800        44.0
58900.386865 20.449472      NaN   38.0     8 c    0   1.12 121.17658 61.52737  4135.76   752.89 2.80 2.51 -57.9 -0.405    19.64 21.75 02a58900o0368c 0xc00800        44.0
58900.396046 20.449472      NaN   14.0     8 c    0   1.27 121.17658 61.52737  4157.15   633.66 2.82 2.60 -62.6 -0.396    19.63 21.75 02a58900o0388c 0xc00800        44.0
58932.343309 20.449472      NaN   15.0     8 c    0   0.98 121.17658 61.52737  7046.40  2410.61 2.55 2.32 -61.1 -0.394    19.69 21.68 02a58932o0267c 0xc00800        44.0
58932.346757 20.594452      NaN   24.0     7 c    0   1.16 121.17658 61.52737  7026.60  2370.03 2.42 2.23 -61.0 -0.400    19.73 21.69 02a58932o0274c 0xc00800        44.0
58932.352155 20.594452      NaN   23.0     7 c    0   1.47 121.17658 61.52737  7084.61  2450.68 2.52 2.24 -59.7 -0.397    19.67 21.69 02a58932o0285c 0xc00800        44.0
58932.363547 20.449472      NaN   39.0     8 c    0   1.49 121.17658 61.52737  7108.29  2327.45 2.50 2.25 -62.3 -0.399    19.65 21.62 02a58932o0309c 0xc00800        44.0
58956.304502 20.207197      NaN   37.0    10 c    0   1.05 121.17658 61.52737  6959.30  5119.60 2.58 2.46 -64.0 -0.398    19.55 21.41 02a58956o0167c 0xc00800        44.0
58956.308020 20.207197      NaN   32.0    10 c    0   1.28 121.17658 61.52737  6936.45  5077.46 2.67 2.46 -58.4 -0.398    19.51 21.41 02a58956o0174c 0xc00800        44.0
58956.313770 20.207197      NaN   30.0    10 c    0   0.98 121.17658 61.52737  6990.92  5159.44 2.80 2.48  37.9 -0.380    19.53 21.42 02a58956o0185c 0xc00800        44.0
58956.323952 20.321591      NaN   21.0     9 c    0   0.85 121.17658 61.52737  7012.58  5039.90 2.50 2.46  88.1 -0.422    19.58 21.38 02a58956o0206c 0xc00800        44.0
58960.288199 20.103715      NaN   31.0    11 c    0   1.01 121.17658 61.52737  6952.05  5121.55 2.59 2.25  35.0 -0.394    19.60 21.25 02a58960o0135c 0xc00800        44.0
58960.291144 20.321591      NaN   41.0     9 c    0   1.05 121.17658 61.52737  6938.66  5080.96 2.38 2.23  35.0 -0.405    19.62 21.23 02a58960o0141c 0xc00800        44.0
58960.296699 20.103715      NaN   21.0    11 c    0   0.74 121.17658 61.52737  6995.85  5158.36 2.50 2.26  35.1 -0.399    19.61 21.22 02a58960o0151c 0xc00800        44.0
58960.307118 20.009244      NaN   23.0    12 c    0   0.84 121.17658 61.52737  7013.32  5039.71 2.70 2.27  34.2 -0.386    19.54 21.13 02a58960o0173c 0xc00800        44.0
58964.284095 17.033415      NaN -200.0   186 c    0   0.89 121.17658 61.52737  8330.85   601.01 3.05 2.78 -64.1 -0.375    16.86 18.38 02a58964o0108c 0xc00802        44.0
58964.289627 13.336339      NaN 1946.0  4968 c    0   1.55 121.17658 61.52737  8310.70   560.32 3.19 2.92 -67.2 -0.377    13.75 15.25 02a58964o0120c 0xc00802        44.0
58980.247974 19.841877      NaN   28.0    14 c    0   1.22 121.17658 61.52737  2462.17   354.35 2.83 2.30 -55.7 -0.373    19.25 20.56 02a58980o0036c 0xc00800        44.0
58980.253519 19.922338      NaN   26.0    13 c    0   1.03 121.17658 61.52737  2439.85   313.95 2.74 2.25 -53.2 -0.382    19.49 20.97 02a58980o0048c 0xc00800        44.0
58980.257688 20.103715      NaN   32.0    11 c    0   1.40 121.17658 61.52737  2503.52   388.86 2.64 2.24 -55.2 -0.397    19.52 21.06 02a58980o0057c 0xc00800        44.0
58980.269315 20.009244      NaN   16.0    12 c    0   0.89 121.17658 61.52737  2525.78   267.09 2.54 2.23 -60.8 -0.380    19.54 21.09 02a58980o0082c 0xc00800        44.0
58980.286367 16.793477      NaN   30.0   232 c    0   0.03 121.17658 61.52737  5351.01 10513.19 2.67 2.38 -47.3 -0.413    19.51 21.11 02a58980o0119c 0xc00802        44.0
58980.289585 19.631075      NaN   39.0    17 c    0   0.85 121.17658 61.52737  5332.56 10472.41 2.70 2.36 -46.6 -0.409    19.52 21.11 02a58980o0126c 0xc00800        44.0
58980.308468 19.841877      NaN   37.0    14 c    0   1.11 121.17658 61.52737  5404.06 10429.73 2.65 2.47 -46.3 -0.412    19.45 21.07 02a58980o0167c 0xc00800        44.0
58988.256351 19.696897      NaN   50.0    14 c    0   0.93 121.17658 61.52737  5771.39  6912.14 2.97 2.83  35.9 -0.386    19.25 20.90 02a58988o0051c 0xc00800        44.0
58988.259585 20.009244      NaN   34.0    12 c    0   1.14 121.17658 61.52737  5754.79  6878.76 2.87 2.72  38.0 -0.390    19.34 20.97 02a58988o0058c 0xc00800        44.0
58988.266492 19.841877      NaN   25.0    14 c    0   1.08 121.17658 61.52737  5807.77  6949.55 3.06 3.04   9.7 -0.390    19.26 21.00 02a58988o0073c 0xc00900        44.0
58988.276283 19.922338      NaN   43.0    13 c    0   0.95 121.17658 61.52737  5827.18  6831.13 2.71 2.70  39.2 -0.394    19.33 20.96 02a58988o0092c 0xc00900        44.0
59140.614338 20.009244      NaN   19.0    12 c    0   0.66 121.17658 61.52737  7752.19  1678.99 2.48 2.41  73.0 -0.391    19.31 21.27 02a59140o0915c 0xc00800        44.0
59140.624518 19.631075      NaN   53.0    14 c    0   1.12 121.17658 61.52737  7774.49  1718.00 2.58 2.47  73.6 -0.386    19.07 20.95 02a59140o0937c 0xc00800        44.0
59140.631905 17.699983      NaN  133.0    71 c    0   0.95 121.17658 61.52737  7722.81  1642.04 2.54 2.36 -68.7 -0.389    17.69 19.32 02a59140o0953c 0xc00800        44.0
59140.639199 14.571230      NaN 1755.0  1226 c    0   1.22 121.17658 61.52737  7707.37  1759.45 2.52 2.32 -66.8 -0.387    14.62 15.93 02a59140o0968c 0xc00802        44.0
59144.565600 20.594452      NaN   21.0     7 c    0   1.68 121.17658 61.52737  7742.46  1676.07 2.43 2.23 -59.4 -0.400    19.72 21.66 02a59144o0761c 0xc00900        44.0
59144.569750 20.321591      NaN   25.0     9 c    0   0.83 121.17658 61.52737  7761.50  1714.89 2.43 2.27 -59.8 -0.398    19.68 21.68 02a59144o0770c 0xc00900        44.0
59144.576757 20.321591      NaN   28.0     9 c    0   0.80 121.17658 61.52737  7708.80  1639.87 2.47 2.25 -59.1 -0.399    19.72 21.70 02a59144o0785c 0xc00800        44.0
59144.587358 20.321591      NaN   35.0     9 c    0   0.88 121.17658 61.52737  7689.88  1757.36 2.46 2.29 -64.8 -0.397    19.72 21.71 02a59144o0808c 0xc00800        44.0
59176.619776 19.696897      NaN   14.0    16 c    0   1.13 121.17658 61.52737  2214.41  6674.29 2.65 2.47 -42.5 -0.406    19.03 20.76 02a59176o0287c 0xc00800        44.0
59176.623894 19.696897      NaN   18.0    16 c    0   0.93 121.17658 61.52737  2195.42  6635.66 2.36 2.23 -43.7 -0.412    19.09 20.69 02a59176o0296c 0xc00800        44.0
59176.631218 19.510313      NaN    7.0    19 c    0   1.10 121.17658 61.52737  2250.17  6708.01 2.28 2.19 -38.9 -0.410    18.64 20.13 02a59176o0312c 0xc00800        44.0
59176.640646 19.766969      NaN   19.0    15 c    0   1.36 121.17658 61.52737  2270.58  6588.28 2.56 2.36 -48.0 -0.408    18.98 20.65 02a59176o0331c 0xc00800        44.0
59194.514822 20.321591      NaN   14.0     9 c    0   0.99 121.17658 61.52737  4052.84   713.23 2.39 2.28  12.9 -0.413    19.74 23.07 01a59194o0718c 0xc00800        44.0
59194.516665 20.321591      NaN   30.0     9 c    0   0.93 121.17658 61.52737  4030.64   674.27 2.54 2.40  16.1 -0.403    19.73 23.05 01a59194o0722c 0xc00800        44.0
59194.519431 20.321591      NaN   35.0     9 c    0   1.07 121.17658 61.52737  4092.59   751.41 2.91 2.78  20.0 -0.369    19.62 23.07 01a59194o0728c 0xc00800        44.0
59194.524505 20.449472      NaN   27.0     8 c    0   1.08 121.17658 61.52737  4112.10   634.46 2.63 2.39   2.0 -0.386    19.74 23.09 01a59194o0739c 0xc00900        44.0
59200.491054 20.321591      NaN   25.0     9 c    0   1.04 121.17658 61.52737  7624.52  7983.37 2.75 2.55  46.5 -0.399    19.74 21.70 02a59200o0615c 0xc00900        44.0
59200.492883 20.207197      NaN   39.0    10 c    0   0.95 121.17658 61.52737  7641.46  8023.38 2.77 2.57  57.3 -0.394    19.68 21.70 02a59200o0619c 0xc00800        44.0
59200.496999 20.103715      NaN   34.0    11 c    0   0.82 121.17658 61.52737  7583.28  7947.66 2.83 2.57  50.9 -0.389    19.69 21.70 02a59200o0628c 0xc00800        44.0
59200.503875 20.321591      NaN   26.0     9 c    0   1.19 121.17658 61.52737  7563.78  8064.69 2.90 2.59  43.4 -0.389    19.70 21.70 02a59200o0643c 0xc00800        44.0
59202.620514 20.171596      NaN   48.0     9 c    0   0.98 121.17658 61.52737  6634.20  3522.74 3.11 3.01 -58.7 -0.332    19.53 21.95 01a59202o0177c 0xc00800        44.0
59202.630678 20.449472      NaN   26.0     8 c    0   1.26 121.17658 61.52737  6655.82  3561.70 2.62 2.57 -68.4 -0.351    19.75 21.95 01a59202o0199c 0xc00800        44.0
59202.636216 20.449472      NaN   28.0     8 c    0   1.04 121.17658 61.52737  6598.28  3485.99 2.60 2.48 -61.6 -0.364    19.73 21.92 01a59202o0211c 0xc00800        44.0
59202.645971 20.321591      NaN   24.0     9 c    0   0.87 121.17658 61.52737  6581.72  3603.87 2.65 2.57 -74.8 -0.361    19.71 21.87 01a59202o0232c 0xc00900        44.0
59204.643449 20.449472      NaN   13.0     8 c    0   1.47 121.17658 61.52737  4989.30  2442.79 2.45 2.33  45.9 -0.399    19.65 21.54 02a59204o0131c 0xc00800        44.0
59204.650935 20.449472      NaN   39.0     8 c    0   0.98 121.17658 61.52737  4968.74  2402.34 2.40 2.36  62.5 -0.398    19.65 21.42 02a59204o0147c 0xc00800        44.0
59204.661117 20.207197      NaN   29.0    10 c    0   1.18 121.17658 61.52737  5029.56  2479.15 2.45 2.39  68.2 -0.392    19.40 20.92 02a59204o0169c 0xc00800        44.0
59204.663913 20.103715      NaN   34.0    11 c    0   1.99 121.17658 61.52737  5050.70  2361.96 2.46 2.36  53.5 -0.391    19.20 20.50 02a59204o0175c 0xc00800        44.0
59206.483732 20.449472      NaN   30.0     8 c    0   0.98 121.17658 61.52737  3884.91  7018.36 2.60 2.46 -65.1 -0.382    19.72 21.76 01a59206o0609c 0xc00800        44.0
59206.486960 20.449472      NaN   19.0     8 c    0   1.25 121.17658 61.52737  3866.08  6978.40 2.61 2.56 -36.5 -0.374    19.67 21.83 01a59206o0616c 0xc00800        44.0
59206.492485 20.594452      NaN   25.0     7 c    0   1.47 121.17658 61.52737  3921.75  7054.98 2.65 2.54 -65.8 -0.374    19.69 21.88 01a59206o0628c 0xc00800        44.0
59206.497624 20.594452      NaN   17.0     7 c    0   1.22 121.17658 61.52737  3940.18  6940.33 2.58 2.55 -73.8 -0.375    19.73 21.91 01a59206o0639c 0xc00800        44.0
59222.441517 20.449472      NaN   34.0     8 c    0   1.03 121.17658 61.52737  6490.35  8658.01 2.54 2.43 -69.4 -0.380    19.76 21.83 01a59222o0534c 0xc00800        44.0
59222.444281 20.594452      NaN   21.0     7 c    0   1.50 121.17658 61.52737  6472.50  8617.94 2.62 2.59 -62.7 -0.356    19.69 21.84 01a59222o0540c 0xc00800        44.0
59222.447132 20.449472      NaN   25.0     8 c    0   1.67 121.17658 61.52737  6526.90  8699.79 2.67 2.58 -77.3 -0.369    19.72 21.84 01a59222o0546c 0xc00800        44.0
59222.452288 20.171596      NaN   51.0     8 c    0   0.97 121.17658 61.52737  6545.75  8581.01 2.68 2.60 -39.8 -0.369    19.69 21.79 01a59222o0557c 0xc00800        44.0
59226.463299 20.594452      NaN   26.0     7 c    0   1.20 121.17658 61.52737  3532.04  8194.64 2.60 2.54 -56.3 -0.363    19.73 22.11 01a59226o0543c 0xc00800        44.0
59226.496873 20.449472      NaN   21.0     8 c    0   0.95 121.17658 61.52737  3565.80  8230.96 2.91 2.74 -29.2 -0.358    19.65 22.14 01a59226o0615c 0xc00900        44.0
59226.500097 20.321591      NaN   24.0     9 c    0   1.19 121.17658 61.52737  3504.93  8152.52 3.03 2.97  90.0 -0.364    19.56 22.14 01a59226o0622c 0xc00800        44.0
59226.507474 20.449472      NaN   33.0     8 c    0   1.19 121.17658 61.52737  3489.64  8270.40 2.61 2.53 -63.9 -0.373    19.72 22.15 01a59226o0638c 0xc00800        44.0
59228.512752 20.321591      NaN   31.0     9 c    0   1.21 121.17658 61.52737  4642.61  8750.91 2.57 2.51 -55.6 -0.401    19.70 21.74 02a59228o0611c 0xc00900        44.0
59228.515965 20.207197      NaN   37.0    10 c    0   1.07 121.17658 61.52737  4623.80  8715.75 2.67 2.64 -53.2 -0.387    19.61 21.67 02a59228o0618c 0xc00800        44.0
59228.522377 20.207197      NaN   39.0    10 c    0   0.94 121.17658 61.52737  4677.58  8787.92 2.83 2.72 -54.5 -0.389    19.61 21.70 02a59228o0632c 0xc00800        44.0
59228.533407 20.009244      NaN    8.0    12 c    0   0.89 121.17658 61.52737  4694.40  8666.29 2.92 2.88  58.8 -0.372    19.44 21.56 02a59228o0656c 0xc00800        44.0
59230.406136 20.321591      NaN   15.0     9 c    0   0.84 121.17658 61.52737  7007.86  2385.26 2.54 2.48 -76.5 -0.390    19.75 21.89 01a59230o0453c 0xc00800        44.0
59230.409365 20.449472      NaN   41.0     8 c    0   0.98 121.17658 61.52737  6987.00  2345.09 2.56 2.51 -25.9 -0.387    19.75 21.89 01a59230o0460c 0xc00800        44.0
59230.412134 20.449472      NaN   39.0     8 c    0   0.74 121.17658 61.52737  7046.90  2423.85 2.45 2.30 -75.6 -0.407    19.82 21.90 01a59230o0466c 0xc00900        44.0
59230.418596 20.449472      NaN   28.0     8 c    0   1.24 121.17658 61.52737  7066.12  2307.02 2.55 2.35 -80.5 -0.395    19.80 21.90 01a59230o0480c 0xc00800        44.0
59250.400196 20.594452      NaN   34.0     7 c    0   1.50 121.17658 61.52737  3563.66  5481.03 2.45 2.23 -87.7 -0.401    19.82 21.96 01a59250o0416c 0xc00800        44.0
59250.403428 20.449472      NaN   33.0     8 c    0   0.59 121.17658 61.52737  3587.19  5521.76 2.35 2.32 -52.2 -0.381    19.80 21.98 01a59250o0423c 0xc00800        44.0
59250.413586 20.449472      NaN   19.0     8 c    0   1.08 121.17658 61.52737  3531.16  5443.30 2.38 2.34 -84.3 -0.380    19.79 21.98 01a59250o0445c 0xc00800        44.0
59250.420040 20.449472      NaN   21.0     8 c    0   1.11 121.17658 61.52737  3512.19  5555.82 2.52 2.31 -88.3 -0.397    19.77 22.00 01a59250o0459c 0xc00800        44.0
59252.449897 20.594452      NaN   24.0     7 c    0   1.69 121.17658 61.52737  6214.34   625.16 2.36 2.23 -77.1 -0.417    19.73 21.69 02a59252o0532c 0xc00800        44.0
59252.453106 20.449472      NaN   40.0     8 c    0   1.14 121.17658 61.52737  6193.53   584.46 2.38 2.23 -72.9 -0.410    19.75 21.71 02a59252o0539c 0xc00800        44.0
59252.459998 20.449472      NaN   34.0     8 c    0   1.06 121.17658 61.52737  6254.28   660.65 2.39 2.22 -69.6 -0.417    19.77 21.70 02a59252o0554c 0xc00800        44.0
59252.470581 20.321591      NaN   23.0     9 c    0   1.00 121.17658 61.52737  6276.92   541.84 2.44 2.26 -69.0 -0.416    19.68 21.70 02a59252o0577c 0xc00800        44.0
59254.410229 20.594452      NaN   32.0     7 c    0   1.34 121.17658 61.52737  3574.01  5477.35 2.65 2.30  88.4 -0.389    19.73 21.95 01a59254o0441c 0xc00900        44.0
59254.413927 20.594452      NaN   21.0     7 c    0   1.81 121.17658 61.52737  3594.33  5516.55 2.72 2.37  88.6 -0.380    19.70 21.93 01a59254o0449c 0xc00800        44.0
59254.420378 20.321591      NaN   18.0     9 c    0   0.80 121.17658 61.52737  3537.25  5438.03 2.83 2.44 -89.9 -0.385    19.66 21.91 01a59254o0463c 0xc00800        44.0
59254.431464 20.405150      NaN   48.0     7 c    0   1.86 121.17658 61.52737  3522.78  5552.45 2.71 2.35 -88.4 -0.390    19.73 21.90 01a59254o0487c 0xc00800        44.0
59256.346540 20.009244      NaN   34.0    12 c    0   1.07 121.17658 61.52737  4386.85  9937.22 2.50 2.49  73.7 -0.400    19.77 21.71 02a59256o0303c 0xc00800        44.0
59256.348369 19.922338      NaN   19.0    13 c    0   0.76 121.17658 61.52737  4408.47  9977.07 2.58 2.57 -25.6 -0.397    19.74 21.71 02a59256o0307c 0xc00800        44.0
59256.353896 20.009244      NaN   21.0    12 c    0   1.01 121.17658 61.52737  4346.76  9897.34 2.68 2.52  42.5 -0.378    19.68 21.72 02a59256o0319c 0xc00900        44.0
59256.380686 20.207197      NaN   13.0    10 c    0   1.18 121.17658 61.52737  6277.15   552.89 2.56 2.49  86.7 -0.392    19.65 21.74 02a59256o0377c 0xc00900        44.0
59258.418333 20.321591      NaN   22.0     9 c    0   0.97 121.17658 61.52737  2312.00 10027.95 2.44 2.26 -50.1 -0.390    19.74 21.83 01a59258o0460c 0xc00800        44.0
59258.421560 20.594452      NaN   16.0     7 c    0   1.44 121.17658 61.52737  2331.42 10065.29 2.44 2.21 -56.9 -0.399    19.72 21.82 01a59258o0467c 0xc00800        44.0
59258.427552 20.321591      NaN   23.0     9 c    0   1.25 121.17658 61.52737  2267.91  9983.99 2.54 2.31 -55.4 -0.389    19.70 21.81 01a59258o0480c 0xc00800        44.0
59258.437709 20.449472      NaN   25.0     8 c    0   1.51 121.17658 61.52737  2249.39 10100.60 2.46 2.21 -53.6 -0.395    19.70 21.80 01a59258o0502c 0xc00800        44.0
59278.329853 17.194637      NaN   84.0   147 c    0   1.04 121.17658 61.52737  8185.64 10148.18 2.51 2.45  13.1 -0.344    17.10 18.67 01a59278o0188c 0xc00800        44.0
59278.333085 18.910912      NaN   30.0    33 c    0   1.07 121.17658 61.52737  8208.63 10185.82 2.52 2.47 -60.0 -0.361    17.85 19.43 01a59278o0195c 0xc00800        44.0
59278.339079 18.598565      NaN   24.0    44 c    0   0.84 121.17658 61.52737  8143.49 10110.10 2.57 2.47  -7.4 -0.345    17.88 19.45 01a59278o0208c 0xc00800        44.0
59278.394567 20.207197      NaN   19.0    10 c    0   1.46 121.17658 61.52737  8129.47 10226.32 2.60 2.47  -4.8 -0.363    19.44 21.26 01a59278o0226c 0xc00800        44.0
59284.366962 20.449472      NaN   17.0     8 c    0   1.17 121.17658 61.52737  9079.06  2409.22 2.54 2.36 -66.0 -0.392    19.68 21.63 02a59284o0263c 0xc00800        44.0
59284.370164 20.207197      NaN   27.0    10 c    0   0.87 121.17658 61.52737  9060.22  2370.55 2.65 2.42 -63.9 -0.392    19.66 21.63 02a59284o0270c 0xc00900        44.0
59284.376145 20.321591      NaN   36.0     9 c    0   0.91 121.17658 61.52737  9119.48  2452.04 2.53 2.34 -68.4 -0.397    19.70 21.62 02a59284o0283c 0xc00800        44.0
59284.407913 20.103715      NaN   27.0    11 c    0   0.81 121.17658 61.52737  9144.49  2332.14 2.61 2.48 -69.8 -0.389    19.63 21.56 02a59284o0345c 0xc00800        44.0
59288.337088 20.321591      NaN   14.0     9 c    0   1.12 121.17658 61.52737  9082.64  2416.26 2.52 2.34 -56.8 -0.399    19.66 21.62 02a59288o0267c 0xc00800        44.0
59288.340307 20.449472      NaN   29.0     8 c    0   1.18 121.17658 61.52737  9062.86  2375.94 2.45 2.34 -62.3 -0.396    19.74 21.63 02a59288o0274c 0xc00800        44.0
59288.347182 20.321591      NaN   32.0     9 c    0   1.04 121.17658 61.52737  9123.25  2456.19 2.42 2.26 -65.4 -0.405    19.72 21.63 02a59288o0289c 0xc00800        44.0
59288.357270 20.321591      NaN   30.0     9 c    0   1.15 121.17658 61.52737  9146.04  2340.72 2.42 2.34 -66.6 -0.399    19.74 21.64 02a59288o0311c 0xc00800        44.0
59310.267430 20.321591      NaN   32.0     9 c    0   1.00 121.17658 61.52737 10309.81  9890.43 2.57 2.47  35.9 -0.374    19.84 21.50 01a59310o0035c 0xc00800        44.0
59310.272654 20.449472      NaN   32.0     8 c    0   1.19 121.17658 61.52737 10331.82  9926.36 2.66 2.47  86.8 -0.380    19.81 21.48 01a59310o0046c 0xc00800        44.0
59310.276340 20.321591      NaN   29.0     9 c    0   1.22 121.17658 61.52737 10267.56  9854.56 2.53 2.52 -87.6 -0.382    19.83 21.51 01a59310o0054c 0xc00800        44.0
59310.282435 20.594452      NaN   38.0     7 c    0   1.44 121.17658 61.52737   175.18 10011.36 2.46 2.13 -72.1 -0.426    19.84 21.58 01a59310o0067c 0xc00800        44.0
59310.285661 20.594452      NaN   29.0     7 c    0   1.78 121.17658 61.52737   198.42 10052.23 2.50 2.17 -74.1 -0.431    19.86 21.60 01a59310o0074c 0xc00800        44.0
59310.287506 20.207197      NaN   19.0    10 c    0   1.05 121.17658 61.52737 10249.28  9977.04 2.57 2.39  88.6 -0.387    19.82 21.56 01a59310o0078c 0xc00800        44.0
59310.291210 20.207197      NaN   41.0    10 c    0   1.06 121.17658 61.52737   134.14  9969.35 2.62 2.23 -71.4 -0.417    19.80 21.60 01a59310o0086c 0xc00900        44.0
59310.301383 20.103715      NaN   16.0    11 c    0   0.77 121.17658 61.52737   114.90 10086.30 2.61 2.30 -70.7 -0.414    19.79 21.63 01a59310o0108c 0xc00800        44.0
59314.277233 18.702047      NaN   14.0    40 c    0   0.92 121.17658 61.52737  7232.39  5718.52 2.30 2.18 -85.1 -0.402    18.23 19.72 01a59314o0127c 0xc00800        44.0
59314.280468 20.009244      NaN   25.0    12 c    0   1.34 121.17658 61.52737  7253.76  5757.87 2.25 2.19  87.4 -0.404    19.30 20.85 01a59314o0134c 0xc00800        44.0
59314.285594 19.302877      NaN  -26.0    23 c    0   1.38 121.17658 61.52737  7196.97  5683.05 2.27 2.22   0.5 -0.383    18.65 20.16 01a59314o0145c 0xc00800        44.0
59314.295756 19.922338      NaN   23.0    13 c    0   1.08 121.17658 61.52737  7176.15  5797.68 2.35 2.16 -80.5 -0.400    19.44 21.01 01a59314o0167c 0xc00800        44.0
59318.265976 20.449472      NaN   31.0     8 c    0   1.19 121.17658 61.52737  7229.40  5717.27 2.43 2.21 -87.4 -0.409    19.82 21.40 01a59318o0102c 0xc00800        44.0
59318.269749 20.594452      NaN   31.0     7 c    0   1.43 121.17658 61.52737  7250.87  5755.34 2.51 2.25 -87.9 -0.398    19.80 21.37 01a59318o0110c 0xc00800        44.0
59318.275291 20.449472      NaN   30.0     8 c    0   1.42 121.17658 61.52737  7191.49  5680.20 2.45 2.24 -83.0 -0.410    19.84 21.40 01a59318o0122c 0xc00800        44.0
59318.286428 20.321591      NaN   37.0     9 c    0   1.01 121.17658 61.52737  7174.50  5796.77 2.53 2.31 -83.7 -0.397    19.75 21.39 01a59318o0146c 0xc00800        44.0
59524.579684 20.207197      NaN   33.0    10 c    0   0.90 121.17658 61.52737  4088.04  1898.46 2.72 2.57 -88.7 -0.382    19.48 21.26 02a59524o0871c 0xc00800        44.0
59524.582462 20.321591      NaN   13.0     9 c    0   1.02 121.17658 61.52737  4106.73  1939.92 2.72 2.58 -86.2 -0.378    19.50 21.26 02a59524o0877c 0xc00800        44.0
59524.592251 20.009244      NaN   15.0    12 c    0   0.95 121.17658 61.52737  4051.23  1861.42 2.71 2.57  74.3 -0.377    19.49 21.26 02a59524o0898c 0xc00800        44.0
59524.602346 20.103715      NaN   37.0    11 c    0   0.80 121.17658 61.52737  4034.96  1978.24 2.80 2.67  88.3 -0.376    19.43 21.25 02a59524o0920c 0xc00800        44.0
59528.530892 20.321591      NaN   39.0     9 c    0   1.02 121.17658 61.52737  4077.02  1898.79 2.48 2.32 -68.1 -0.402    19.63 21.45 02a59528o0748c 0xc00800        44.0
59528.532727 20.321591      NaN   16.0     9 c    0   1.13 121.17658 61.52737  4095.51  1938.40 2.54 2.41  89.4 -0.392    19.59 21.45 02a59528o0752c 0xc00800        44.0
59528.538713 20.449472      NaN   18.0     8 c    0   1.11 121.17658 61.52737  4040.75  1860.20 2.44 2.33 -78.0 -0.402    19.68 21.48 02a59528o0765c 0xc00800        44.0
59528.544666 20.321591      NaN   20.0     9 c    0   1.20 121.17658 61.52737  4023.83  1975.92 2.48 2.30  61.0 -0.396    19.66 21.46 02a59528o0778c 0xc00800        44.0
59588.479662 20.207197      NaN   25.0    10 c    0   0.92 121.17658 61.52737  5778.97  6929.36 2.59 2.32  32.8 -0.411    19.65 21.63 02a59588o0630c 0xc00800        44.0
59588.482866 20.207197      NaN   33.0    10 c    0   1.04 121.17658 61.52737  5759.63  6890.18 2.56 2.31  36.7 -0.415    19.59 21.63 02a59588o0637c 0xc00800        44.0
59588.488378 20.207197      NaN   10.0    10 c    0   1.18 121.17658 61.52737  5815.32  6968.26 2.56 2.31  36.8 -0.415    19.65 21.63 02a59588o0649c 0xc00800        44.0
59588.523034 20.321591      NaN   23.0     9 c    0   1.17 121.17658 61.52737  5830.85  6846.55 2.52 2.28  36.9 -0.417    19.63 21.64 02a59588o0724c 0xc00800        44.0
59615.354667 20.103715      NaN   33.0    11 c    0   1.10 121.17658 61.52737 10286.70 10000.47 2.91 2.81 -45.2 -0.388    19.60 21.44 02a59615o0337c 0xc00800        44.0
59615.356658 20.009244      NaN   20.0    12 c    0   0.82 121.17658 61.52737 10303.75 10040.57 3.09 2.76 -48.9 -0.379    19.61 21.44 02a59615o0341c 0xc00800        44.0
59615.360783 20.137125      NaN   46.0    10 c    0   1.31 121.17658 61.52737 10241.44  9964.23 2.80 2.73  17.3 -0.387    19.60 21.43 02a59615o0350c 0xc00800        44.0
59615.366747 20.207197      NaN   20.0    10 c    0   1.35 121.17658 61.52737 10223.11 10082.86 3.15 2.82 -51.0 -0.370    19.59 21.42 02a59615o0363c 0xc00800        44.0
59615.411734 20.009244      NaN   27.0    12 c    0   1.24 121.17658 61.52737 10459.06   646.25 2.70 2.06 -62.0 -0.406    19.60 21.37 02a59615o0459c 0xc00800        44.0
59615.415404 20.207197      NaN   -5.0    10 c    0   1.31 121.17658 61.52737 10438.17   604.38 2.69 2.07 -62.3 -0.410    19.60 21.38 02a59615o0467c 0xc00800        44.0
59615.443090 19.549093      NaN   54.0    15 c    0   0.89 121.17658 61.52737 10497.20   686.59 2.75 2.13 -61.8 -0.406    19.54 21.37 02a59615o0526c 0xc00800        44.0
59615.471385 19.302877      NaN   28.0    23 c    0   0.49 121.17658 61.52737 10519.85   568.90 2.71 2.08 -61.4 -0.406    19.53 21.29 02a59615o0587c 0xc00800        44.0
59635.394357 20.103715      NaN   18.0    11 c    0   1.03 121.17658 61.52737  7661.62  6874.84 3.00 2.79  38.2 -0.390    19.52 21.59 02a59635o0409c 0xc00800        44.0
59635.400309 20.103715      NaN   27.0    11 c    0   0.92 121.17658 61.52737  7641.92  6832.14 3.01 2.71  39.9 -0.383    19.52 21.59 02a59635o0422c 0xc00900        44.0
59635.427855 20.009244      NaN   14.0    12 c    0   0.92 121.17658 61.52737  7692.58  6915.28 2.96 2.77  45.2 -0.387    19.55 21.54 02a59635o0480c 0xc00800        44.0
59635.431093 20.009244      NaN   32.0    12 c    0   1.00 121.17658 61.52737  7713.66  6799.12 3.14 3.06  42.4 -0.383    19.42 21.55 02a59635o0487c 0xc00800        44.0
59639.363391 20.207197      NaN   28.0    10 c    0   1.03 121.17658 61.52737  7663.14  6876.51 2.63 2.42  42.6 -0.401    19.67 21.56 02a59639o0337c 0xc00800        44.0
59639.366621 20.321591      NaN   28.0     9 c    0   1.13 121.17658 61.52737  7644.72  6835.81 2.58 2.37  42.1 -0.407    19.69 21.56 02a59639o0344c 0xc00800        44.0
59639.372197 20.103715      NaN   28.0    11 c    0   0.86 121.17658 61.52737  7702.09  6916.95 2.65 2.39  41.2 -0.407    19.68 21.56 02a59639o0356c 0xc00800        44.0
59639.403680 20.207197      NaN   30.0    10 c    0   1.42 121.17658 61.52737  7709.30  6797.08 2.65 2.34  35.9 -0.405    19.71 21.57 02a59639o0424c 0xc00800        44.0
59643.377594 20.321591      NaN   23.0     9 c    0   2.33 121.17658 61.52737   302.39  6883.58 2.18 2.11 -22.9 -0.425    19.17 21.71 02a59643o0343c 0xc00800        44.0
59643.380528 20.103715      NaN   28.0    11 c    0   1.35 121.17658 61.52737   285.65  6845.36 2.21 2.09 -50.1 -0.424    19.20 21.68 02a59643o0349c 0xc00800        44.0
59643.385933 20.009244      NaN   31.0    12 c    0   1.61 121.17658 61.52737   342.93  6920.03 2.26 2.13 -53.6 -0.423    19.18 21.71 02a59643o0360c 0xc00800        44.0
59643.395934 19.841877      NaN   37.0    14 c    0   1.00 121.17658 61.52737   357.04  6797.55 2.29 2.20  32.8 -0.406    19.14 21.71 02a59643o0380c 0xc00800        44.0
59643.396437 19.696897      NaN   37.0    16 c    0   1.03 121.17658 61.52737  9555.42  6893.72 2.58 2.37 -82.7 -0.445    19.18 21.71 02a59643o0381c 0xc00800        44.0
59643.399376 19.766969      NaN   40.0    15 c    0   1.24 121.17658 61.52737  9535.93  6854.18 2.55 2.31 -78.6 -0.453    19.19 21.75 02a59643o0387c 0xc00800        44.0
59643.407446 19.569016      NaN    8.0    18 c    0   1.06 121.17658 61.52737  9596.39  6938.44 2.59 2.34 -72.4 -0.453    19.16 21.74 02a59643o0403c 0xc00800        44.0
59643.417434 19.510313      NaN   39.0    19 c    0   0.73 121.17658 61.52737  9612.23  6821.04 2.58 2.31 -75.9 -0.456    19.16 21.72 02a59643o0423c 0xc00800        44.0
59663.296153 20.103715      NaN   35.0    11 c    0   0.79 121.17658 61.52737  8920.99  5113.30 2.74 2.54  32.6 -0.392    19.44 21.50 02a59663o0178c 0xc00800        44.0
59663.299809 19.841877      NaN   25.0    14 c    0   0.75 121.17658 61.52737  8900.74  5073.09 2.85 2.63  33.0 -0.387    19.43 21.50 02a59663o0186c 0xc00800        44.0
59663.305292 20.103715      NaN   27.0    11 c    0   1.10 121.17658 61.52737  8958.19  5153.96 2.86 2.69  29.7 -0.390    19.44 21.50 02a59663o0198c 0xc00800        44.0
59663.316279 20.103715      NaN   27.0    11 c    0   1.29 121.17658 61.52737  8976.79  5037.43 2.87 2.65  33.1 -0.388    19.42 21.52 02a59663o0222c 0xc00800        44.0
59671.314159 19.922338      NaN   36.0    13 c    0   0.85 121.17658 61.52737  8323.65  8665.06 2.96 2.54  34.8 -0.388    19.47 21.58 02a59671o0126c 0xc00800        44.0
59671.317855 20.009244      NaN   36.0    12 c    0   1.04 121.17658 61.52737  8305.16  8625.44 3.04 2.75  41.1 -0.385    19.39 21.58 02a59671o0134c 0xc00800        44.0
59671.322982 19.922338      NaN   29.0    13 c    0   0.95 121.17658 61.52737  8359.87  8707.50 2.79 2.57  39.8 -0.400    19.52 21.58 02a59671o0145c 0xc00900        44.0
59671.333987 19.401649      NaN   -2.0    21 c    0   0.87 121.17658 61.52737  8375.04  8588.50 3.17 2.80  35.4 -0.383    18.97 21.07 02a59671o0169c 0xc00800        44.0
59679.279792 18.978793      NaN  -19.0    31 c    0   0.68 121.17658 61.52737  5276.81  4695.24 2.59 2.28  32.9 -0.404    18.35 19.94 02a59679o0109c 0xc00800        44.0
59679.282991 18.675237      NaN  -11.0    41 c    0   1.20 121.17658 61.52737  5257.57  4656.62 2.70 2.35  32.0 -0.388    17.90 19.52 02a59679o0116c 0xc00900        44.0
59679.289020 17.740268      NaN   22.0    97 c    0   0.69 121.17658 61.52737  5315.19  4729.94 2.82 2.32  32.9 -0.385    17.11 18.69 02a59679o0129c 0xc00800        44.0
59691.297459 13.861286      NaN  216.0  3397 c    0   1.25 121.17658 61.52737   966.30  9095.14 2.49 2.14 -48.4 -0.382    13.25 14.75 02a59691o0057c 0xc00802        44.0
59691.301595 16.015463      NaN   56.0   471 c    0   0.97 121.17658 61.52737   949.29  9059.42 2.58 2.11 -52.3 -0.416    15.50 17.01 02a59691o0066c 0xc00802        44.0
59691.304819 16.113473      NaN -251.0   434 c    0   1.06 121.17658 61.52737  9994.14  9199.26 2.86 2.63  37.0 -0.536    16.13 17.71 02a59691o0073c 0xc00802        44.0
59691.308483 16.108481      NaN  242.0   370 c    0   1.07 121.17658 61.52737  1002.74  9128.59 2.60 2.17 -52.2 -0.407    15.45 16.92 02a59691o0081c 0xc00802        44.0
59691.312609 17.183409      NaN  -21.0   162 c    0   1.10 121.17658 61.52737  9972.91  9156.12 3.05 2.51  27.9 -0.387    16.97 18.54 02a59691o0090c 0xc00802        44.0
59691.316748 17.922662      NaN   80.0    70 c    0   1.58 121.17658 61.52737 10027.83  9239.39 2.99 2.50  28.8 -0.381    17.77 19.38 02a59691o0099c 0xc00800        44.0
59691.319032 17.805624      NaN   81.0    79 c    0   0.59 121.17658 61.52737  1024.00  9007.84 2.53 2.14 -52.0 -0.486    17.32 18.84 02a59691o0104c 0xc00800        44.0
59691.328219 15.088361      NaN 1141.0   750 c    0   1.24 121.17658 61.52737 10049.18  9123.33 2.74 2.67  25.9 -0.558    14.79 16.31 02a59691o0124c 0xc00802        44.0
59695.243672 19.549093      NaN   45.0    18 c    0   0.58 121.17658 61.52737   972.70  9096.73 2.54 2.04 -53.8 -0.484    19.20 20.83 02a59695o0036c 0xc00800        44.0
59695.247800 19.841877      NaN   26.0    14 c    0   1.02 121.17658 61.52737   953.74  9057.74 2.56 2.18 -52.3 -0.477    19.22 20.97 02a59695o0045c 0xc00800        44.0
59695.253742 19.841877      NaN   35.0    14 c    0   0.92 121.17658 61.52737  1007.51  9129.71 2.49 2.09 -51.0 -0.480    19.30 21.03 02a59695o0058c 0xc00800        44.0
59695.264826 19.631075      NaN   47.0    16 c    0   0.90 121.17658 61.52737  1025.75  9007.82 2.60 2.23 -49.0 -0.472    19.27 21.06 02a59695o0082c 0xc00800        44.0
59695.267111 19.841877      NaN   35.0    14 c    0   1.54 121.17658 61.52737  9996.30  9188.97 2.96 2.64  34.9 -0.384    19.32 21.14 02a59695o0087c 0xc00800        44.0
59695.270309 19.696897      NaN   15.0    16 c    0   1.14 121.17658 61.52737  9976.74  9148.07 2.85 2.58  35.0 -0.391    19.38 21.14 02a59695o0094c 0xc00900        44.0
59695.275895 19.766969      NaN   17.0    15 c    0   2.84 121.17658 61.52737 10033.60  9233.57 2.71 2.64  46.7 -0.395    19.36 21.14 02a59695o0106c 0xc00800        44.0
59695.285971 19.696897      NaN   38.0    16 c    0   0.95 121.17658 61.52737 10050.31  9115.03 2.83 2.75  24.7 -0.393    19.31 21.15 02a59695o0128c 0xc00800        44.0
59699.267556 17.685696      NaN   16.0   102 c    0   1.03 121.17658 61.52737  4113.73   712.41 2.46 2.27  88.3 -0.419    16.94 18.05 02a59699o0086c 0xc00800        44.0
59699.273066 17.491297      NaN   95.0   105 c    0   0.93 121.17658 61.52737  4091.97   667.82 2.49 2.29  83.1 -0.414    16.92 18.04 02a59699o0098c 0xc00800        44.0
59699.276758 18.125925      NaN   50.0    66 c    0   1.11 121.17658 61.52737  4154.48   746.75 2.55 2.38  87.2 -0.426    17.29 18.51 02a59699o0106c 0xc00900        44.0
59699.286842 18.836735      NaN   66.0    28 c    0   0.78 121.17658 61.52737  4175.06   624.79 2.59 2.37  88.6 -0.409    18.42 19.73 02a59699o0128c 0xc00900        44.0
59823.604725 20.103715      NaN    0.0    11 c    0   1.35 121.17658 61.52737  7229.95  5773.60 2.95 2.58  29.8 -0.388    19.31 21.00 02a59823o0835c 0xc00800        44.0
59823.607934 19.922338      NaN   32.0    13 c    0   1.04 121.17658 61.52737  7249.35  5812.41 2.91 2.54  30.4 -0.389    19.33 21.01 02a59823o0842c 0xc00800        44.0
59823.614361 20.009244      NaN    9.0    12 c    0   1.03 121.17658 61.52737  7190.95  5734.60 2.76 2.49  30.5 -0.396    19.40 21.04 02a59823o0856c 0xc00900        44.0
59823.635776 18.304885      NaN   58.0    53 c    0   1.09 121.17658 61.52737  7172.78  5850.85 3.29 2.90  32.0 -0.359    17.79 18.81 02a59823o0902c 0xc00800        44.0
59845.603619 17.718109      NaN  110.0    77 c    0   1.05 121.17658 61.52737 10126.75  5231.25 3.16 3.00  34.5 -0.321    16.90 18.62 01a59845o0756c 0xc00800        44.0
59845.622574 18.481707      NaN   22.0    49 c    0   1.27 121.17658 61.52737 10115.17  5184.55 3.19 2.94  29.1 -0.313    17.67 19.34 01a59845o0796c 0xc00800        44.0
59845.630860 18.438271      NaN   20.0    51 c    0   1.09 121.17658 61.52737 10180.34  5255.45 3.06 2.81  31.4 -0.320    17.37 18.83 01a59845o0812c 0xc00800        44.0
59845.637347 18.598565      NaN  -38.0    44 c    0   0.80 121.17658 61.52737 10201.77  5144.55 3.10 2.83  28.6 -0.313    17.82 18.82 01a59845o0826c 0xc00900        44.0
59853.575610 19.922338      NaN   22.0    13 c    0   0.88 121.17658 61.52737  6212.62  5193.22 3.55 3.22  39.9 -0.273    19.34 21.16 01a59853o0805c 0xc00800        44.0
59853.581158 20.009244      NaN   16.0    12 c    0   0.99 121.17658 61.52737  6195.58  5152.03 3.53 3.17  41.1 -0.281    19.35 21.18 01a59853o0817c 0xc00800        44.0
59853.592732 20.137125      NaN   46.0    10 c    0   1.13 121.17658 61.52737  6257.33  5227.79 3.55 3.16  41.4 -0.273    19.37 21.23 01a59853o0842c 0xc00900        44.0
59853.604063 20.103715      NaN   10.0    11 c    0   1.10 121.17658 61.52737  6280.35  5103.42 3.82 3.30  43.1 -0.246    19.30 21.18 01a59853o0865c 0xc00800        44.0
59883.582064 20.103715      NaN    7.0    11 c    0   1.23 121.17658 61.52737  1492.68  8179.03 2.54 2.35  41.3 -0.418    19.52 21.22 02a59883o0866c 0xc00800        44.0
59883.585239 19.922338      NaN   36.0    13 c    0   0.70 121.17658 61.52737  1513.08  8219.12 2.64 2.40  40.5 -0.410    19.45 21.23 02a59883o0873c 0xc00800        44.0
59883.590669 20.207197      NaN   39.0    10 c    0   1.39 121.17658 61.52737  1452.84  8136.87 2.59 2.35  37.7 -0.415    19.49 21.23 02a59883o0885c 0xc00800        44.0
59883.600988 20.009244      NaN    1.0    12 c    0   1.09 121.17658 61.52737  1430.74  8251.83 2.56 2.41  33.8 -0.426    19.46 21.22 02a59883o0907c 0xc00800        44.0
59905.557432 20.321591      NaN   40.0     9 c    0   1.01 121.17658 61.52737   333.53   655.40 3.27 3.00  51.0 -0.336    19.62 21.62 01a59905o0756c 0xc00800        44.0
59905.559278 20.321591      NaN   28.0     9 c    0   0.91 121.17658 61.52737   310.82   617.92 3.33 3.02  52.5 -0.336    19.64 21.64 01a59905o0760c 0xc00800        44.0
59905.562048 20.321591      NaN   41.0     9 c    0   1.37 121.17658 61.52737   376.15   691.51 3.24 2.90  51.0 -0.336    19.66 21.66 01a59905o0766c 0xc00800        44.0
59905.567128 20.321591      NaN   35.0     9 c    0   0.87 121.17658 61.52737   395.04   572.97 3.36 3.04  52.1 -0.327    19.61 21.68 01a59905o0777c 0xc00800        44.0
59905.572210 20.321591      NaN   36.0     9 c    0   0.98 121.17658 61.52737 10475.22   710.72 3.15 2.99 -41.4 -0.339    19.62 21.67 01a59905o0788c 0xc00800        44.0
59905.574523 20.321591      NaN   32.0     9 c    0   1.22 121.17658 61.52737 10454.46   668.07 3.15 2.98 -44.0 -0.347    19.65 21.67 01a59905o0793c 0xc00800        44.0
59905.577310 20.207197      NaN   31.0    10 c    0   0.88 121.17658 61.52737 10518.44   750.82 3.20 3.03 -39.9 -0.339    19.60 21.67 01a59905o0799c 0xc00900        44.0
59909.475518 19.922338      NaN   36.0    13 c    0   0.79 121.17658 61.52737 10486.76   745.55 3.28 3.06 -49.1 -0.354    19.43 21.33 01a59909o0619c 0xc00800        44.0
59909.478760 20.103715      NaN   39.0    11 c    0   1.03 121.17658 61.52737 10466.85   700.62 3.16 2.90 -54.3 -0.354    19.51 21.34 01a59909o0626c 0xc00800        44.0
59909.486147 20.009244      NaN   25.0    12 c    0   0.71 121.17658 61.52737 10527.96   782.76 3.19 3.03 -52.3 -0.346    19.46 21.30 01a59909o0642c 0xc00800        44.0
59909.520041 20.282105      NaN   45.0     9 c    0   0.83 121.17658 61.52737   339.61   653.10 3.07 2.92  47.1 -0.375    19.64 21.50 01a59909o0715c 0xc00800        44.0
59909.543510 20.103715      NaN   30.0    11 c    0   0.99 121.17658 61.52737   314.45   616.66 3.34 3.06  52.2 -0.339    19.53 21.41 01a59909o0765c 0xc00800        44.0
59909.545367 20.207197      NaN   31.0    10 c    0   1.11 121.17658 61.52737   379.09   691.04 3.50 3.13  52.9 -0.316    19.49 21.40 01a59909o0769c 0xc00800        44.0
59909.548140 20.103715      NaN   35.0    11 c    0   0.89 121.17658 61.52737   399.44   570.28 3.34 2.98  52.1 -0.332    19.56 21.42 01a59909o0775c 0xc00800        44.0
60046.294060 18.255804      NaN  108.0    39 c    0   1.46 121.17658 61.52737  4282.80   705.26 2.44 2.26 -84.2 -0.418    17.96 19.39 02a60046o0128c 0xc00800        44.0
60046.297073 18.684100      NaN   67.0    33 c    0   1.17 121.17658 61.52737  4262.60   663.91 2.47 2.28 -85.5 -0.412    18.01 19.50 02a60046o0134c 0xc00800        44.0
60046.303819 18.298627      NaN   24.0    58 c    0   1.51 121.17658 61.52737  4322.31   737.00 2.47 2.28  68.4 -0.411    17.16 18.53 02a60046o0148c 0xc00800        44.0
60046.314467 19.569016      NaN   44.0    18 c    0   1.29 121.17658 61.52737  4348.39   617.73 2.40 2.20 -82.2 -0.414    18.84 20.36 02a60046o0170c 0xc00900        44.0
60048.282300 20.103715      NaN   38.0    11 c    0   1.18 121.17658 61.52737  4056.49  7006.46 2.41 2.27  31.5 -0.409    19.47 21.16 02a60048o0121c 0xc00800        44.0
60048.285488 20.103715      NaN   31.0    11 c    0   1.01 121.17658 61.52737  4039.33  6968.21 2.27 2.22   6.0 -0.417    19.54 21.18 02a60048o0128c 0xc00800        44.0
60048.295471 20.009244      NaN   30.0    12 c    0   0.88 121.17658 61.52737  4092.43  7041.91 2.30 2.24  35.2 -0.417    19.54 21.17 02a60048o0149c 0xc00800        44.0
60048.300566 20.103715      NaN   39.0    11 c    0   1.32 121.17658 61.52737  4113.09  6923.56 2.27 2.21  13.0 -0.418    19.49 21.16 02a60048o0160c 0xc00800        44.0
60050.286856 20.103715      NaN   30.0    11 c    0   1.13 121.17658 61.52737  1106.75  2757.85 2.41 2.35 -75.3 -0.427    19.42 20.98 02a60050o0113c 0xc00800        44.0
60050.290222 20.103715      NaN   29.0    11 c    0   1.51 121.17658 61.52737  1085.73  2717.84 2.45 2.36 -72.1 -0.423    19.38 20.97 02a60050o0120c 0xc00900        44.0
60050.296868 20.039830      NaN   46.0    11 c    0   1.08 121.17658 61.52737  1148.92  2791.78 2.48 2.29 -65.2 -0.426    19.40 20.97 02a60050o0134c 0xc00900        44.0
60050.312666 19.922338      NaN   11.0    13 c    0   0.80 121.17658 61.52737  1172.78  2669.46 2.49 2.28 -66.7 -0.426    19.36 20.94 02a60050o0167c 0xc00800        44.0
60052.282422 17.196897      NaN -119.0   160 c    0   1.33 121.17658 61.52737  6655.83  8687.35 2.62 2.37  40.7 -0.412    16.65 17.90 02a60052o0116c 0xc00800        44.0
60052.285595 17.829663      NaN   87.0    75 c    0   1.40 121.17658 61.52737  6636.92  8646.55 2.60 2.38  36.9 -0.405    17.32 18.65 02a60052o0123c 0xc00800        44.0
60052.291077 19.128787      NaN   32.0    27 c    0   1.01 121.17658 61.52737  6694.64  8726.12 2.48 2.39  40.9 -0.415    18.74 20.17 02a60052o0135c 0xc00800        44.0
60052.301278 17.509244      NaN   65.0   113 c    0   1.02 121.17658 61.52737  6709.86  8603.97 2.89 2.59  36.4 -0.387    17.06 18.47 02a60052o0156c 0xc00800        44.0
60056.300193 20.009244      NaN   21.0    12 c    0   1.66 121.17658 61.52737  2980.45  8873.95 2.42 2.34 -34.1 -0.398    19.36 20.85 02a60056o0156c 0xc00800        44.0
60056.305103 19.631075      NaN   32.0    17 c    0   0.85 121.17658 61.52737  2964.26  8838.94 2.38 2.26 -52.9 -0.406    19.35 20.85 02a60056o0166c 0xc00800        44.0
60056.308460 19.816329      NaN   45.0    14 c    0   1.13 121.17658 61.52737  3017.03  8908.96 2.39 2.32 -30.8 -0.401    19.34 20.81 02a60056o0173c 0xc00800        44.0
60056.318460 19.841877      NaN   31.0    14 c    0   1.42 121.17658 61.52737  3038.43  8789.20 2.52 2.41 -41.4 -0.400    19.25 20.77 02a60056o0194c 0xc00800        44.0
60058.256908 19.922338      NaN   27.0    13 c    0   1.32 121.17658 61.52737  1544.86  4969.83 2.53 2.24  26.2 -0.418    19.14 20.34 02a60058o0063c 0xc00800        44.0
60058.260072 19.922338      NaN   36.0    13 c    0   1.69 121.17658 61.52737  1528.72  4931.67 2.28 2.25 -32.8 -0.433    19.17 20.30 02a60058o0070c 0xc00800        44.0
60058.266449 19.841877      NaN   29.0    14 c    0   1.20 121.17658 61.52737  1586.24  5003.87 2.29 2.22 -48.2 -0.432    19.13 20.28 02a60058o0083c 0xc00800        44.0
60058.276375 19.766969      NaN   19.0    15 c    0   0.99 121.17658 61.52737  1607.25  4882.20 2.28 2.25 -27.1 -0.438    19.21 20.47 02a60058o0104c 0xc00800        44.0
60078.244552 19.089302      NaN   21.0    28 c    0   1.13 121.17658 61.52737  4810.04  8738.26 2.35 2.27 -45.5 -0.411    18.70 19.56 02a60078o0025c 0xc00800        44.0
60078.247969 19.569016      NaN   24.0    18 c    0   1.18 121.17658 61.52737  4791.09  8698.37 2.41 2.30  25.9 -0.407    19.06 20.12 02a60078o0032c 0xc00800        44.0
60078.254377 19.922338      NaN   40.0    13 c    0   1.03 121.17658 61.52737  4846.08  8777.51 2.36 2.28 -47.0 -0.420    19.31 20.61 02a60078o0046c 0xc00800        44.0
60078.264324 19.696897      NaN   28.0    16 c    0   1.03 121.17658 61.52737  4860.65  8655.17 2.46 2.32  24.8 -0.406    19.35 20.74 02a60078o0067c 0xc00800        44.0
60206.569505 19.089302      NaN   26.0    28 c    0   0.84 121.17658 61.52737  7654.17  1667.73 2.73 2.46 -49.9 -0.396    18.69 20.18 02a60206o0757c 0xc00800        44.0
60206.572335 19.401649      NaN   13.0    21 c    0   0.89 121.17658 61.52737  7677.10  1709.44 2.75 2.36 -54.4 -0.403    18.74 20.06 02a60206o0763c 0xc00800        44.0
60206.579972 19.766969      NaN   12.0    15 c    0   1.06 121.17658 61.52737  7620.46  1634.11 2.73 2.40 -53.6 -0.405    18.98 20.58 02a60206o0779c 0xc00800        44.0
60206.590602 20.103715      NaN   10.0    11 c    0   1.15 121.17658 61.52737  7599.70  1753.16 2.68 2.36 -53.5 -0.404    19.33 20.90 02a60206o0801c 0xc00800        44.0
60228.597338 20.103715      NaN   30.0    11 c    0   1.41 121.17658 61.52737  5831.12  1815.46 2.50 2.33 -78.0 -0.410    19.45 21.11 02a60228o0844c 0xc00800        44.0
60228.608982 20.103715      NaN   38.0    11 c    0   0.76 121.17658 61.52737  5858.15  1856.62 2.45 2.29 -78.8 -0.409    19.50 21.12 02a60228o0868c 0xc00800        44.0
60228.614602 20.321591      NaN   33.0     9 c    0   1.26 121.17658 61.52737  5806.26  1777.39 2.49 2.31 -80.5 -0.409    19.46 21.12 02a60228o0879c 0xc00800        44.0
60228.625156 20.207197      NaN   20.0    10 c    0   1.25 121.17658 61.52737  5793.38  1898.23 2.47 2.33 -85.9 -0.405    19.46 21.10 02a60228o0900c 0xc00800        44.0
60236.530892 19.841877      NaN   44.0    14 c    0   1.08 121.17658 61.52737  1566.12  5466.87 2.43 2.28  40.9 -0.430    19.32 20.86 02a60236o0694c 0xc00900        44.0
60236.534671 19.922338      NaN   32.0    13 c    0   1.26 121.17658 61.52737  1583.32  5505.54 2.48 2.29  43.0 -0.422    19.30 20.84 02a60236o0702c 0xc00900        44.0
60236.547901 19.922338      NaN   27.0    13 c    0   1.10 121.17658 61.52737  1526.15  5423.62 2.51 2.31  40.6 -0.424    19.35 20.88 02a60236o0729c 0xc00800        44.0
60236.553538 20.103715      NaN   27.0    11 c    0   1.09 121.17658 61.52737  1507.49  5539.68 2.38 2.26  47.4 -0.432    19.39 20.91 02a60236o0741c 0xc00800        44.0
60240.543570 19.766969      NaN   19.0    15 c    0   0.61 121.17658 61.52737  5212.19  5884.06 2.74 2.62  41.7 -0.397    19.29 21.02 02a60240o0737c 0xc00800        44.0
60240.563952 20.009244      NaN   28.0    12 c    0   0.95 121.17658 61.52737  5238.33  5924.60 2.56 2.42  59.0 -0.399    19.44 21.09 02a60240o0780c 0xc00800        44.0
60240.574024 20.009244      NaN   25.0    12 c    0   0.93 121.17658 61.52737  5184.44  5848.61 2.62 2.54  51.9 -0.400    19.42 21.15 02a60240o0801c 0xc00900        44.0
60240.582379 20.103715      NaN   20.0    11 c    0   1.29 121.17658 61.52737  5168.07  5964.46 2.71 2.56  53.7 -0.393    19.41 21.17 02a60240o0819c 0xc00800        44.0
60258.545965 19.631075      NaN    6.0    17 c    0   0.80 121.17658 61.52737  9358.43  5396.34 3.16 3.07 -72.8 -0.380    18.42 20.28 02a60258o0759c 0xc00800        44.0
60258.547776 18.786693      NaN   16.0    37 c    0   1.12 121.17658 61.52737  9378.99  5433.78 3.08 2.97  81.9 -0.400    18.51 20.30 02a60258o0763c 0xc00800        44.0
60258.557652 19.401649      NaN   27.0    21 c    0   0.67 121.17658 61.52737  9317.44  5360.06 3.16 3.04 -87.2 -0.383    18.98 20.80 02a60258o0783c 0xc00800        44.0
60258.561954 18.649074      NaN    9.0    42 c    0   0.97 121.17658 61.52737  9299.00  5478.73 3.75 3.60 -72.9 -0.401    17.60 19.57 02a60258o0792c 0xc00800        44.0
60260.533645 19.841877      NaN   37.0    14 c    0   1.09 121.17658 61.52737  1709.04  7009.44 3.05 3.00  56.2 -0.383    19.20 21.14 02a60260o0740c 0xc00800        44.0
60260.535452 19.841877      NaN   32.0    14 c    0   1.08 121.17658 61.52737  1729.05  7049.40 3.10 3.06  84.0 -0.400    19.17 21.14 02a60260o0744c 0xc00800        44.0
60260.560096 19.766969      NaN   31.0    15 c    0   1.12 121.17658 61.52737  1684.90  6968.02 3.37 3.16  63.7 -0.379    19.11 21.11 02a60260o0795c 0xc00900        44.0
60260.572444 19.766969      NaN   29.0    15 c    0   0.99 121.17658 61.52737  1677.84  7086.83 3.12 3.09  45.3 -0.387    19.16 21.11 02a60260o0821c 0xc00800        44.0
60264.547358 19.510313      NaN   26.0    19 c    0   0.80 121.17658 61.52737  8541.48  3696.08 3.88 3.64 -42.4 -0.373    18.98 21.08 02a60264o0768c 0xc00800        44.0
60264.550671 19.743105      NaN   45.0    15 c    0   1.08 121.17658 61.52737  8565.71  3732.33 3.78 3.58 -52.7 -0.381    19.05 21.18 02a60264o0775c 0xc00900        44.0
60264.556691 20.009244      NaN   40.0    12 c    0   0.84 121.17658 61.52737  8511.57  3658.08 2.92 2.81 -64.4 -0.382    19.32 21.18 02a60264o0786c 0xc00800        44.0
60264.561974 20.103715      NaN   28.0    11 c    0   1.33 121.17658 61.52737  8496.86  3776.16 3.03 2.81 -62.0 -0.379    19.30 21.19 02a60264o0797c 0xc00800        44.0
60266.537375 20.009244      NaN   27.0    12 c    0   1.17 121.17658 61.52737  8307.50 10015.90 2.85 2.74  76.8 -0.389    19.46 21.26 02a60266o0752c 0xc00800        44.0
60266.540774 19.922338      NaN   24.0    13 c    0   0.94 121.17658 61.52737  8328.28 10050.85 2.94 2.86  88.9 -0.378    19.44 21.27 02a60266o0759c 0xc00800        44.0
60266.558125 20.009244      NaN   13.0    12 c    0   1.15 121.17658 61.52737  8257.19  9975.36 2.81 2.72  87.8 -0.395    19.46 21.28 02a60266o0795c 0xc00800        44.0
60266.560860 20.009244      NaN   16.0    12 c    0   0.96 121.17658 61.52737  8235.11 10095.77 2.90 2.75  58.9 -0.384    19.47 21.29 02a60266o0801c 0xc00900        44.0
60268.567768 19.841877      NaN    7.0    14 c    0   1.03 121.17658 61.52737  4970.31  3466.85 2.61 2.35  53.6 -0.404    19.29 20.98 02a60268o0708c 0xc00800        44.0
60268.570952 19.454622      NaN   20.0    20 c    0   0.98 121.17658 61.52737  4988.71  3506.09 2.58 2.33  50.6 -0.403    18.74 20.41 02a60268o0715c 0xc00800        44.0
60268.576205 19.212347      NaN   -7.0    25 c    0   1.35 121.17658 61.52737  4929.39  3428.70 2.62 2.36  51.2 -0.403    18.55 20.14 02a60268o0726c 0xc00800        44.0
60268.597591 19.401649      NaN   18.0    21 c    0   1.38 121.17658 61.52737  5731.22  6657.76 2.87 2.41  36.2 -0.380    18.69 20.30 02a60268o0771c 0xc00800        44.0
60270.535378 19.922338      NaN   42.0    13 c    0   1.21 121.17658 61.52737  7777.54  7792.17 3.06 2.88  57.1 -0.379    19.37 21.21 02a60270o0722c 0xc00800        44.0
60270.537186 19.922338      NaN   22.0    13 c    0   0.94 121.17658 61.52737  7797.43  7829.80 2.92 2.74  57.7 -0.393    19.43 21.21 02a60270o0726c 0xc00800        44.0
60270.540901 20.009244      NaN    5.0    12 c    0   0.97 121.17658 61.52737  7736.18  7753.21 2.78 2.63  65.1 -0.402    19.49 21.23 02a60270o0734c 0xc00800        44.0
60270.545954 20.009244      NaN   34.0    12 c    0   0.78 121.17658 61.52737  7713.36  7871.47 2.77 2.55  51.5 -0.400    19.48 21.23 02a60270o0745c 0xc00800        44.0
60286.502215 19.922338      NaN   26.0    13 c    0   0.85 121.17658 61.52737  1848.79  5284.80 2.44 2.34 -69.0 -0.438    19.39 21.04 02a60286o0671c 0xc00800        44.0
60286.527959 20.009244      NaN   28.0    12 c    0   1.31 121.17658 61.52737  1893.26  5324.88 2.36 2.30 -73.0 -0.442    19.45 21.09 02a60286o0724c 0xc00900        44.0
60286.533964 20.207197      NaN   30.0    10 c    0   1.06 121.17658 61.52737  1840.72  5242.94 2.37 2.25 -56.7 -0.455    19.44 21.11 02a60286o0736c 0xc00800        44.0
60286.536908 20.321591      NaN   19.0     9 c    0   2.26 121.17658 61.52737  1825.34  5359.40 2.32 2.27 -57.1 -0.452    19.46 21.05 02a60286o0742c 0xc00900        44.0
60291.502866 19.766969      NaN   19.0    15 c    0   0.83 121.17658 61.52737  5511.59  5692.88 3.27 3.22  49.3 -0.395    19.23 21.30 02a60291o0667c 0xc00800        44.0
60291.505125 20.009244      NaN   30.0    12 c    0   1.11 121.17658 61.52737  5533.42  5733.40 2.83 2.70  35.8 -0.386    19.27 21.14 02a60291o0672c 0xc00800        44.0
60291.508290 17.944957      NaN  102.0    61 c    0   1.55 121.17658 61.52737  5479.34  5655.37 2.86 2.71  43.6 -0.381    17.39 19.15 02a60291o0679c 0xc00800        44.0
60291.543289 20.321591      NaN   18.0     9 c    0   1.95 121.17658 61.52737  5226.93  4429.91 2.68 2.51  29.7 -0.395    19.43 21.26 02a60291o0706c 0xc00800        44.0
60295.491330 19.922338      NaN   35.0    13 c    0   0.97 121.17658 61.52737  9839.29  1269.89 2.85 2.26 -60.7 -0.424    19.40 21.19 02a60295o0628c 0xc00800        44.0
60295.493137 19.696897      NaN   50.0    14 c    0   1.41 121.17658 61.52737  9858.82  1308.74 2.79 2.26 -56.9 -0.426    19.21 20.93 02a60295o0632c 0xc00800        44.0
60295.496131 19.816329      NaN   45.0    14 c    0   1.67 121.17658 61.52737  9808.27  1235.89 2.77 2.21 -59.0 -0.434    19.19 20.90 02a60295o0638c 0xc00900        44.0
60295.497938 20.009244      NaN   30.0    12 c    0   1.34 121.17658 61.52737   784.89  1218.83 2.59 2.42 -77.0 -0.437    19.26 21.05 02a60295o0642c 0xc00800        44.0
60295.500198 20.103715      NaN   16.0    11 c    0   1.25 121.17658 61.52737   805.57  1259.80 2.59 2.37 -63.6 -0.439    19.43 21.23 02a60295o0647c 0xc00900        44.0
60295.501558 20.207197      NaN   36.0    10 c    0   1.90 121.17658 61.52737  9794.99  1357.34 2.86 2.32 -58.0 -0.423    19.45 21.30 02a60295o0650c 0xc00900        44.0
60295.504725 20.103715      NaN   24.0    11 c    0   1.15 121.17658 61.52737   754.60  1178.23 2.68 2.54 -66.2 -0.430    19.44 21.30 02a60295o0657c 0xc00800        44.0
60295.510153 20.103715      NaN   17.0    11 c    0   0.87 121.17658 61.52737   742.22  1294.75 2.56 2.42 -65.3 -0.435    19.50 21.30 02a60295o0669c 0xc00900        44.0
60343.423242 20.207197      NaN   40.0    10 c    0   1.11 121.17658 61.52737  9124.36  2390.01 2.60 2.29 -64.5 -0.414    19.58 21.44 02a60343o0448c 0xc00900        44.0
60343.426412 20.321591      NaN   34.0     9 c    0   1.58 121.17658 61.52737  9102.72  2347.44 2.60 2.28 -64.5 -0.415    19.57 21.43 02a60343o0455c 0xc00800        44.0
60343.432952 20.207197      NaN   26.0    10 c    0   1.21 121.17658 61.52737  9162.89  2430.29 2.64 2.29 -63.7 -0.409    19.56 21.44 02a60343o0469c 0xc00900        44.0
60343.443515 20.207197      NaN   23.0    10 c    0   1.09 121.17658 61.52737  9180.56  2314.77 2.75 2.42 -58.6 -0.408    19.53 21.48 02a60343o0491c 0xc00800        44.0
60347.408105 20.009244      NaN   37.0    12 c    0   0.89 121.17658 61.52737  4145.49   696.33 2.61 2.43 -66.9 -0.420    19.40 21.18 02a60347o0424c 0xc00800        44.0
60347.411275 20.207197      NaN   18.0    10 c    0   1.10 121.17658 61.52737  4124.62   656.78 2.49 2.32 -67.2 -0.421    19.44 21.18 02a60347o0431c 0xc00800        44.0
60347.416704 20.207197      NaN   36.0    10 c    0   1.10 121.17658 61.52737  4185.19   732.94 2.46 2.28 -68.9 -0.428    19.48 21.21 02a60347o0443c 0xc00800        44.0
60347.429901 20.207197      NaN   20.0    10 c    0   1.12 121.17658 61.52737  4204.56   612.52 2.44 2.27 -69.1 -0.422    19.56 21.26 02a60347o0472c 0xc00800        44.0
60351.402424 20.009244      NaN   30.0    12 c    0   1.05 121.17658 61.52737   960.60  2755.59 2.42 2.35 -64.2 -0.422    19.41 20.93 02a60351o0411c 0xc00800        44.0
60351.405601 20.009244      NaN   21.0    12 c    0   0.98 121.17658 61.52737   941.66  2716.63 2.37 2.31 -71.6 -0.423    19.44 20.92 02a60351o0418c 0xc00800        44.0
60351.411678 20.103715      NaN   17.0    11 c    0   1.05 121.17658 61.52737  1001.16  2789.17 2.34 2.29 -70.5 -0.423    19.43 20.91 02a60351o0431c 0xc00800        44.0
60351.421644 20.103715      NaN   28.0    11 c    0   1.18 121.17658 61.52737  1018.30  2668.70 2.34 2.31  77.6 -0.426    19.43 20.89 02a60351o0453c 0xc00900        44.0
60355.409528 20.103715      NaN   30.0    11 c    0   1.02 121.17658 61.52737  7077.12  2383.40 2.40 2.24 -69.3 -0.408    19.53 21.21 02a60355o0427c 0xc00800        44.0
60355.412705 20.321591      NaN   33.0     9 c    0   1.38 121.17658 61.52737  7053.30  2339.89 2.37 2.28 -79.5 -0.405    19.56 21.22 02a60355o0434c 0xc00800        44.0
60355.418161 20.103715      NaN   32.0    11 c    0   0.81 121.17658 61.52737  7113.15  2420.03 2.35 2.23 -76.5 -0.407    19.51 21.22 02a60355o0446c 0xc00800        44.0
60355.429689 20.103715      NaN   20.0    11 c    0   1.14 121.17658 61.52737  7135.34  2303.43 2.41 2.23 -72.2 -0.410    19.54 21.20 02a60355o0471c 0xc00800        44.0