    0.112340597189491020E+00   -0.170545180497402811E+02    0.803987946859613056E+00    0.110808348017859615E+01    0.860958237289074189E-02    0.163455057963430161E+01   -0.257578789028437960E+01   -0.204735796659490876E+00   -0.224059249447119102E+01   -0.583424406029115772E-01   -0.216868957925438310E+00    0.258446610878009624E-01   -0.279495101901718779E+00   -0.113795348858496115E+01   -0.104989569108800995E+01   -0.391195633965034517E+01    1
    0.111306362450790897E+00   -0.170300160608436322E+02    0.817361599542827166E+00    0.113698941834003930E+01    0.871675092719128089E-02    0.163244915732846030E+01   -0.269933603198992822E+01   -0.224361671014513681E+00   -0.183577085145501639E+01   -0.706374826524382854E-03   -0.228335177717854720E+00   -0.389513270774183712E-01   -0.312325214997410394E+00   -0.117899834968835848E+01   -0.967589668388283974E+00   -0.393195633965034208E+01    1
    0.112539166905667259E+00   -0.171924175930876864E+02    0.800784131753717210E+00    0.114012662863448733E+01    0.838499508872029599E-02    0.164083169185745592E+01   -0.256020633669521924E+01   -0.202493442516829741E+00   -0.258595359635643529E+01    0.230724589720653836E-01   -0.188495457177531883E+00    0.595174824270990818E-01   -0.266031696354532776E+00   -0.116021443184924755E+01   -0.967215558502531492E+00   -0.395195633965034165E+01    1
    0.111564387117806238E+00   -0.170076759027302131E+02    0.805159393088835107E+00    0.112102849929458803E+01    0.871035815150842871E-02    0.163657319675459778E+01   -0.270393319063432092E+01   -0.203739024360614251E+00   -0.219577410416909213E+01   -0.238964190079692072E-01   -0.252401032754482835E+00   -0.467239546473070880E-01   -0.278126368220387221E+00   -0.116699679243214405E+01   -0.959222275513742617E+00   -0.397195633965034300E+01    1
    0.111242368573905293E+00   -0.169726595524923027E+02    0.807146378177754364E+00    0.114539559762433263E+01    0.873971260869063626E-02    0.163078716919074140E+01   -0.289701232872961700E+01   -0.224835584004894590E+00   -0.274236347223971411E+01   -0.401852588430173380E-01   -0.312374552358337221E+00    0.257777095263469133E-01   -0.257350186299261652E+00   -0.115014178541903700E+01   -0.958799870480097960E+00   -0.399195633965034391E+01    1
    0.113646679031717948E+00   -0.169954581514231648E+02    0.802052663035478730E+00    0.115051323584397669E+01    0.839282879342467293E-02    0.163716250888866521E+01   -0.283566006926070147E+01   -0.209520208424350762E+00   -0.226517592924627653E+01   -0.191320211150951235E-01   -0.232174130972706838E+00    0.669255838233119710E-01   -0.239141667561156124E+00   -0.115672799100826018E+01   -0.951047817025313824E+00   -0.401195633965034215E+01    1
    0.112485332969733329E+00   -0.170703390342809804E+02    0.826774104632740925E+00    0.118398219642202940E+01    0.851144866052123798E-02    0.163855030591961892E+01   -0.280515287252079393E+01   -0.193340103254534074E+00   -0.241300232315276020E+01   -0.198944402171594599E-01   -0.222240872270951406E+00    0.333509218710974706E-01   -0.261780769812024527E+00   -0.116539141908985311E+01   -0.949510824935538733E+00   -0.403195633965034173E+01    1
    0.111097952856888602E+00   -0.171885698267518165E+02    0.786342026634697655E+00    0.116781251440431100E+01    0.857616364551693107E-02    0.163451823454511658E+01   -0.266157590348917994E+01   -0.191266193651748739E+00   -0.213911230072869607E+01   -0.230353302829277677E-01   -0.212797278814667229E+00    0.561176082260537029E-01   -0.267167215890732168E+00   -0.114590370770618266E+01   -0.948679871480680004E+00   -0.405195633965034396E+01    1
    0.110720499850554502E+00   -0.170916220855746275E+02    0.797343917797417645E+00    0.114978040749214561E+01    0.834416886206215506E-02    0.164007560365096694E+01   -0.275187728341646709E+01   -0.197114171880899691E+00   -0.227158176668372036E+01   -0.294686274341929184E-01   -0.213612315379468815E+00    0.495946216507212045E-02   -0.241891157352395469E+00   -0.115119740580878549E+01   -0.947978409961310775E+00   -0.407195633965034443E+01    1
    0.111181776254206013E+00   -0.169763339896732219E+02    0.837675983007435843E+00    0.113884881857864007E+01    0.866903090514050886E-02    0.163444691345651893E+01   -0.263588456673229476E+01   -0.215891565350240316E+00   -0.259090718040576862E+01   -0.387174641694858074E-01   -0.168612575797623815E+00   -0.633969803157167222E-01   -0.231034746436653532E+00   -0.117709833924396712E+01   -0.943600551328463544E+00   -0.409195633965034400E+01    1
    0.110600468119621570E+00   -0.170856336094152219E+02    0.790219361026852085E+00    0.116658819419949999E+01    0.859651435479749128E-02    0.163610889100992529E+01   -0.255786286605294277E+01   -0.206511165538530689E+00   -0.280347334763677702E+01    0.152597295145047857E-01   -0.203888726135027593E+00    0.144581448237202335E-01   -0.266151539011386329E+00   -0.119836404122478801E+01   -0.937883863392971029E+00   -0.411195633965034357E+01    1
    0.113061995154760966E+00   -0.170389303690815446E+02    0.797911417730802874E+00    0.114043785730215297E+01    0.857658396418504651E-02    0.163781079319184109E+01   -0.268219760436089416E+01   -0.196797707938208361E+00   -0.243413917853810258E+01   -0.348388845625492022E-01   -0.161896982011438484E+00   -0.212818875763232732E-01   -0.230525630853066626E+00   -0.117299824290544175E+01   -0.937070321271906148E+00   -0.413195633965034226E+01    1
    0.111545283121180797E+00   -0.170049358465255231E+02    0.800445713309697160E+00    0.116613568650221033E+01    0.838050170864094134E-02    0.163590530036707138E+01   -0.277230658671157615E+01   -0.210015124729701602E+00   -0.281064722357817187E+01   -0.308011895460325695E-01   -0.243561687739765803E+00   -0.320836790199169192E-01   -0.244324151636554493E+00   -0.117672584532656810E+01   -0.935528433377681656E+00   -0.415195633965034450E+01    1
    0.113204680008852240E+00   -0.170153461010264877E+02    0.792970317267448155E+00    0.113956631807508924E+01    0.864060115415524188E-02    0.163668481700411683E+01   -0.266809744083969358E+01   -0.203644855063769170E+00   -0.160939773796598740E+01    0.176426896858762755E-01   -0.185488603826343357E+00    0.772429487436504351E-02   -0.297330378480237134E+00   -0.117216812001370752E+01   -0.934342907289673952E+00   -0.417195633965034762E+01    1
    0.111847925618194344E+00   -0.171294279476375380E+02    0.815319180790689324E+00    0.113911865316107930E+01    0.852031166132210908E-02    0.163351357825275145E+01   -0.259892376612530596E+01   -0.214906221176533047E+00   -0.242171903543913780E+01   -0.388147003554036307E-01   -0.266543736725495972E+00    0.424854213056891222E-01   -0.224874532888814677E+00   -0.116479594650685248E+01   -0.930909623167080147E+00   -0.419195633965034720E+01    1
    0.110514931441362138E+00   -0.172879721814885237E+02    0.800159872028256447E+00    0.114848849575040624E+01    0.862757335923958375E-02    0.164023947629541156E+01   -0.265947344813746955E+01   -0.201987987534922031E+00   -0.204610274858455155E+01    0.370336260875595014E-01   -0.219149696732354710E+00    0.771466357930916391E-01   -0.292803977030233531E+00   -0.115362487667176361E+01   -0.930318380992623095E+00   -0.421195633965034677E+01    1
    0.110282990977601067E+00   -0.169999543937443107E+02    0.841042274111307386E+00    0.114445526288019139E+01    0.847946074789189021E-02    0.163828409473022507E+01   -0.254057230625149710E+01   -0.199601927592227613E+00   -0.184780581078783790E+01   -0.393099907027050083E-01   -0.251111456965455948E+00   -0.355270186338904267E-02   -0.275684086374186232E+00   -0.117426433617401949E+01   -0.930188790674933874E+00   -0.423195633965034279E+01    1
    0.113259067800503585E+00   -0.170638720821347718E+02    0.801456201953443470E+00    0.115453205142927873E+01    0.874744109829080768E-02    0.163513923776592196E+01   -0.259054004952840167E+01   -0.193289953841108947E+00   -0.202546547866647320E+01   -0.787125493084832491E-02   -0.213262141924857984E+00    0.165286683134879091E-01   -0.222759062973621802E+00   -0.116941552475835775E+01   -0.928239985232755527E+00   -0.425195633965034059E+01    1
    0.111556775782759632E+00   -0.169326175791900511E+02    0.801859373946853027E+00    0.115538797527339199E+01    0.841882596123822574E-02    0.163179794965269065E+01   -0.276725315314541209E+01   -0.199289791168787950E+00   -0.241152225658810826E+01   -0.235849981927865951E-01   -0.255565408567879682E+00    0.408059718665387261E-01   -0.267150187665237071E+00   -0.112800144125255031E+01   -0.927533037684187711E+00   -0.427195633965034727E+01    1
    0.112866480407301351E+00   -0.170567683356709523E+02    0.821913887038236424E+00    0.117034681220810111E+01    0.848294806611246156E-02    0.163719487887057591E+01   -0.265270984159073553E+01   -0.199319540805754980E+00   -0.261642224598046447E+01   -0.209384065855331633E-01   -0.238937175604339580E+00    0.773165917081926057E-01   -0.261533829450443400E+00   -0.115393759681343466E+01   -0.925624818311470365E+00   -0.429195633965034329E+01    1
    0.112163045078077242E+00   -0.170999658325865447E+02    0.792896798053360996E+00    0.116291388446449284E+01    0.868849531072503171E-02    0.163619578465920945E+01   -0.267898685703655737E+01   -0.205138730176338463E+00   -0.225064545215832057E+01    0.219423359999748255E-02   -0.252434632169638018E+00    0.175100964976000924E-02   -0.275162712706198131E+00   -0.116850710370366762E+01   -0.925121787435926657E+00   -0.431195633965034109E+01    1
    0.112625629319259624E+00   -0.170974066683173476E+02    0.799700771830037849E+00    0.116336869267833154E+01    0.860390389424233945E-02    0.163821646450024105E+01   -0.277283144111182356E+01   -0.196988044030199816E+00   -0.156575205551615149E+01   -0.666394213692682591E-01   -0.231108533304883623E+00    0.596540015735601212E-01   -0.304037323169513596E+00   -0.117056978120271915E+01   -0.923219065984326681E+00   -0.433195633965034244E+01    1
    0.112609459628287611E+00   -0.171580351190766827E+02    0.837880595127520666E+00    0.113967410100909139E+01    0.859551379649430188E-02    0.163258313188436222E+01   -0.270954982498862451E+01   -0.198986672615351301E+00   -0.163283653390492001E+01   -0.255359136595772369E-01   -0.260006017452351801E+00    0.469702689130322773E-01   -0.282558083933597493E+00   -0.116468138066056182E+01   -0.922091129496317108E+00   -0.435195633965034201E+01    1
    0.112226396706872983E+00   -0.170120985737254991E+02    0.833813328417678856E+00    0.114319673427186874E+01    0.876743206667163037E-02    0.163360672265180318E+01   -0.271438288809276118E+01   -0.195083292759919036E+00   -0.211128790123908772E+01   -0.224216301214923384E-01   -0.179836006333475185E+00   -0.288168268806596531E-02   -0.242212151391211439E+00   -0.115016229572432360E+01   -0.920866163618272560E+00   -0.437195633965034336E+01    1
    0.110610809874210167E+00   -0.170670044629032986E+02    0.855228222005649741E+00    0.115324639467447976E+01    0.863245469949796944E-02    0.163524033494553711E+01   -0.281915368926818655E+01   -0.209954570388878492E+00   -0.232853866627746742E+01   -0.505446638696652600E-01   -0.193905679310941187E+00    0.552575168421208518E-01   -0.258763901139015484E+00   -0.115735603405217469E+01   -0.920323288977324183E+00   -0.439195633965034649E+01    1
    0.110998322937229735E+00   -0.169972463140258512E+02    0.825791326370061918E+00    0.113297827474092716E+01    0.850745214220547524E-02    0.163538872383928235E+01   -0.270876366160695037E+01   -0.198265595917701598E+00   -0.202683016927498194E+01   -0.428432581668457546E-01   -0.247850251783892472E+00    0.527141043669458603E-01   -0.232219918066301656E+00   -0.117003218591695735E+01   -0.919932672764390280E+00   -0.441195633965034784E+01    1
    0.111819253777627539E+00   -0.171276632478736630E+02    0.804203721916159853E+00    0.114865600893975772E+01    0.858482436631364046E-02    0.163661197942428349E+01   -0.278901581433642942E+01   -0.200101808714994528E+00   -0.262173973785850922E+01   -0.322051379953534611E-01   -0.212923448818242989E+00    0.790016927201466490E-01   -0.354315581494642151E+00   -0.115447663797837197E+01   -0.918631798002426558E+00   -0.443195633965034474E+01    1
    0.114141506223435926E+00   -0.171532581125260712E+02    0.819207470506465918E+00    0.115622540952730635E+01    0.838908650557812670E-02    0.163820867886195987E+01   -0.278120088541165433E+01   -0.193355017968510318E+00   -0.218304760608229254E+01   -0.282257342449113852E-02   -0.178393432274548513E+00    0.558428692252469216E-01   -0.256765731561308663E+00   -0.117685239923410734E+01   -0.917526301168894665E+00   -0.445195633965034343E+01    1
    0.112118744419554939E+00   -0.172016723236015636E+02    0.841469343445753859E+00    0.115487775220326894E+01    0.843413439705372782E-02    0.164157550888092763E+01   -0.256856379796632384E+01   -0.218038764346448199E+00   -0.200000505265645279E+01   -0.315798772724211543E-01   -0.206962931878901302E+00    0.756338535534648373E-02   -0.265510383100767022E+00   -0.115369134105060245E+01   -0.917353524174295609E+00   -0.447195633965034745E+01    1
    0.111752630113893373E+00   -0.170351087740997897E+02    0.830801251473165747E+00    0.116111862884659311E+01    0.844618910191754536E-02    0.163814298458714469E+01   -0.266127476500057591E+01   -0.207166438304012795E+00   -0.273792076327391154E+01   -0.370275211469978036E-01   -0.245782549283842383E+00   -0.130571591084990835E-02   -0.284026966242690748E+00   -0.114032948592866878E+01   -0.913817072837000866E+00   -0.449195633965034435E+01    1
    0.112326370209082246E+00   -0.172149774174107506E+02    0.805472929087139966E+00    0.115578716244597302E+01    0.863344343613215749E-02    0.163920472347393686E+01   -0.260662510943417614E+01   -0.196110194921746528E+00   -0.255456596859105645E+01   -0.426684622825485513E-01   -0.224039618198766555E+00   -0.300508362044959107E-01   -0.273916596714763649E+00   -0.120249661101931005E+01   -0.912663259379243974E+00   -0.451195633965034482E+01    1
    0.111218805777191995E+00   -0.169899660629938296E+02    0.819200425121571207E+00    0.112285828152123823E+01    0.836049878477184046E-02    0.163777280140473880E+01   -0.277057260283941487E+01   -0.198721377967793517E+00   -0.217889467388607772E+01    0.232718640373636015E-01   -0.156802962089300474E+00    0.357299263859682525E-02   -0.249113532987935843E+00   -0.115891020884010532E+01   -0.910627550600829672E+00   -0.453195633965034705E+01    1
    0.111185861162148708E+00   -0.171243053289804905E+02    0.811781396700270830E+00    0.114186159812401922E+01    0.874971316605897137E-02    0.163771379036417075E+01   -0.265005935433547668E+01   -0.202023990573793361E+00   -0.243639847008799793E+01   -0.244854376065318721E-02   -0.219720133445124394E+00    0.234952597435474989E-01   -0.227196338475435383E+00   -0.117717046068350539E+01   -0.910010814044597827E+00   -0.455195633965034396E+01    1
    0.114646223075991427E+00   -0.170400303921050380E+02    0.811292761200011259E+00    0.115016145303095096E+01    0.875615531025790948E-02    0.163685853913594670E+01   -0.263404558048784176E+01   -0.198523460292450382E+00   -0.235872676051169616E+01    0.137597811521215016E-01   -0.221739445083791425E+00    0.240446236030101637E-01   -0.247793778539867310E+00   -0.116734808715572580E+01   -0.909935770413559886E+00   -0.457195633965034354E+01    1
    0.112672445816691863E+00   -0.171696066702410661E+02    0.811893862671188904E+00    0.114810559377735721E+01    0.857188705695882854E-02    0.164161654822438385E+01   -0.274471031250029629E+01   -0.207813025760728881E+00   -0.198780646485804136E+01    0.192554819525939044E-01   -0.178337391167520620E+00    0.152921475195957664E-01   -0.269457625475901463E+00   -0.116553479877434429E+01   -0.908020177774626625E+00   -0.459195633965034666E+01    1
    0.112359636433650892E+00   -0.171531482421432955E+02    0.802878487619542613E+00    0.114517939102796729E+01    0.829426535247964475E-02    0.163537640126283690E+01   -0.280903270854167708E+01   -0.191172524837174423E+00   -0.189883610825974181E+01   -0.199836992973409892E-01   -0.229413230920107791E+00   -0.929187945983736274E-01   -0.291610869056913025E+00   -0.118083643008144334E+01   -0.907389297387383387E+00   -0.461195633965034801E+01    1
    0.112558970814509440E+00   -0.170815356996240908E+02    0.823840569787167576E+00    0.113634127492805970E+01    0.869752451561261845E-02    0.163430397086489632E+01   -0.267513424509160558E+01   -0.206102939874836022E+00   -0.193761431212085422E+01   -0.224436492348012127E-01   -0.246781635866172633E+00   -0.479732243814362455E-01   -0.260709141172463965E+00   -0.118775826665754125E+01   -0.907342350249043084E+00   -0.463195633965034759E+01    1
    0.112031010716252599E+00   -0.170509465666675659E+02    0.807346516989668861E+00    0.116146054727864501E+01    0.853850772688379001E-02    0.163769515853426650E+01   -0.279906329249453911E+01   -0.210534422076255279E+00   -0.286715843158206729E+01   -0.205037343455510418E-01   -0.239425805832133548E+00   -0.690439902504915159E-01   -0.258351825116614087E+00   -0.115403675161501695E+01   -0.906865933094898158E+00   -0.465195633965034716E+01    1
    0.113294659024789399E+00   -0.168611738564422886E+02    0.830907334928099095E+00    0.113484965464724241E+01    0.857423451240329690E-02    0.163652330983038086E+01   -0.263554849349850784E+01   -0.200721180274491373E+00   -0.202887512045126872E+01   -0.395694481967785242E-01   -0.240646195856947798E+00    0.610030425995663761E-01   -0.274716137873762478E+00   -0.116353684179561023E+01   -0.906713304596095782E+00   -0.467195633965034407E+01    1
    0.114444955221697883E+00   -0.169033955710283976E+02    0.807075190984264390E+00    0.114002707462744612E+01    0.866942066582571808E-02    0.163494279903691186E+01   -0.272324709556871714E+01   -0.200925252958534528E+00   -0.212210083926699067E+01   -0.165787951577494354E-01   -0.230601442009749552E+00    0.111362384570203921E+00   -0.244655883156812332E+00   -0.119307084028456312E+01   -0.906450579213408547E+00   -0.469195633965034364E+01    1
    0.111577626744083946E+00   -0.170333432126982700E+02    0.802286423117840819E+00    0.116229533920356087E+01    0.853768317798309605E-02    0.163731645208161569E+01   -0.292347807508154478E+01   -0.195910335326289126E+00   -0.204008427740969589E+01   -0.530460859329409257E-01   -0.222508731092648571E+00    0.389976833034960668E-02   -0.244478944094717543E+00   -0.115534122873231637E+01   -0.905709314668625920E+00   -0.471195633965034677E+01    1
    0.112806001964863345E+00   -0.171096879783579361E+02    0.811232087982510119E+00    0.114464999018982350E+01    0.869043741479925448E-02    0.163718547760214039E+01   -0.269471445200354909E+01   -0.191761174027595377E+00   -0.217481544853654851E+01   -0.494279384215021572E-01   -0.250316295346856788E+00    0.423511208552513306E-02   -0.230609162947894492E+00   -0.113544614634095931E+01   -0.905530948184528284E+00   -0.473195633965034634E+01    1
    0.111535443182933180E+00   -0.172644343160464473E+02    0.800852695754922461E+00    0.116522501925214583E+01    0.855247918424311381E-02    0.163428531971361357E+01   -0.278090583277596792E+01   -0.201800192813256368E+00   -0.227525382298298862E+01   -0.482321480696869670E-01   -0.216949829110397507E+00    0.345887808161562081E-02   -0.239059879813395548E+00   -0.112388404301577483E+01   -0.904695740979876595E+00   -0.475195633965034325E+01    1
    0.111258957805169881E+00   -0.170627454516274071E+02    0.806648858793966972E+00    0.114581023512055458E+01    0.866717522596071113E-02    0.163805878506037339E+01   -0.272004001124290218E+01   -0.207099561826057293E+00   -0.214458551684506871E+01    0.847903658292143217E-02   -0.259190398073648187E+00    0.733883789505978268E-01   -0.258890442500652906E+00   -0.116349878535169449E+01   -0.904259831079266774E+00   -0.477195633965034460E+01    1
    0.111331267512257262E+00   -0.169040201055057366E+02    0.811358130451753978E+00    0.116665621140871245E+01    0.851552904318828886E-02    0.163481822387137354E+01   -0.274567985390481661E+01   -0.208376399781643962E+00   -0.207559319070189474E+01   -0.662164180982284523E-02   -0.170359997967811261E+00   -0.156677067092639982E-01   -0.274234712349222254E+00   -0.115533100794343446E+01   -0.903874214416533817E+00   -0.479195633965034506E+01    1
    0.113349326623832819E+00   -0.169511627869901780E+02    0.812449437461983837E+00    0.113914979940189065E+01    0.854276634584858439E-02    0.163568260847757552E+01   -0.275776190834191492E+01   -0.216438293840379492E+00   -0.250404893074364931E+01   -0.391964558133551660E-01   -0.269938575820912519E+00   -0.237475410119455180E-01   -0.293666236389880930E+00   -0.116691179931877076E+01   -0.903541124799107309E+00   -0.481195633965034641E+01    1
    0.112297510531603181E+00   -0.170511747766858726E+02    0.809224374733873431E+00    0.115344622617971315E+01    0.862134716313481611E-02    0.163432196477539060E+01   -0.263573417095924523E+01   -0.182654132449291240E+00   -0.194380051371331652E+01   -0.237479496411987234E-01   -0.198902018465840436E+00   -0.453131225804262461E-02   -0.311966419546345797E+00   -0.116267204619902609E+01   -0.903298381147401241E+00   -0.483195633965034776E+01    1
    0.110924146278357158E+00   -0.170829009628728556E+02    0.838528017919011326E+00    0.115194554716382491E+01    0.855750423314465686E-02    0.163167443056785078E+01   -0.293988997823170983E+01   -0.197718043679252470E+00   -0.239269976394112183E+01   -0.295927535364627313E-01   -0.216025159276135276E+00   -0.782899560817392620E-02   -0.275076063428349671E+00   -0.115154189029800369E+01   -0.903193885279284792E+00   -0.485195633965034734E+01    1
    0.113751748471401057E+00   -0.170877618973500915E+02    0.818946586631319362E+00    0.116799125779464430E+01    0.853303612308728421E-02    0.163607101038190628E+01   -0.266260974706860098E+01   -0.208504683039272137E+00   -0.207622162606426519E+01   -0.146222343272970658E-01   -0.195023503206842252E+00   -0.413866656719781845E-01   -0.277914336725671673E+00   -0.115395657099790627E+01   -0.902047696732918625E+00   -0.487195633965034602E+01    1
    0.111735263171582236E+00   -0.169070668660275452E+02    0.807275730613624454E+00    0.115287126205333412E+01    0.871770763671670355E-02    0.163429259745097188E+01   -0.282949584296533452E+01   -0.207674161513923872E+00   -0.273182830493065776E+01   -0.629648324043717844E-01   -0.253955203928675100E+00    0.666539739152689076E-02   -0.222526638551307693E+00   -0.114655847878741191E+01   -0.901310401272495731E+00   -0.489195633965034382E+01    1
    0.112895996003934948E+00   -0.170642390023179935E+02    0.834905727514903551E+00    0.115135790236429969E+01    0.843197933492288894E-02    0.163365697654400588E+01   -0.263659961036434876E+01   -0.193901396881112575E+00   -0.234398580284335312E+01    0.356275316166769496E-01   -0.240296027691520336E+00    0.434383459170909966E-01   -0.304395757359064878E+00   -0.115602156515786492E+01   -0.901252486566942790E+00   -0.491195633965034428E+01    1
    0.111500263577876707E+00   -0.169474229148873867E+02    0.820651576683423478E+00    0.114957862295824809E+01    0.852905619570875489E-02    0.163770973807163234E+01   -0.273178878040370110E+01   -0.209166030922535690E+00   -0.252652499662533625E+01    0.630829105382127442E-02   -0.230522790470075595E+00    0.138497590885505988E-01   -0.283190808066689392E+00   -0.117326577095931439E+01   -0.901204193894253325E+00   -0.493195633965034563E+01    1
    0.110068355933116410E+00   -0.170274435714302115E+02    0.834802693588916123E+00    0.115404611494589293E+01    0.867492206986646662E-02    0.163753555878758772E+01   -0.265391486899673090E+01   -0.202343037045376761E+00   -0.208434760904330973E+01   -0.598586516223566234E-02   -0.229796313221430099E+00    0.221870799397565419E-01   -0.272217461697512597E+00   -0.117428015867028224E+01   -0.900905989333492196E+00   -0.495195633965034610E+01    1
    0.111921013887592846E+00   -0.168529370977601047E+02    0.832354827350672344E+00    0.116771218148805755E+01    0.864517351151225001E-02    0.163619596552869417E+01   -0.282942836137597853E+01   -0.195313441597660536E+00   -0.283551198256572601E+01   -0.449231247263660594E-01   -0.271317564015574109E+00    0.459771589261697838E-01   -0.252008317285626948E+00   -0.116040033787714947E+01   -0.900002834472984348E+00   -0.497195633965034567E+01    1
    0.112707315698783547E+00   -0.170752547559206569E+02    0.837225866156987575E+00    0.116837078892067980E+01    0.848555625970277318E-02    0.163646635761822679E+01   -0.258699243506767962E+01   -0.211943302466352373E+00   -0.241518019119978744E+01   -0.385931205564309238E-01   -0.242846128491322644E+00    0.454709220914309986E-01   -0.279763111674599718E+00   -0.115575952019701167E+01   -0.899848423574011513E+00   -0.499195633965034435E+01    1
    0.112221168161433127E+00   -0.169715469099732950E+02    0.829691297663498584E+00    0.113052024944405582E+01    0.873420958251539675E-02    0.164005923063456738E+01   -0.275098005984779226E+01   -0.210057894964971764E+00   -0.221284833810312564E+01   -0.747703135941369876E-02   -0.232479429970588430E+00    0.138961624577112509E-01   -0.244644611676283347E+00   -0.117786372694912345E+01   -0.899497732552290041E+00   -0.501195633965034304E+01    1
    0.111785323681804702E+00   -0.171627629766161256E+02    0.832030656788627976E+00    0.114141253806630494E+01    0.851209617326213752E-02    0.163676309087107064E+01   -0.270143464818175838E+01   -0.198836314902795158E+00   -0.266019995876400284E+01   -0.696866580055441054E-01   -0.290730519544333710E+00    0.642371847698806203E-01   -0.305328810251766780E+00   -0.118162139344910022E+01   -0.898059672753164118E+00   -0.503195633965034617E+01    1
    0.111964578472210113E+00   -0.168946975051296846E+02    0.833515013718760134E+00    0.115602498860987102E+01    0.851482435157974692E-02    0.163702624214972259E+01   -0.274408268795545451E+01   -0.205733114575379544E+00   -0.184750149951159592E+01   -0.118748659829877052E-01   -0.248932986701197290E+00   -0.515271218098889636E-01   -0.299139104148648194E+00   -0.116416051765309447E+01   -0.897492129162510865E+00   -0.505195633965034840E+01    1
    0.112574795697374413E+00   -0.169593102836255731E+02    0.823695416883414522E+00    0.114484688639712640E+01    0.851162334673635085E-02    0.163560764123783153E+01   -0.271587956267128838E+01   -0.214829569950649890E+00   -0.296324902384437117E+01    0.233243925397201221E-02   -0.197712663067995981E+00   -0.230803502522670956E-01   -0.255719107226103248E+00   -0.115484862375245290E+01   -0.896853217311875950E+00   -0.507195633965034709E+01    1
