    0.136268315770325582E+00   -0.172395086931215431E+02    0.939813608139322798E+00    0.597783357466283416E+00    0.104611156415267501E-01    0.187588589345327894E+01   -0.180108882321265962E+01   -0.254647615250421566E+00    0.243806148298911696E+01   -0.648213132034111017E+00   -0.251715529238746960E+00   -0.388605436871605481E+00   -0.557918474731964875E+00   -0.107206116162548648E+01   -0.595218493836364928E+02
    0.136268315770325582E+00   -0.172395086931215431E+02    0.939813608139322798E+00    0.597783357466283416E+00    0.104611156415267501E-01    0.187588589345327894E+01   -0.180108882321265962E+01   -0.254647615250421566E+00    0.243806148298911696E+01   -0.648213132034111017E+00   -0.251715529238746960E+00   -0.388605436871605481E+00   -0.557918474731964875E+00   -0.107206116162548648E+01   -0.595218493836364928E+02
    0.136155644435888901E+00   -0.174101189313932139E+02    0.933737862235555771E+00    0.596667672829306439E+00    0.107807407561177817E-01    0.187553543991796290E+01   -0.203191903209645641E+01   -0.263378884093297128E+00    0.252585784034381033E+01   -0.650347329956398323E+00   -0.262214375059452498E+00   -0.319203986524801309E+00   -0.555068730497740526E+00   -0.107587974631179972E+01   -0.594681511950713499E+02
    0.136155644435888901E+00   -0.174101189313932139E+02    0.933737862235555771E+00    0.596667672829306439E+00    0.107807407561177817E-01    0.187553543991796290E+01   -0.203191903209645641E+01   -0.263378884093297128E+00    0.252585784034381033E+01   -0.650347329956398323E+00   -0.262214375059452498E+00   -0.319203986524801309E+00   -0.555068730497740526E+00   -0.107587974631179972E+01   -0.594681511950713499E+02
    0.135944268608420182E+00   -0.172911430391253980E+02    0.939822806066528460E+00    0.594936215215326913E+00    0.105444428500067935E-01    0.187480260544757127E+01   -0.191600648078426161E+01   -0.260793196638219926E+00    0.258913064082298172E+01   -0.636082873779724500E+00   -0.250748991412087952E+00   -0.298793646462648665E+00   -0.553540012175483875E+00   -0.106924109254151922E+01   -0.594677009083039181E+02
    0.132156439488635619E+00   -0.173390762677319010E+02    0.940680240140133073E+00    0.578292587467181707E+00    0.122928796010408070E-01    0.187460426586478968E+01   -0.191334019473622385E+01   -0.267596918247691773E+00    0.235559706727522000E+01   -0.641452673898839310E+00   -0.231999543980437234E+00   -0.222541545776958838E+00   -0.563020800496279450E+00   -0.107012783619206697E+01   -0.594675360615701010E+02
    0.132156439488635619E+00   -0.173390762677319010E+02    0.940680240140133073E+00    0.578292587467181707E+00    0.122928796010408070E-01    0.187460426586478968E+01   -0.191334019473622385E+01   -0.267596918247691773E+00    0.235559706727522000E+01   -0.641452673898839310E+00   -0.231999543980437234E+00   -0.222541545776958838E+00   -0.563020800496279450E+00   -0.107012783619206697E+01   -0.594675360615701010E+02
    0.136851973633564855E+00   -0.174479187608521258E+02    0.937101812873839202E+00    0.589816652898136451E+00    0.110794333690167456E-01    0.187700246931662251E+01   -0.199536682217724470E+01   -0.265090128959690419E+00    0.239513133729413985E+01   -0.643646334686646004E+00   -0.246289070055403791E+00   -0.184106091163842800E+00   -0.558739531469192641E+00   -0.106221325153220114E+01   -0.594671174557653828E+02
    0.136851973633564855E+00   -0.174479187608521258E+02    0.937101812873839202E+00    0.589816652898136451E+00    0.110794333690167456E-01    0.187700246931662251E+01   -0.199536682217724470E+01   -0.265090128959690419E+00    0.239513133729413985E+01   -0.643646334686646004E+00   -0.246289070055403791E+00   -0.184106091163842800E+00   -0.558739531469192641E+00   -0.106221325153220114E+01   -0.594671174557653828E+02
    0.134923173754714243E+00   -0.175171133330531532E+02    0.938984813153146525E+00    0.573513912527902070E+00    0.105104059641466224E-01    0.187614705523995129E+01   -0.205062516199554112E+01   -0.257952288293370247E+00    0.241625760965985803E+01   -0.635534862454126714E+00   -0.252806891609451023E+00   -0.307132068656600365E+00   -0.563204312999609158E+00   -0.107081128661607461E+01   -0.594568554353179053E+02
    0.134923173754714243E+00   -0.175171133330531532E+02    0.938984813153146525E+00    0.573513912527902070E+00    0.105104059641466224E-01    0.187614705523995129E+01   -0.205062516199554112E+01   -0.257952288293370247E+00    0.241625760965985803E+01   -0.635534862454126714E+00   -0.252806891609451023E+00   -0.307132068656600365E+00   -0.563204312999609158E+00   -0.107081128661607461E+01   -0.594568554353179053E+02
    0.136168833984545018E+00   -0.173193445777834789E+02    0.942425024050072113E+00    0.580674183347285600E+00    0.110451239062728922E-01    0.187469200526821322E+01   -0.194440911263537264E+01   -0.263982300865184205E+00    0.267827889173747158E+01   -0.639460545859708351E+00   -0.176603226785070927E+00   -0.269793913867487745E+00   -0.556420810586006342E+00   -0.106863410300472639E+01   -0.594559303027737087E+02
    0.136168833984545018E+00   -0.173193445777834789E+02    0.942425024050072113E+00    0.580674183347285600E+00    0.110451239062728922E-01    0.187469200526821322E+01   -0.194440911263537264E+01   -0.263982300865184205E+00    0.267827889173747158E+01   -0.639460545859708351E+00   -0.176603226785070927E+00   -0.269793913867487745E+00   -0.556420810586006342E+00   -0.106863410300472639E+01   -0.594559303027737087E+02
    0.132827300771738793E+00   -0.175328611501989258E+02    0.941304757514670909E+00    0.571924493075157359E+00    0.112923185766164759E-01    0.187383203072503224E+01   -0.191193936960773758E+01   -0.266111706436687023E+00    0.258603322402686020E+01   -0.635447631457614182E+00   -0.233836503635631715E+00   -0.299208543668037230E+00   -0.559811723606737144E+00   -0.106844867048962189E+01   -0.594532915407336517E+02
    0.132827300771738793E+00   -0.175328611501989258E+02    0.941304757514670909E+00    0.571924493075157359E+00    0.112923185766164759E-01    0.187383203072503224E+01   -0.191193936960773758E+01   -0.266111706436687023E+00    0.258603322402686020E+01   -0.635447631457614182E+00   -0.233836503635631715E+00   -0.299208543668037230E+00   -0.559811723606737144E+00   -0.106844867048962189E+01   -0.594532915407336517E+02
    0.137402414432654663E+00   -0.173789206953088531E+02    0.935105534103281899E+00    0.565324783478587167E+00    0.111375607959459388E-01    0.187481642584276731E+01   -0.187049689549085474E+01   -0.264184580584700068E+00    0.242643030598489728E+01   -0.655697057373832215E+00   -0.177381496262019794E+00   -0.210633464216677030E+00   -0.558918819122642407E+00   -0.106683466303948382E+01   -0.594469793497838879E+02
    0.137402414432654663E+00   -0.173789206953088531E+02    0.935105534103281899E+00    0.565324783478587167E+00    0.111375607959459388E-01    0.187481642584276731E+01   -0.187049689549085474E+01   -0.264184580584700068E+00    0.242643030598489728E+01   -0.655697057373832215E+00   -0.177381496262019794E+00   -0.210633464216677030E+00   -0.558918819122642407E+00   -0.106683466303948382E+01   -0.594469793497838879E+02
    0.137486432983325857E+00   -0.173957225092890191E+02    0.942971268623092440E+00    0.584255490568771019E+00    0.109465127657127920E-01    0.187526610709994812E+01   -0.197544183737341950E+01   -0.264323211482642095E+00    0.241525859786767105E+01   -0.643155524170102022E+00   -0.190862902363953202E+00   -0.259976938796810553E+00   -0.561143350924164674E+00   -0.106437963563757454E+01   -0.594463073738571168E+02
    0.135652750760942103E+00   -0.174775745185912648E+02    0.940941967123101963E+00    0.576931119225427613E+00    0.101573387436846383E-01    0.187512908458564898E+01   -0.206359865472011794E+01   -0.263557024671265183E+00    0.221822062874157266E+01   -0.649669210696709687E+00   -0.189496285119714392E+00   -0.275122074793930582E+00   -0.561176356532609555E+00   -0.106729577173772072E+01   -0.594457119101181988E+02
    0.135652750760942103E+00   -0.174775745185912648E+02    0.940941967123101963E+00    0.576931119225427613E+00    0.101573387436846383E-01    0.187512908458564898E+01   -0.206359865472011794E+01   -0.263557024671265183E+00    0.221822062874157266E+01   -0.649669210696709687E+00   -0.189496285119714392E+00   -0.275122074793930582E+00   -0.561176356532609555E+00   -0.106729577173772072E+01   -0.594457119101181988E+02
    0.135539672274710143E+00   -0.173805494597366028E+02    0.940424098800952013E+00    0.587777777471032881E+00    0.111942811976513974E-01    0.187629738075954600E+01   -0.170119102353395402E+01   -0.260049965753066215E+00    0.253399660785084047E+01   -0.629967067844578121E+00   -0.226100651263432095E+00   -0.157785599855659708E+00   -0.556939046767515711E+00   -0.106899046389836916E+01   -0.594417802215454500E+02
    0.131057365241601137E+00   -0.172604217918310781E+02    0.937364472411747252E+00    0.590476823647149485E+00    0.112458471786706267E-01    0.187545407615528759E+01   -0.193218476799651029E+01   -0.261172273989108084E+00    0.239884230264205467E+01   -0.639495327501982014E+00   -0.255820912766761110E+00   -0.378544071272860438E+00   -0.563929947397892151E+00   -0.107440902743282107E+01   -0.594370806473827855E+02
    0.131057365241601137E+00   -0.172604217918310781E+02    0.937364472411747252E+00    0.590476823647149485E+00    0.112458471786706267E-01    0.187545407615528759E+01   -0.193218476799651029E+01   -0.261172273989108084E+00    0.239884230264205467E+01   -0.639495327501982014E+00   -0.255820912766761110E+00   -0.378544071272860438E+00   -0.563929947397892151E+00   -0.107440902743282107E+01   -0.594370806473827855E+02
    0.134469179243964482E+00   -0.174727792597715812E+02    0.940469014907509782E+00    0.575964975742677798E+00    0.108815388846641142E-01    0.187527643284278112E+01   -0.181351305898732962E+01   -0.269155076680043515E+00    0.227146780291378692E+01   -0.638865588632670400E+00   -0.170128830453682295E+00   -0.253662979981686854E+00   -0.563523505859122587E+00   -0.107708133363882141E+01   -0.594368647126064076E+02
    0.133962478788231615E+00   -0.175077096515401465E+02    0.939121278674557969E+00    0.587087184919000249E+00    0.107316370863696307E-01    0.187521819199390860E+01   -0.193613542411333484E+01   -0.261002191732741473E+00    0.237773497018446589E+01   -0.650476493314026794E+00   -0.199441321156365536E+00   -0.257383052792144240E+00   -0.565140058631125597E+00   -0.106925518409645171E+01   -0.594364156826295797E+02
    0.133962478788231615E+00   -0.175077096515401465E+02    0.939121278674557969E+00    0.587087184919000249E+00    0.107316370863696307E-01    0.187521819199390860E+01   -0.193613542411333484E+01   -0.261002191732741473E+00    0.237773497018446589E+01   -0.650476493314026794E+00   -0.199441321156365536E+00   -0.257383052792144240E+00   -0.565140058631125597E+00   -0.106925518409645171E+01   -0.594364156826295797E+02
    0.134131071226417736E+00   -0.173304246445591836E+02    0.936370365992097886E+00    0.588609254893655898E+00    0.105739382879355033E-01    0.187569394516056565E+01   -0.195393197127559648E+01   -0.261060909473847580E+00    0.249376727317099167E+01   -0.643234603989807474E+00   -0.241111517610013704E+00   -0.391505345269017591E+00   -0.561551084410123025E+00   -0.107896485834057554E+01   -0.594350216216209120E+02
    0.131184142765419037E+00   -0.174626394582708855E+02    0.940095246436382537E+00    0.594817259726121761E+00    0.107230971301805218E-01    0.187563566859910025E+01   -0.181523102467006625E+01   -0.265210775320420200E+00    0.247016032603530000E+01   -0.645384067090041813E+00   -0.235824800095030790E+00   -0.342076102797279291E+00   -0.559896854642055852E+00   -0.106599950069708749E+01   -0.594347148496052569E+02
    0.131184142765419037E+00   -0.174626394582708855E+02    0.940095246436382537E+00    0.594817259726121761E+00    0.107230971301805218E-01    0.187563566859910025E+01   -0.181523102467006625E+01   -0.265210775320420200E+00    0.247016032603530000E+01   -0.645384067090041813E+00   -0.235824800095030790E+00   -0.342076102797279291E+00   -0.559896854642055852E+00   -0.106599950069708749E+01   -0.594347148496052569E+02
    0.133320611024860647E+00   -0.174626300314133793E+02    0.938407474993560697E+00    0.596003535314943989E+00    0.109514511914690950E-01    0.187664702229749936E+01   -0.170195300768419000E+01   -0.262148332148857632E+00    0.236424671715101598E+01   -0.636221120035347032E+00   -0.212897356785456682E+00   -0.324520217376158382E+00   -0.559942906114272554E+00   -0.107440665705758698E+01   -0.594335541851244997E+02
    0.133320611024860647E+00   -0.174626300314133793E+02    0.938407474993560697E+00    0.596003535314943989E+00    0.109514511914690950E-01    0.187664702229749936E+01   -0.170195300768419000E+01   -0.262148332148857632E+00    0.236424671715101598E+01   -0.636221120035347032E+00   -0.212897356785456682E+00   -0.324520217376158382E+00   -0.559942906114272554E+00   -0.107440665705758698E+01   -0.594335541851244997E+02
    0.132854616930780406E+00   -0.174619063940339103E+02    0.940815264529510697E+00    0.585039207073105527E+00    0.115752138500420359E-01    0.187486584763637332E+01   -0.189961401320841183E+01   -0.260845606907777361E+00    0.218711727978730597E+01   -0.658029144531194432E+00   -0.156225790511087870E+00   -0.203016866485446423E+00   -0.562415443646383850E+00   -0.107368156760041522E+01   -0.594315433336787464E+02
    0.134913524848499861E+00   -0.174239638429380861E+02    0.937602206647507264E+00    0.568730878904231463E+00    0.105037425358988530E-01    0.187442820640913799E+01   -0.170590919726486812E+01   -0.265510108266515166E+00    0.244521247811246756E+01   -0.647823700559016169E+00   -0.277478187817169875E+00   -0.272469862648390571E+00   -0.561345661215072123E+00   -0.106812306425976211E+01   -0.594299526425489475E+02
    0.132057666966579029E+00   -0.172933182340113198E+02    0.937692469473954571E+00    0.599669032475788844E+00    0.116952893811333100E-01    0.187524628686311523E+01   -0.203736499516390346E+01   -0.262763053066696839E+00    0.254733342073010149E+01   -0.646284364354630880E+00   -0.214557496756561578E+00   -0.328237908096345843E+00   -0.560581917592726353E+00   -0.106808531982831445E+01   -0.594274930007992310E+02
    0.131178357330723527E+00   -0.174151373205841544E+02    0.940007135840584485E+00    0.584332724403295090E+00    0.110442414045968818E-01    0.187523988206741477E+01   -0.179974135746529473E+01   -0.268352499564801505E+00    0.253679347578289249E+01   -0.649446332744289201E+00   -0.219402407511018221E+00   -0.292240595919752710E+00   -0.557773938457233220E+00   -0.107217463383780442E+01   -0.594271800945439068E+02
    0.133318078147634439E+00   -0.174451520053709785E+02    0.940275970067413702E+00    0.587740174334206444E+00    0.109543244503811314E-01    0.187510061028510067E+01   -0.181491446942584655E+01   -0.270507088098658366E+00    0.230361124370614956E+01   -0.658031872119030248E+00   -0.246483073084623722E+00   -0.233399831150414377E+00   -0.558432737840635629E+00   -0.106481572830184112E+01   -0.594264954748913539E+02
    0.132828122036826785E+00   -0.174487443044023856E+02    0.938212066535158873E+00    0.587756701198168363E+00    0.110124136790604749E-01    0.187533345713811883E+01   -0.184397116563498775E+01   -0.265533248743401451E+00    0.237329463061923063E+01   -0.641941783626284068E+00   -0.216520862599099473E+00   -0.495842101152941472E+00   -0.562580999920962999E+00   -0.106635471803508053E+01   -0.594259742945997047E+02
    0.132828122036826785E+00   -0.174487443044023856E+02    0.938212066535158873E+00    0.587756701198168363E+00    0.110124136790604749E-01    0.187533345713811883E+01   -0.184397116563498775E+01   -0.265533248743401451E+00    0.237329463061923063E+01   -0.641941783626284068E+00   -0.216520862599099473E+00   -0.495842101152941472E+00   -0.562580999920962999E+00   -0.106635471803508053E+01   -0.594259742945997047E+02
    0.133355858242683339E+00   -0.173949937702260904E+02    0.940373276484769094E+00    0.579167298513627027E+00    0.106348423331680698E-01    0.187657175897886308E+01   -0.193981858860075707E+01   -0.262750491507774020E+00    0.234271709170454745E+01   -0.644504727385501908E+00   -0.170982255152726720E+00   -0.239781857321865771E+00   -0.565200921284135127E+00   -0.106459845594470259E+01   -0.594247859439654107E+02
    0.133355858242683339E+00   -0.173949937702260904E+02    0.940373276484769094E+00    0.579167298513627027E+00    0.106348423331680698E-01    0.187657175897886308E+01   -0.193981858860075707E+01   -0.262750491507774020E+00    0.234271709170454745E+01   -0.644504727385501908E+00   -0.170982255152726720E+00   -0.239781857321865771E+00   -0.565200921284135127E+00   -0.106459845594470259E+01   -0.594247859439654107E+02
    0.134036693410493207E+00   -0.173695197348884953E+02    0.946546830682712392E+00    0.585688478968574899E+00    0.112709351587002397E-01    0.187556187534871288E+01   -0.185528584905364835E+01   -0.257273520142089096E+00    0.242747464889102105E+01   -0.651828672926272668E+00   -0.196953850320177704E+00   -0.200764246362672788E+00   -0.560278137948428068E+00   -0.105215152085883190E+01   -0.594235583069240505E+02
    0.134036693410493207E+00   -0.173695197348884953E+02    0.946546830682712392E+00    0.585688478968574899E+00    0.112709351587002397E-01    0.187556187534871288E+01   -0.185528584905364835E+01   -0.257273520142089096E+00    0.242747464889102105E+01   -0.651828672926272668E+00   -0.196953850320177704E+00   -0.200764246362672788E+00   -0.560278137948428068E+00   -0.105215152085883190E+01   -0.594235583069240505E+02
    0.136427461408769102E+00   -0.173889470977938210E+02    0.942525852353042426E+00    0.580749660707033932E+00    0.107389330095167320E-01    0.187530788975825202E+01   -0.170888998714802920E+01   -0.263582952992828967E+00    0.245610647019196682E+01   -0.648954204108166066E+00   -0.230692388635446888E+00   -0.274666189653568205E+00   -0.563471407292819526E+00   -0.107299589765293746E+01   -0.594232014704892677E+02
    0.135544521856143435E+00   -0.172571288810813606E+02    0.932855528051018013E+00    0.580964639900860669E+00    0.108982444975371517E-01    0.187455780558358742E+01   -0.213720165820585173E+01   -0.264321903761469024E+00    0.228620229503551542E+01   -0.658287822249007726E+00   -0.228722397012480677E+00   -0.261079405762738248E+00   -0.557299219605635443E+00   -0.106541146370869622E+01   -0.594227096684104623E+02
    0.135467327366086493E+00   -0.174385723126551753E+02    0.944236123942426619E+00    0.583828580021733434E+00    0.997410243796765551E-02    0.187432654667221610E+01   -0.189380342704618720E+01   -0.266525552226822615E+00    0.261296673373108757E+01   -0.657033462959031977E+00   -0.201860114389500994E+00   -0.185999094933370634E+00   -0.555499696245212671E+00   -0.106510895639489944E+01   -0.594217828951563476E+02
    0.136438047007299945E+00   -0.174232091018404311E+02    0.938750784513149972E+00    0.585058243496111907E+00    0.109865992007423061E-01    0.187350830528612522E+01   -0.180802432020089965E+01   -0.264619333725174155E+00    0.229327706128867836E+01   -0.652564644167201946E+00   -0.169691023626550197E+00   -0.283185810205853816E+00   -0.555073295919476850E+00   -0.107424244156136872E+01   -0.594200298325411609E+02
    0.134404549568061304E+00   -0.174852669974616433E+02    0.936644782208537641E+00    0.587595067287755013E+00    0.112088890682644441E-01    0.187481626184745021E+01   -0.185951941420849742E+01   -0.269913232471972353E+00    0.233375948680896617E+01   -0.640509303108115047E+00   -0.181329347596780210E+00   -0.463921166827066134E+00   -0.557332585656537316E+00   -0.106341433145605735E+01   -0.594196408297829493E+02
    0.132717886634694249E+00   -0.173401284989680704E+02    0.939160626485570416E+00    0.583568756728062854E+00    0.110249123763490903E-01    0.187323778909635830E+01   -0.196408066739035125E+01   -0.261403475344387737E+00    0.239695997450056142E+01   -0.640132247636390317E+00   -0.175950076347371837E+00   -0.272277926542170146E+00   -0.560408225221978751E+00   -0.107153247108486993E+01   -0.594192704171987387E+02
    0.132717886634694249E+00   -0.173401284989680704E+02    0.939160626485570416E+00    0.583568756728062854E+00    0.110249123763490903E-01    0.187323778909635830E+01   -0.196408066739035125E+01   -0.261403475344387737E+00    0.239695997450056142E+01   -0.640132247636390317E+00   -0.175950076347371837E+00   -0.272277926542170146E+00   -0.560408225221978751E+00   -0.107153247108486993E+01   -0.594192704171987387E+02
    0.135082963180721966E+00   -0.174142581869059967E+02    0.941306376307611381E+00    0.585930254065554434E+00    0.104835376740459313E-01    0.187525153485385165E+01   -0.197972923471140638E+01   -0.264607702779133203E+00    0.252464100208631459E+01   -0.646500917459701618E+00   -0.268932350447947999E+00   -0.236203161166342879E+00   -0.562463231873734038E+00   -0.106396720455871185E+01   -0.594188771163160254E+02
    0.132399582761777407E+00   -0.173146387123695291E+02    0.935413538633866004E+00    0.580492054798425250E+00    0.116058368554941300E-01    0.187625704394904225E+01   -0.171806412354586846E+01   -0.259504026649438446E+00    0.245600849763972118E+01   -0.654805644329844783E+00   -0.233598992359726421E+00   -0.270082405248210644E+00   -0.560929041644322779E+00   -0.106855426830348632E+01   -0.594182569790958368E+02
    0.133934488008162683E+00   -0.173849939051310898E+02    0.940454934547547139E+00    0.592926437481711588E+00    0.106246163575256531E-01    0.187440172964127716E+01   -0.169400523806107128E+01   -0.254924632306373078E+00    0.232755303249336976E+01   -0.647758574289776345E+00   -0.239697397708835275E+00   -0.155124689755905432E+00   -0.555080667646295267E+00   -0.106888047380733320E+01   -0.594173186138822658E+02
    0.136694136945453515E+00   -0.173571883869009049E+02    0.939829175553953178E+00    0.576368767532965287E+00    0.108748210444205087E-01    0.187412022576646686E+01   -0.184481304934346158E+01   -0.263350645316003718E+00    0.257768621338871373E+01   -0.657588427378350326E+00   -0.191503248843634261E+00   -0.159574701482390530E+00   -0.560689375976111126E+00   -0.107834815584492749E+01   -0.594172423303726660E+02
    0.134368703293957198E+00   -0.174035898242629017E+02    0.937520218601629707E+00    0.582759974304191575E+00    0.111950220514958482E-01    0.187464488891392289E+01   -0.204671840429277241E+01   -0.259271601152600339E+00    0.236032665755484139E+01   -0.629790648284758281E+00   -0.229933898411699172E+00   -0.242403805764099117E+00   -0.561479181671805994E+00   -0.106883129181151615E+01   -0.594162520428780354E+02
    0.133008392358641925E+00   -0.173270504051942247E+02    0.937510369174897273E+00    0.573292100633725599E+00    0.106926169840761108E-01    0.187461388435206189E+01   -0.193006412378809311E+01   -0.260427876934009872E+00    0.249574357429705040E+01   -0.638526684783029541E+00   -0.226874837922923706E+00   -0.350940627798739468E+00   -0.560355260843463099E+00   -0.106722172827814621E+01   -0.594160530453048423E+02
    0.133028239684441024E+00   -0.173562803174266236E+02    0.936171319987966877E+00    0.597787010433613930E+00    0.110324333925365010E-01    0.187415563514964645E+01   -0.179872709674052689E+01   -0.268588429458203104E+00    0.257912347177160095E+01   -0.641344134493342599E+00   -0.267541240817215698E+00   -0.205781412830874311E+00   -0.560593531396514799E+00   -0.106120433851285134E+01   -0.594156903842857034E+02
    0.132535531449171379E+00   -0.173515327877565078E+02    0.939474154335020573E+00    0.580343345768658203E+00    0.118466940394012388E-01    0.187654437110283356E+01   -0.182475151069966746E+01   -0.263679366802936299E+00    0.239766057527555665E+01   -0.662755391939668148E+00   -0.198800061891796886E+00   -0.449002840453219199E+00   -0.556975957698830793E+00   -0.106122354497086846E+01   -0.594156236013851284E+02
    0.136146756125509805E+00   -0.174277420159264267E+02    0.944002179533148911E+00    0.570500374884744588E+00    0.110623367171913140E-01    0.187570787558947050E+01   -0.194525184690142550E+01   -0.269313140859343936E+00    0.259534516833870033E+01   -0.642269803426589014E+00   -0.204545664619410067E+00   -0.249477479050786127E+00   -0.558825106410718253E+00   -0.107077616311830126E+01   -0.594143116587848681E+02
    0.132824109774581006E+00   -0.173179152025394849E+02    0.935281096163202541E+00    0.583325934841157800E+00    0.113187978270319171E-01    0.187466610969515735E+01   -0.194905782443118714E+01   -0.260542540584517812E+00    0.229162816266914371E+01   -0.642581982555284092E+00   -0.204726514708081453E+00   -0.181671725737483941E+00   -0.556143871055300609E+00   -0.106198262066676197E+01   -0.594142069796626302E+02
    0.133735076618229393E+00   -0.173476798184382801E+02    0.937413974737380751E+00    0.588413201664994223E+00    0.103814840117034020E-01    0.187423010067218931E+01   -0.186751826595802517E+01   -0.262665494543115829E+00    0.237807826227458730E+01   -0.647203939845164777E+00   -0.208382762552015405E+00   -0.252803563622537919E+00   -0.559011327319140383E+00   -0.107959087632767803E+01   -0.594140918993615443E+02
    0.132321178888143293E+00   -0.173736006846083839E+02    0.937231939374211676E+00    0.585719766386944118E+00    0.110061241386024480E-01    0.187409570402869985E+01   -0.175146122323845410E+01   -0.266541744904731370E+00    0.249300396881450670E+01   -0.639633241224192184E+00   -0.261791495460507062E+00   -0.312610434562789752E+00   -0.557274829862771881E+00   -0.106699831908437170E+01   -0.594139369360680050E+02
    0.135510409108768493E+00   -0.173734968166065471E+02    0.941979580058465715E+00    0.582983084684193575E+00    0.109425971301541601E-01    0.187587470084755670E+01   -0.173403773250683102E+01   -0.267210801205390869E+00    0.254741544591179991E+01   -0.643215712168525244E+00   -0.181390968855804913E+00   -0.131207263722092571E+00   -0.557455664331342859E+00   -0.108141960727439135E+01   -0.594136926430467156E+02
    0.135274522531209335E+00   -0.174385412749469317E+02    0.941716852039734875E+00    0.577975731312697416E+00    0.109499562487724716E-01    0.187496535058849667E+01   -0.184246077426841492E+01   -0.262725886566263889E+00    0.258802772748251853E+01   -0.649939934609323977E+00   -0.233542636312807861E+00   -0.371105617281105804E+00   -0.560394857857295481E+00   -0.106434454989069893E+01   -0.594128070613157320E+02
    0.133915360266221917E+00   -0.173998224671405097E+02    0.935411244675127374E+00    0.581363207704704510E+00    0.116846464508086473E-01    0.187373966559724026E+01   -0.177360544632232320E+01   -0.263385224921273364E+00    0.247222663071724913E+01   -0.648829767044882932E+00   -0.226353042913204988E+00   -0.262824964281510365E+00   -0.561310732320398187E+00   -0.107627107173242531E+01   -0.594103137221987296E+02
    0.134424138022531392E+00   -0.173537574270809714E+02    0.940284048569063335E+00    0.575399498906373652E+00    0.109852451588909814E-01    0.187723526644118532E+01   -0.194226748787681669E+01   -0.267105067151661602E+00    0.248119143565257572E+01   -0.656687215776546651E+00   -0.227616591815965941E+00   -0.358963574628988757E+00   -0.563128805536866728E+00   -0.107006146808838976E+01   -0.594102150596064078E+02
    0.135048084134040985E+00   -0.174700575279370156E+02    0.936544852337552802E+00    0.584583592263470342E+00    0.115623498406128896E-01    0.187434232810259882E+01   -0.194410273478764917E+01   -0.265315825032301333E+00    0.233160691861928004E+01   -0.644428956212096948E+00   -0.243290701895238520E+00   -0.238172441106172555E+00   -0.555921184230910415E+00   -0.107030885116467345E+01   -0.594093483738389168E+02
    0.137711816737633497E+00   -0.174024881714260893E+02    0.937848167121114851E+00    0.580941581451449141E+00    0.114449540683261956E-01    0.187395991407632279E+01   -0.199787122924474492E+01   -0.266916856234360123E+00    0.229523418924731448E+01   -0.670139075207449864E+00   -0.211917795226397698E+00   -0.281226107083373478E+00   -0.559622436293339853E+00   -0.107387647361774086E+01   -0.594083732863392626E+02
    0.133911444667299484E+00   -0.173795033369175513E+02    0.940847579716158289E+00    0.582467597070670862E+00    0.109011493612542944E-01    0.187532410199580024E+01   -0.179506445889472221E+01   -0.256830866245882583E+00    0.250202569836599320E+01   -0.648408927929043699E+00   -0.267105927100491636E+00   -0.337144777735069123E+00   -0.561045065217863015E+00   -0.106771224200350212E+01   -0.594079020380269398E+02
    0.133786763871741488E+00   -0.174677949201635627E+02    0.941823937491379493E+00    0.579665013799859574E+00    0.112861729943187650E-01    0.187507146295052318E+01   -0.203183286700710974E+01   -0.266140070691378461E+00    0.247249229744994903E+01   -0.650544856733783927E+00   -0.238977961514850401E+00   -0.158714920160174244E+00   -0.556801233236177140E+00   -0.107191525186630265E+01   -0.594074523473517360E+02
    0.137029617072242454E+00   -0.174109251942665217E+02    0.942142429314381968E+00    0.585769232241205806E+00    0.120643338227222775E-01    0.187551957636256295E+01   -0.183699330918958248E+01   -0.265801025397594315E+00    0.254774604490181744E+01   -0.641512446567555905E+00   -0.235944408110542819E+00   -0.154671947260647924E+00   -0.559703535716353118E+00   -0.106982570013672573E+01   -0.594074053128684412E+02
    0.134683507848064599E+00   -0.174480574069829579E+02    0.940284538993090835E+00    0.579008152862422576E+00    0.110867809063210712E-01    0.187467358812434193E+01   -0.181260795400620478E+01   -0.266537435659943367E+00    0.257518687593876550E+01   -0.648416819973218428E+00   -0.187537373095274434E+00   -0.186679640530278190E+00   -0.559127081830986916E+00   -0.107024881008552364E+01   -0.594061891800205473E+02
    0.136733117111912134E+00   -0.173509626142132056E+02    0.938521466469098953E+00    0.598300645976383105E+00    0.117214168413343808E-01    0.187453159495600752E+01   -0.190624929975218849E+01   -0.261955609914535259E+00    0.254319975197824899E+01   -0.647474058835243893E+00   -0.266037928394140144E+00   -0.224886868360428871E+00   -0.566340639787554223E+00   -0.107715138621078177E+01   -0.594021084439762532E+02
    0.134405486797400470E+00   -0.172906704352891616E+02    0.938354647369398331E+00    0.578738599244337570E+00    0.110778948144940673E-01    0.187508123335968691E+01   -0.171592726803540607E+01   -0.259384292786915438E+00    0.242968469611695648E+01   -0.647906338585073072E+00   -0.231310759958052059E+00   -0.767087167363909861E-01   -0.562544040214847496E+00   -0.106807150601972767E+01   -0.593951412689895193E+02
    0.134504954838613189E+00   -0.174013848063478278E+02    0.940293507116611194E+00    0.576314509236994232E+00    0.115330120780577083E-01    0.187376678810781705E+01   -0.195701104915696500E+01   -0.263185176376961538E+00    0.250019897695435400E+01   -0.653798544969351525E+00   -0.268014762826157327E+00   -0.219665434083576444E+00   -0.561855278978950046E+00   -0.106028914363135929E+01   -0.593999370878784561E+02
    0.135053394638160407E+00   -0.174039994684530015E+02    0.941028547618605105E+00    0.583953762103068152E+00    0.109618429494525715E-01    0.187357591315738992E+01   -0.179762750773164215E+01   -0.263211947343465258E+00    0.244766787302160349E+01   -0.659075609816663910E+00   -0.225855532094977329E+00   -0.187992509620450332E+00   -0.561620553109498544E+00   -0.107992859278224707E+01   -0.593930832538103601E+02
    0.136989852619690877E+00   -0.173548621881477381E+02    0.941422555984574472E+00    0.586127304086863199E+00    0.112661492653974796E-01    0.187548537225554579E+01   -0.194412668546793599E+01   -0.270332896448786997E+00    0.233784108569909721E+01   -0.657515266290767064E+00   -0.255992218581197584E+00   -0.207372853500480958E+00   -0.555402511670230914E+00   -0.106785763341721318E+01   -0.593977312564490418E+02
    0.135462213015766192E+00   -0.174064085083003306E+02    0.937197082367358547E+00    0.557098055284249716E+00    0.114119125017661804E-01    0.187446186277229399E+01   -0.182318824872134932E+01   -0.266162530829976707E+00    0.237482442685576123E+01   -0.647776554991267628E+00   -0.206532985654954870E+00   -0.268153551569929038E+00   -0.557605709731792909E+00   -0.106817397987075058E+01   -0.593952577190784723E+02
    0.132645372665724237E+00   -0.172693515122572059E+02    0.937214413443938521E+00    0.564929867798862784E+00    0.121829273376882832E-01    0.187547231815668547E+01   -0.181376045782197348E+01   -0.261947328429409376E+00    0.239878494141826737E+01   -0.652735112853584099E+00   -0.256419891418464663E+00   -0.248795858681457038E+00   -0.558571412111665389E+00   -0.106077744692348475E+01   -0.593991703318818409E+02
    0.134440785218250897E+00   -0.173708993130173077E+02    0.942618569520063398E+00    0.576152570924091778E+00    0.109874806485036180E-01    0.187358327975521743E+01   -0.187166162369746858E+01   -0.261555074088327844E+00    0.245163153344381524E+01   -0.638917246087507884E+00   -0.239448532191823077E+00   -0.396069319351769367E+00   -0.560620741983615889E+00   -0.105823036772147305E+01   -0.593924547659020945E+02
    0.135543774490531899E+00   -0.173000970823520319E+02    0.939443329134278304E+00    0.581775757690440321E+00    0.107496469831136112E-01    0.187371913848943894E+01   -0.215916463579348372E+01   -0.266786095732753137E+00    0.244652584718660560E+01   -0.639427285311569116E+00   -0.257837399992747907E+00   -0.271379418453429944E+00   -0.559384014009414621E+00   -0.107333414253755133E+01   -0.593886792751146828E+02
    0.135396169148692819E+00   -0.172893596145804374E+02    0.943845382773548902E+00    0.585076015208919276E+00    0.116448378974834572E-01    0.187545436150417766E+01   -0.196465811472450147E+01   -0.261302661141135428E+00    0.269916309243179597E+01   -0.645138351935146681E+00   -0.225448682339831313E+00   -0.203879708109695329E+00   -0.561246266035170027E+00   -0.107720631288701862E+01   -0.594054336602731254E+02
    0.137220413865589697E+00   -0.173941556603726291E+02    0.939806293105426738E+00    0.572712240600786182E+00    0.114170416794750328E-01    0.187224166364278743E+01   -0.198453650054051156E+01   -0.265422138061681412E+00    0.233727415950892636E+01   -0.638679890291489416E+00   -0.222688689853468763E+00   -0.161640667316032771E+00   -0.556790218449334406E+00   -0.106716635865639686E+01   -0.593921611171941777E+02
    0.133805361297444275E+00   -0.173373533726266551E+02    0.936965876472472647E+00    0.570869368353627116E+00    0.112750048111615979E-01    0.187477101703774407E+01   -0.200152757377440338E+01   -0.267843333307140552E+00    0.241663613821530054E+01   -0.655016925756821689E+00   -0.208144640437447404E+00   -0.231995852576903250E+00   -0.560155074763006744E+00   -0.106427517167856700E+01   -0.593938803641252520E+02
    0.133316551498213032E+00   -0.172948099565255298E+02    0.938953627285749604E+00    0.572596762266202597E+00    0.118873780564686914E-01    0.187460617436001975E+01   -0.185201493961802832E+01   -0.260983181434153888E+00    0.236869391120082851E+01   -0.658743834734132894E+00   -0.227313040599027349E+00   -0.362236817983061121E+00   -0.562412926059278839E+00   -0.106979646118460447E+01   -0.593938676774298386E+02
    0.133438808139426324E+00   -0.173424577323454727E+02    0.937855231253265975E+00    0.574008057204469457E+00    0.108313798980373376E-01    0.187392625533967006E+01   -0.176393226989849872E+01   -0.259484033170925554E+00    0.236866700111659423E+01   -0.649928558643497523E+00   -0.199443922436694399E+00   -0.732029419594858455E-01   -0.560914916239996231E+00   -0.105979983538915690E+01   -0.594023908275456805E+02
    0.135527940988255352E+00   -0.172299395197942999E+02    0.938528353726735376E+00    0.582583800550211417E+00    0.110902043106421693E-01    0.187449541157575572E+01   -0.177903094682211105E+01   -0.264167047821140366E+00    0.247735709631459544E+01   -0.639833699941412815E+00   -0.246690798541834677E+00   -0.289921134669602398E+00   -0.557458331670334206E+00   -0.107725776177267929E+01   -0.593900982777145856E+02
    0.135448573807142897E+00   -0.172669212524992908E+02    0.941008749354205087E+00    0.565238924138077192E+00    0.108995365529673330E-01    0.187571503363340097E+01   -0.181158296313857137E+01   -0.263417795359792706E+00    0.267873951314559422E+01   -0.643179819185009105E+00   -0.223127603913191391E+00   -0.812528527992212313E-02   -0.560892035581364468E+00   -0.107511601232479181E+01   -0.593966086883870119E+02
    0.135911013331877495E+00   -0.173997875930049801E+02    0.939520364420235898E+00    0.576518795108869941E+00    0.112202045067712301E-01    0.187478788826114995E+01   -0.188085553188760479E+01   -0.261921507494809747E+00    0.242140261787094513E+01   -0.654518162941031933E+00   -0.228842288476100303E+00   -0.203101584583824157E+00   -0.554371396127585125E+00   -0.107342362238483813E+01   -0.594033175034140868E+02
    0.133595264590018109E+00   -0.172888615275326991E+02    0.943601626217062228E+00    0.594431963346893411E+00    0.115582547913924416E-01    0.187499560629104645E+01   -0.174640691536785009E+01   -0.267633650331354334E+00    0.238653723920384797E+01   -0.643363719504777776E+00   -0.181052929774304039E+00   -0.247109972814465173E+00   -0.562099832140648958E+00   -0.105639968904584358E+01   -0.593892428266671075E+02
    0.132959606467527608E+00   -0.172859136252750680E+02    0.941908903035195033E+00    0.598864563944969786E+00    0.114995173137979571E-01    0.187328436579652657E+01   -0.184134971412539539E+01   -0.261000929640428203E+00    0.252340729339521275E+01   -0.654695912437256555E+00   -0.240120261034470678E+00   -0.248539913182403011E+00   -0.558776412356704721E+00   -0.107205694583784794E+01   -0.593994952621545949E+02
    0.137685488330073047E+00   -0.174041847089788497E+02    0.942368791581627563E+00    0.557843450945138652E+00    0.117628782704662562E-01    0.187338976371833832E+01   -0.186334890705669820E+01   -0.268037700911143983E+00    0.250353521660347944E+01   -0.651904234479800393E+00   -0.265322924679001648E+00   -0.316985278485526989E+00   -0.557881339949293231E+00   -0.106533843214900870E+01   -0.593911060458640989E+02
    0.134260370010282265E+00   -0.173064329813394764E+02    0.944620311591135242E+00    0.590784046727936385E+00    0.102310681829917149E-01    0.187355035329618991E+01   -0.193486614614597685E+01   -0.263155189892782637E+00    0.241644740793862844E+01   -0.664783530821795643E+00   -0.207526084665772464E+00   -0.322238846159592862E+00   -0.561192658368181885E+00   -0.106791722843817283E+01   -0.593813823416039526E+02
    0.134185436768582439E+00   -0.174062013605847561E+02    0.939182310690615751E+00    0.573769563183080700E+00    0.111256180264895834E-01    0.187438298639635548E+01   -0.194913803750552983E+01   -0.263948054703194934E+00    0.248441168514464783E+01   -0.640482459337735399E+00   -0.258141629316752386E+00   -0.275285021062351865E+00   -0.556488200366693442E+00   -0.106188570515826486E+01   -0.593947531859182476E+02
    0.133896119083798365E+00   -0.173108529984884107E+02    0.940787101379853108E+00    0.580194763443110495E+00    0.111298053287682847E-01    0.187528515188445954E+01   -0.179056274702544060E+01   -0.261231885986982659E+00    0.223101916328876015E+01   -0.645534501364556146E+00   -0.232391251120007997E+00   -0.305010203075244235E+00   -0.559010810925317791E+00   -0.105278368989733062E+01   -0.593873584262085075E+02
    0.134389397293868368E+00   -0.172568214597250424E+02    0.934993536785822754E+00    0.571560780236129107E+00    0.114851057618176183E-01    0.187583410479911072E+01   -0.204244348790846209E+01   -0.263572558623444864E+00    0.252170474633493447E+01   -0.660996881943541115E+00   -0.219730751832745375E+00   -0.315301668233823607E+00   -0.562687916274156041E+00   -0.107344558279739455E+01   -0.594019983681654438E+02
    0.134596412672347204E+00   -0.173283938905711778E+02    0.940267216272565820E+00    0.559231012815929796E+00    0.116373828927267553E-01    0.187455127562871371E+01   -0.193293794031675858E+01   -0.263522667803469002E+00    0.229073808766553988E+01   -0.635712915770022868E+00   -0.203754656035451093E+00   -0.568898175005236872E-01   -0.561753095547763426E+00   -0.107467264424888320E+01   -0.593987711753238159E+02
    0.133725011552085299E+00   -0.173733916820362069E+02    0.939184071318507896E+00    0.578920025505624936E+00    0.111838122871857782E-01    0.187438465071023574E+01   -0.195222835804964778E+01   -0.263323586930534703E+00    0.262239922732423647E+01   -0.651854125882509350E+00   -0.199977719636913465E+00   -0.159646868338503001E+00   -0.557684303985471308E+00   -0.106305962754285943E+01   -0.594029516132521778E+02
    0.134944621772146861E+00   -0.172852351321530833E+02    0.938123091881700177E+00    0.572024454451484754E+00    0.111772540422913867E-01    0.187627874989091525E+01   -0.194528110087403272E+01   -0.266503882611141885E+00    0.227721815754535761E+01   -0.653029248593739342E+00   -0.186005443065253573E+00   -0.207818997069147526E+00   -0.562309157979386076E+00   -0.106938241804951795E+01   -0.594009019796645816E+02
    0.135875926908191114E+00   -0.173474246223646738E+02    0.942741728267511014E+00    0.563554997245274358E+00    0.113374134551271783E-01    0.187558735399320464E+01   -0.174144183695148880E+01   -0.266456378272120376E+00    0.242697179392616524E+01   -0.640200397436866409E+00   -0.260017316804687426E+00   -0.137365729405209858E+00   -0.559707022568423751E+00   -0.107000237489143579E+01   -0.593963077660258847E+02
    0.136265388041200863E+00   -0.173530576612234242E+02    0.943520606985438492E+00    0.575648196910756638E+00    0.110962924387630855E-01    0.187612186378087964E+01   -0.208730000068288435E+01   -0.266992802178296185E+00    0.270270938548456252E+01   -0.648044948515043795E+00   -0.268828958681421870E+00   -0.209097470694938836E+00   -0.561107301714569240E+00   -0.106441868690612673E+01   -0.594043246894512222E+02
    0.133593325402726337E+00   -0.173740345159533263E+02    0.937237633143579552E+00    0.575873296607539942E+00    0.111048077812426343E-01    0.187642694751236028E+01   -0.202595116415219989E+01   -0.264592109205845971E+00    0.235060257026475172E+01   -0.643071559710759022E+00   -0.228209174637758999E+00   -0.118001125284999175E+00   -0.553786977881623788E+00   -0.107298844844220764E+01   -0.594028194961987737E+02
    0.134328069070979078E+00   -0.172759513048136704E+02    0.940458226448920187E+00    0.587987259940433105E+00    0.112474260399345188E-01    0.187497364994371041E+01   -0.183783756844214508E+01   -0.263987964334629732E+00    0.242672903678557628E+01   -0.630436702424426620E+00   -0.241252659024656424E+00   -0.284974366873251173E+00   -0.556960535066822193E+00   -0.106826398763867791E+01   -0.593868437387474799E+02
    0.134184157871501952E+00   -0.173631958515563127E+02    0.940987890620315293E+00    0.569094567371037252E+00    0.110366767031776069E-01    0.187452284116347068E+01   -0.177671655156096930E+01   -0.265927536068818748E+00    0.250019738547150450E+01   -0.638278811872974972E+00   -0.200697758823795952E+00   -0.142586584857225918E+00   -0.562205766063452961E+00   -0.107032909280954569E+01   -0.593968072645432912E+02
    0.135580058475674309E+00   -0.173247766123440634E+02    0.941113130967902278E+00    0.574898297887382670E+00    0.117035665783014609E-01    0.187445380817758922E+01   -0.203466277967597042E+01   -0.264847804237057449E+00    0.227228843965169869E+01   -0.642575770941890889E+00   -0.190837199131932200E+00   -0.174747531012741819E+00   -0.555938128235866968E+00   -0.107889497003642809E+01   -0.593759056115156554E+02
    0.136334445678635174E+00   -0.173920360757332020E+02    0.939217897293369353E+00    0.577254301858227126E+00    0.112972461833938959E-01    0.187372839679927217E+01   -0.184080044002045606E+01   -0.260741490655680086E+00    0.235367398537472594E+01   -0.641940538347453904E+00   -0.202461486865950058E+00   -0.205813567758545646E+00   -0.557130739724167157E+00   -0.106956389063619839E+01   -0.594069559945568884E+02
    0.135270281864155767E+00   -0.172565128084511024E+02    0.939972956963813555E+00    0.577043884242039340E+00    0.108433510372217476E-01    0.187560575090434822E+01   -0.190107611708646518E+01   -0.266827682846885461E+00    0.245236301306444515E+01   -0.637632594164858513E+00   -0.231018660374617296E+00   -0.250938877153964013E+00   -0.555002623292851993E+00   -0.106722697825303436E+01   -0.593982769394845675E+02
    0.133865578649515843E+00   -0.174089325162449775E+02    0.942477271030590091E+00    0.574679381060320793E+00    0.107293365221262232E-01    0.187455260147174840E+01   -0.184526083079806869E+01   -0.263206219651912321E+00    0.237236781644142081E+01   -0.652713986344901520E+00   -0.184436389981538856E+00   -0.264685425631486337E+00   -0.559114498951079009E+00   -0.105584448495117478E+01   -0.593990221752589562E+02
    0.135833131713062077E+00   -0.172743253372396666E+02    0.943738693347714985E+00    0.572286466039053421E+00    0.116854809131794520E-01    0.187456175176960649E+01   -0.188829178016336674E+01   -0.259590752613076348E+00    0.234251674640351659E+01   -0.637246406860674575E+00   -0.249267894571164939E+00   -0.332832920926883546E+00   -0.557905597373758777E+00   -0.106515191856523295E+01   -0.593784733167626229E+02
