    0.153873934053971578E-01    0.812931806958658143E+02    0.111034531598675559E+00   -0.317610225901762320E+02    0.129663436670612930E+01    0.670285569726006059E+00    0.134099869294096504E-01    0.184892891499707934E+01   -0.201264476295948658E+01   -0.109560841400990788E+00   -0.235060914252758524E+01   -0.203395554415262900E-01    0.669930257452492767E-01   -0.980220318542951996E-01   -0.598263231999848211E-01   -0.108647691037290173E+01
    0.152261961730090507E-01    0.812742430703754053E+02    0.117531512156901524E+00   -0.323445684915009792E+02    0.130951286698033020E+01    0.745161043277431934E+00    0.145683065674164641E-01    0.185165179290948112E+01   -0.214537702090015614E+01   -0.120555575244935223E+00   -0.579326170770838100E+01   -0.599111836543315818E-01    0.616438434992777340E-01   -0.837381074148897675E-01   -0.926565663358529523E-01   -0.106594390413431039E+01
    0.150298719142034666E-01    0.812601984606993852E+02    0.112645218020557311E+00   -0.326433185697279598E+02    0.129032879812120171E+01    0.699516095524620685E+00    0.127269123635274217E-01    0.185218591796712273E+01   -0.193952222371772676E+01   -0.113588871450050172E+00   -0.569847550998595942E+01   -0.832181753554992742E-01    0.273406840309887746E-01   -0.289753569701862612E+00   -0.953917971227909445E-01   -0.109250717438666878E+01
    0.149368931128790374E-01    0.812326094232586371E+02    0.110658407497410141E+00   -0.315753804451005031E+02    0.129853788966529260E+01    0.740140157808373056E+00    0.130515533106292051E-01    0.185563056670960580E+01   -0.199573703013319026E+01   -0.118546934575770077E+00   -0.652792752752482031E+01   -0.248925230907497581E-01    0.570489699146877749E-01    0.318543240503138675E-01   -0.966542640518215507E-01   -0.105594295873277488E+01
    0.147722156987031526E-01    0.812147816266472518E+02    0.110833389422410153E+00   -0.308570709422755201E+02    0.128955558061280273E+01    0.624020777359275636E+00    0.124509076945354905E-01    0.185237169469626739E+01   -0.218852399787767293E+01   -0.119059430005918232E+00   -0.548226053256111800E+01   -0.338983574834009621E-01    0.708298634870777391E-02   -0.356331793096705124E-01   -0.857046800232164480E-01   -0.106324766588623687E+01
    0.150593031143283380E-01    0.811362859294341803E+02    0.104364568371654184E+00   -0.322922191671020045E+02    0.128131418847865164E+01    0.750247597430677815E+00    0.130410509201848521E-01    0.185162186101430182E+01   -0.191001291047772570E+01   -0.119566892650702222E+00   -0.390841963552361893E+01   -0.611021725034114338E-01   -0.940950246229504961E-03   -0.138507381774137711E+00   -0.973828493663369960E-01   -0.108026805052546027E+01
    0.148178937478506377E-01    0.811286068491577055E+02    0.114295170358760578E+00   -0.328317342364038112E+02    0.130077218278345241E+01    0.980359737199225978E+00    0.137648945990985830E-01    0.184991246683878297E+01   -0.181641762581977151E+01   -0.112924221450926079E+00   -0.531071392356454730E+01   -0.372477639455411069E-01    0.156977869615403214E-01   -0.632750020734088314E-01   -0.983574766425386049E-01   -0.106481836230966787E+01
    0.146066445337562027E-01    0.811173247636639729E+02    0.114331168350911602E+00   -0.330198138096911720E+02    0.129111092349924794E+01    0.638795584709717978E+00    0.128089338573359312E-01    0.185697759196258527E+01   -0.205616688310622076E+01   -0.114107058347859780E+00   -0.233970804147531464E+01   -0.276888217331549558E-01    0.501048191863166237E-01   -0.172967461780097143E+00   -0.793911935909010630E-01   -0.106473745117023055E+01
    0.144905693671978381E-01    0.810932817254121971E+02    0.118232909889706417E+00   -0.325765070870132263E+02    0.129898298877975638E+01    0.714501188176565161E+00    0.125319180156041928E-01    0.185493181841240196E+01   -0.183935755514163346E+01   -0.121397649420575335E+00   -0.502769529775714918E+01   -0.667202170726590299E-01   -0.128458435675253474E+00   -0.960465326718404205E-01   -0.954140182084599886E-01   -0.105307410399044188E+01
    0.143688299361806587E-01    0.810701552787174649E+02    0.113159082362709620E+00   -0.315005067982645066E+02    0.128987829494989281E+01    0.633120728369211627E+00    0.126276266309793255E-01    0.185535639638080707E+01   -0.214757361041538575E+01   -0.124851787327953448E+00   -0.552252820925971033E+01   -0.751364350015965299E-01   -0.128605746876577998E+00    0.224976550684262422E-02   -0.919250271673899416E-01   -0.106644296082702450E+01
    0.141948121179890658E-01    0.810545247160397224E+02    0.110587606956904103E+00   -0.316503297200919747E+02    0.129867571201310472E+01    0.716421801814270065E+00    0.132239340947784747E-01    0.185608773163674723E+01   -0.171030725610357059E+01   -0.122183849398988756E+00   -0.650389168182661770E+01   -0.188747625922948206E-01   -0.493959293077190498E-01   -0.427366328463985312E-01   -0.913571465984503311E-01   -0.106502182453120131E+01
    0.142689699548318345E-01    0.810041033314966228E+02    0.106340375207124554E+00   -0.329656706575241643E+02    0.128883889462547652E+01    0.764407583351417674E+00    0.135528079575734303E-01    0.185036518370889613E+01   -0.189525109072984987E+01   -0.129713575723988533E+00   -0.422805192167560229E+01   -0.743537052503415730E-01   -0.665446336646155143E-02   -0.836696668364269175E-01   -0.895789410584023754E-01   -0.104932528725472651E+01
    0.140367337745435170E-01    0.809969223553530071E+02    0.113051168320563361E+00   -0.315836285922069102E+02    0.130316910899272997E+01    0.885204010293569099E+00    0.117988618313232454E-01    0.185087341657643889E+01   -0.192437085508004735E+01   -0.122520575524883657E+00   -0.476583911863589371E+01   -0.471791712855020237E-01    0.527767777675570843E-01   -0.254257635694014883E-02   -0.972659613587624622E-01   -0.107665467608682630E+01
    0.140860623701970257E-01    0.809499061758822336E+02    0.110016905455353434E+00   -0.322358008887448406E+02    0.130458034402771461E+01    0.719522883162598492E+00    0.138307323787026874E-01    0.185374665266899741E+01   -0.179381709500523412E+01   -0.120442636555882554E+00   -0.434546717241071967E+01   -0.273187864471092570E-01    0.790442539695648469E-02   -0.261973879933096246E-01   -0.929451007850215227E-01   -0.107791828163028347E+01
    0.138698086401645628E-01    0.809408489490184735E+02    0.110747880886602909E+00   -0.316142864399293515E+02    0.129214103541512437E+01    0.755648578163251150E+00    0.124476109204392071E-01    0.185672606043594968E+01   -0.191334478978613109E+01   -0.123707113038422217E+00   -0.664785018863198829E+01   -0.473113779152355002E-01   -0.158262187424675557E-01   -0.733407588957814272E-02   -0.859958228102497418E-01   -0.106532008230189623E+01
    0.137170189072680741E-01    0.809230031883833902E+02    0.114504443554616711E+00   -0.322055433307575925E+02    0.129924540542016964E+01    0.785001747960152763E+00    0.135798533881461066E-01    0.185693275248360368E+01   -0.186898591078188581E+01   -0.121432496914323104E+00   -0.394084492455839808E+01   -0.723079359817107026E-01   -0.288102193822117568E-01   -0.114848162814816357E+00   -0.826887912961236093E-01   -0.107613320928008438E+01
    0.136499198355139479E-01    0.808928105266231512E+02    0.111747174961384158E+00   -0.322724011119507992E+02    0.129887145260608938E+01    0.616761252000583848E+00    0.128037028288553872E-01    0.185077244837948518E+01   -0.217717514071630402E+01   -0.129375765391557151E+00   -0.393725511775081927E+01   -0.803556796806572937E-01    0.146367803546242660E-01   -0.683871346972691058E-01   -0.884045306280939608E-01   -0.106474888269916135E+01
    0.134801110519779787E-01    0.808778471366833145E+02    0.105173462666254408E+00   -0.320900140092072093E+02    0.129590377563024184E+01    0.736375287375638843E+00    0.128684903484473576E-01    0.184431032601066458E+01   -0.183248245746256400E+01   -0.118001943133132475E+00   -0.588010828290549092E+01   -0.761890445524498749E-01   -0.117051682752972508E+00    0.269941747608971744E-01   -0.702971104607922614E-01   -0.105121072119857395E+01
    0.132253842035825100E-01    0.808760017668724203E+02    0.114417447991743637E+00   -0.321493268270543027E+02    0.129586406571468138E+01    0.784596459359567455E+00    0.132048798685874616E-01    0.185804619076783273E+01   -0.178983147328351855E+01   -0.123385896497124128E+00   -0.356937261137291184E+01   -0.451233330653774273E-01    0.208088734623728643E-01   -0.100262604800342034E+00   -0.838027126592100491E-01   -0.105322280514394739E+01
    0.129796552609989426E-01    0.808735115207820314E+02    0.106681156544891284E+00   -0.322530856610478054E+02    0.129529146411317209E+01    0.721768633963861372E+00    0.130143655507902658E-01    0.185314626177619401E+01   -0.170627194385205194E+01   -0.119680070568081692E+00   -0.238442779333476906E+01   -0.361371033763999774E-01   -0.162855313927386419E+00   -0.947570898522185345E-01   -0.972733178977110285E-01   -0.108578216008844697E+01
    0.127624686324177544E-01    0.808672603727486887E+02    0.109928333988712684E+00   -0.330876628075912933E+02    0.129554537765112898E+01    0.647592681653473945E+00    0.130390172017080339E-01    0.184894386042177605E+01   -0.163187305413676476E+01   -0.127319874009033857E+00   -0.469591460982908782E+01   -0.623947225193764582E-01   -0.377646645066700773E-01   -0.169535655350800285E+00   -0.849057027603053460E-01   -0.110269297155211143E+01
    0.125266630392963721E-01    0.808645589926477726E+02    0.116406541490966575E+00   -0.327624977184107493E+02    0.129481563981866921E+01    0.861093772220997478E+00    0.133819613316567172E-01    0.184909020314697869E+01   -0.190323215333915474E+01   -0.109031900596338382E+00   -0.480854842329361709E+01   -0.430016208534445554E-01   -0.681374064484146780E-01   -0.740879913140315982E-01   -0.849663100440816027E-01   -0.107335398884049416E+01
    0.122833616725408126E-01    0.808637865499556199E+02    0.115429974779808209E+00   -0.318988044384479643E+02    0.129222633345376514E+01    0.745599595561247663E+00    0.133266861873712842E-01    0.185358993040700426E+01   -0.183636060557820935E+01   -0.118663659290191806E+00   -0.490788702246878650E+01   -0.497786971055513075E-01   -0.523596529737025695E-01   -0.159203385117427210E+00   -0.751514265827120526E-01   -0.107506745595415976E+01
    0.120536211703764287E-01    0.808615475704255715E+02    0.115624675809854041E+00   -0.323526074705311188E+02    0.129920203284333113E+01    0.760581483432856142E+00    0.130648094642743951E-01    0.185531212384232336E+01   -0.158943268780595237E+01   -0.125106723445029350E+00   -0.390806988964880331E+01   -0.408592272390547184E-01   -0.234729527899109822E-01   -0.150966473564219883E+00   -0.101327634682593232E+00   -0.107453158282381689E+01
    0.118221488341782918E-01    0.808603282403048240E+02    0.107688459350898325E+00   -0.315115375258477535E+02    0.128946571909717544E+01    0.648821204682754282E+00    0.134642060981161552E-01    0.185637055093740844E+01   -0.170233869291087347E+01   -0.118974272819360100E+00   -0.362321971852036162E+01   -0.580448224324269374E-01   -0.344494798224322524E-01   -0.310719390050012145E-01   -0.103171361889973917E+00   -0.107610020220602687E+01
    0.116212364148873554E-01    0.808546095245417291E+02    0.111478099463663563E+00   -0.315030676290864164E+02    0.130625244483051950E+01    0.767561850726463213E+00    0.132123042128182815E-01    0.184917576107416570E+01   -0.188161755742135561E+01   -0.114492842603199210E+00   -0.468955206141933179E+01   -0.731234776119138591E-01    0.112084627830009997E-02   -0.137019525759723482E+00   -0.900335701134506727E-01   -0.106705614689346295E+01
    0.114387097584697957E-01    0.808462714316571862E+02    0.108157680114632643E+00   -0.313897544061147720E+02    0.130689436369216105E+01    0.747263830289348285E+00    0.138299777377219272E-01    0.185220656064971223E+01   -0.204261989547669831E+01   -0.113652277496673476E+00   -0.612122149415757377E+01   -0.467686380447360286E-01    0.918819084721581372E-02   -0.105808986041967840E+00   -0.102829134107054687E+00   -0.108481289617485244E+01
    0.112396287450823047E-01    0.808413861958921558E+02    0.114339793923844898E+00   -0.324447980479057136E+02    0.130240350369336588E+01    0.765603881534439257E+00    0.134371714451608434E-01    0.185724761294667817E+01   -0.176529826565282533E+01   -0.126142021018525757E+00   -0.491432084527559265E+01   -0.639076492750031561E-01    0.535936365086707861E-01   -0.923442975373290481E-01   -0.101970667384646801E+00   -0.105081491297369123E+01
    0.110719635410793486E-01    0.808314456121862577E+02    0.106617248191060499E+00   -0.314140354675559266E+02    0.128879073393198507E+01    0.594043712722470252E+00    0.137440445487523755E-01    0.185290022710542024E+01   -0.207716985256581976E+01   -0.118127491785944491E+00   -0.550742115722095971E+01   -0.576830670458444578E-01    0.203847539453701661E-01   -0.463213464281973936E-01   -0.102119133335880338E+00   -0.109561299735916817E+01
    0.109531285831203692E-01    0.808130275625241410E+02    0.112448203162788113E+00   -0.326093396289829869E+02    0.129448992123915296E+01    0.889237891205177045E+00    0.139686446658541363E-01    0.185868794641802726E+01   -0.184806550488986598E+01   -0.122806057628777582E+00   -0.581047798168056673E+01   -0.701787911086231841E-01    0.776814175096263715E-01   -0.180950602274749406E+00   -0.104292928376286675E+00   -0.108835507685139632E+01
    0.107416792653146544E-01    0.808120149580725240E+02    0.110266155777695024E+00   -0.324642057906903574E+02    0.129319815749639022E+01    0.717890264280633739E+00    0.130485279615702998E-01    0.184518289796927504E+01   -0.205755569368558344E+01   -0.121469523631599852E+00   -0.592740761963822749E+01   -0.397461461496558255E-01   -0.406124071415361193E-01   -0.370389710373410230E-01   -0.826113072586260461E-01   -0.107224573830976633E+01
    0.105608052689509201E-01    0.808059787603379931E+02    0.111764263476477346E+00   -0.333196249456280569E+02    0.129297457346768474E+01    0.837511618745144792E+00    0.137155042505913323E-01    0.185328355475135931E+01   -0.235504254702728533E+01   -0.113106408550852050E+00   -0.441577355953464412E+01   -0.620288490666953268E-01   -0.380811362357823258E-01   -0.114947235314100227E+00   -0.803106093907798163E-01   -0.108337849105584016E+01
    0.104362566657852634E-01    0.807897059016574133E+02    0.114171437243894225E+00   -0.312685935902956160E+02    0.129426294400030395E+01    0.766477019480031441E+00    0.138263796223776630E-01    0.185610012989547557E+01   -0.209664755182055718E+01   -0.127177218949627441E+00   -0.469539099486096578E+01   -0.517730256363350613E-01    0.142982655730013564E+00   -0.405733388524331592E-01   -0.102964059211403683E+00   -0.110212662563196173E+01
    0.102553110573537568E-01    0.807846863774843484E+02    0.116645359745733229E+00   -0.322775977062914095E+02    0.129554581919744871E+01    0.708216311750165306E+00    0.127744050539329856E-01    0.185374353903965439E+01   -0.178078517508072687E+01   -0.116859058299841542E+00   -0.335013867904584117E+01   -0.499924797947930225E-01   -0.874514215961015307E-01    0.290257494031179175E-02   -0.866255577721118386E-01   -0.106104496171238272E+01
    0.101069894650977037E-01    0.807738234026288353E+02    0.108214994303437034E+00   -0.331020150466492495E+02    0.129809071731209813E+01    0.809597900575378171E+00    0.132269779089911246E-01    0.185351779176211195E+01   -0.203867600194910992E+01   -0.112113949781391775E+00   -0.627853342688930827E+01   -0.579989164286669953E-01   -0.148408028813980103E+00   -0.712696752361773878E-01   -0.841304469721509407E-01   -0.108076399563247327E+01
    0.994396173288233064E-02    0.807663468122604087E+02    0.110944587879742596E+00   -0.320439497100538020E+02    0.129216308568282523E+01    0.809707493514759014E+00    0.137221564165944943E-01    0.184918206314553646E+01   -0.151503170115896713E+01   -0.126710341101872181E+00   -0.490351886626491762E+01   -0.320017528438977447E-01   -0.101417189778009453E+00   -0.103493461476346388E+00   -0.972446333491197301E-01   -0.107791997260532124E+01
    0.975941049481799001E-02    0.807638138271788932E+02    0.116359770263928797E+00   -0.332700004760657393E+02    0.128745796275331204E+01    0.769056477968038110E+00    0.132750686568003842E-01    0.185793201042715972E+01   -0.187719328796932095E+01   -0.122479803015010089E+00   -0.539230081137472972E+01   -0.763360104259120376E-01   -0.201934859463851687E-01    0.892951890927981551E-02   -0.793557163602210403E-01   -0.107694386536984932E+01
    0.957627227286693590E-02    0.807617010227572791E+02    0.111689661069841822E+00   -0.316482940915022049E+02    0.130588109783737960E+01    0.747743150230622877E+00    0.138889866214537243E-01    0.185261715904538216E+01   -0.181645334194748709E+01   -0.126053842800097182E+00   -0.296987226564682816E+01   -0.640192968412995750E-01    0.204321445931110422E-01    0.102988458672089306E-01   -0.857394290490508665E-01   -0.107767320283179791E+01
    0.940598523216616689E-02    0.807575853971831066E+02    0.114620369057011701E+00   -0.328974011811286502E+02    0.129772499877223124E+01    0.654558275167679504E+00    0.143026041854396289E-01    0.184796341619788529E+01   -0.206840873328769392E+01   -0.125453177055842330E+00   -0.394654577674144846E+01   -0.567297749425876643E-01   -0.924476054530427860E-01   -0.960966862354040163E-02   -0.656085871881238042E-01   -0.105528936059794520E+01
    0.924109844291799362E-02    0.807529563087549320E+02    0.109119148941161773E+00   -0.323917902026472930E+02    0.128759666511673188E+01    0.711230025377701081E+00    0.132047770987690459E-01    0.185942901855866327E+01   -0.197465681053773090E+01   -0.112223140914293584E+00   -0.511812067503367896E+01   -0.146555626133516373E-01   -0.552199728078081251E-02   -0.136054687153173703E-01   -0.984543734243372298E-01   -0.106565315612384115E+01
    0.906217019623187410E-02    0.807520605693810438E+02    0.113766531370253318E+00   -0.313371582487784863E+02    0.130398028823477774E+01    0.838059316512132724E+00    0.135819653908379936E-01    0.185601255991446790E+01   -0.199643347699983797E+01   -0.119287850234908024E+00   -0.485155644653372775E+01   -0.520703185620222178E-01   -0.280301217958577077E-01   -0.101669733985855340E+00   -0.104418961118209030E+00   -0.108030291984046434E+01
    0.888936814256519568E-02    0.807505658802926973E+02    0.108688861101260151E+00   -0.319023495784883799E+02    0.130212649682199766E+01    0.692631622285812210E+00    0.134986531573053868E-01    0.184920318693505936E+01   -0.182818705781072310E+01   -0.118695621071769980E+00   -0.453182317662234180E+01   -0.443255579081061613E-01    0.360868499657433783E-01   -0.370825666090596334E-01   -0.938830775695511238E-01   -0.105682512437512410E+01
    0.871488168456577110E-02    0.807502136185150761E+02    0.112246468804410401E+00   -0.313539399265767038E+02    0.129823049836965687E+01    0.767545370084294021E+00    0.133952746898438682E-01    0.185238466522828116E+01   -0.200928348635695242E+01   -0.126206997151758982E+00   -0.562038805539996478E+01   -0.702274419299874636E-01   -0.432877647899620258E-01    0.106660271792711064E-01   -0.957704562251035368E-01   -0.105629277760393414E+01
    0.854476588693253714E-02    0.807496399870885853E+02    0.110614042059117026E+00   -0.325292258989495409E+02    0.128939685268611237E+01    0.648860618104761033E+00    0.127879674971351463E-01    0.184505264598143537E+01   -0.214411799787773072E+01   -0.116066850634089003E+00   -0.411466893127647992E+01   -0.297899998357683167E-01    0.102474560441467077E+00   -0.162039304164065395E-01   -0.948481513514227853E-01   -0.107035673493515304E+01
    0.837743809667135415E-02    0.807491935214072640E+02    0.108472514883118543E+00   -0.315622281958391966E+02    0.130785516832273951E+01    0.742459943080371110E+00    0.135191533654508613E-01    0.185933101309000759E+01   -0.170839666208004948E+01   -0.118841402970952720E+00   -0.471817798216148709E+01   -0.404855973074892544E-01   -0.134900585943443396E+00   -0.120167507707037893E+00   -0.812994798430864279E-01   -0.108203336253641269E+01
    0.823403877004042981E-02    0.807437245604040328E+02    0.110043461743905419E+00   -0.329478939155579624E+02    0.129819083054566975E+01    0.695257100637399761E+00    0.133028539115996238E-01    0.185037536798828506E+01   -0.196110467486756512E+01   -0.120872249729116144E+00   -0.394508113417894801E+01   -0.533512352254155442E-01   -0.848216865115102858E-01   -0.860860662242325381E-01   -0.891972021221397321E-01   -0.105281445764628612E+01
    0.808264567792878023E-02    0.807408393154884294E+02    0.109894735593547982E+00   -0.318755060031643254E+02    0.129698459413085687E+01    0.922881208936390252E+00    0.127302686794086069E-01    0.185497778930100909E+01   -0.185307312468517082E+01   -0.123426978990462885E+00   -0.432881356731057032E+01   -0.421545163978736120E-01   -0.316774735488174405E-01    0.389663036067214030E-01   -0.935371566170622032E-01   -0.108423303851981645E+01
    0.800272267529075591E-02    0.807207141877572241E+02    0.113125591853640364E+00   -0.323332783351945068E+02    0.129130202337240196E+01    0.621701678036111427E+00    0.136696505679013685E-01    0.185773195544188763E+01   -0.194964693090178054E+01   -0.124041945543679061E+00   -0.291466336982564123E+01   -0.532145760392485762E-01   -0.934334673435746957E-02   -0.916468509292488603E-01   -0.874038865085424166E-01   -0.106881345582013965E+01
    0.785647992146087243E-02    0.807176005061678552E+02    0.111606788627048925E+00   -0.322966310937468464E+02    0.130451022522767723E+01    0.759290287411996889E+00    0.132779922969459199E-01    0.185476468687545393E+01   -0.187704059215030794E+01   -0.116055585177098158E+00   -0.463345466735022082E+01   -0.482464465073819820E-01    0.667985515924564982E-02   -0.870167880102214464E-01   -0.102948378848465555E+00   -0.107350700492956541E+01
    0.770853220696035481E-02    0.807156222356994562E+02    0.109700066951024744E+00   -0.330926576153787764E+02    0.129474512940235509E+01    0.717848289500891190E+00    0.145930588137903033E-01    0.185205849289669433E+01   -0.180101312797932689E+01   -0.112549464111437958E+00   -0.441440721198038055E+01   -0.378616869239363496E-01   -0.176753303125795735E+00   -0.165516354190427428E+00   -0.796071183710359981E-01   -0.107312351574659015E+01
    0.756020190360253384E-02    0.807144820308172513E+02    0.108777880882876793E+00   -0.327749488663640705E+02    0.128972313075025902E+01    0.559171346177862461E+00    0.138137196492923841E-01    0.185222727060274117E+01   -0.182291219287310335E+01   -0.119595552891774121E+00   -0.641107182050531854E+01   -0.672818565571215305E-01   -0.512778991601630929E-01   -0.535235814932153997E-01   -0.926901290816557338E-01   -0.105827754847817590E+01
    0.741249678321205443E-02    0.807139431634268902E+02    0.109797969735003498E+00   -0.320472359228406205E+02    0.128887776280212707E+01    0.729345545448809474E+00    0.131872133305096159E-01    0.185887069746732103E+01   -0.187109382741506125E+01   -0.119305105719622981E+00   -0.456666020971135023E+01   -0.894525432674011800E-01   -0.106160661307851845E+00    0.520101010991435853E-01   -0.990438299122956695E-01   -0.108879037844857218E+01
    0.728298063639235427E-02    0.807091974111550314E+02    0.107919945031056078E+00   -0.317200767113053494E+02    0.128739233887879423E+01    0.832235063774914297E+00    0.137962337528163524E-01    0.184590332403883828E+01   -0.187497580121116036E+01   -0.119655224353489950E+00   -0.447454817972679297E+01   -0.154848591521983270E-01    0.629601518186600345E-01   -0.128530573866892206E+00   -0.928511887223482935E-01   -0.108024452530168080E+01
    0.715150368034317245E-02    0.807056325450622865E+02    0.115109529163026969E+00   -0.330386890253465637E+02    0.128518321810797320E+01    0.703942015802309973E+00    0.138290687426727722E-01    0.184844917989041657E+01   -0.209247753783977775E+01   -0.122084765999894471E+00   -0.556260894328016153E+01   -0.658815714551004572E-01    0.130299188515444093E-01   -0.166670808515999719E+00   -0.901111464489565556E-01   -0.107885720475427060E+01
    0.704878293321091129E-02    0.806945678874700008E+02    0.113718860677575931E+00   -0.321254598338406083E+02    0.129329000449666953E+01    0.788290563669538424E+00    0.131915684065007591E-01    0.185043519287781510E+01   -0.188328535451309143E+01   -0.123930669262556359E+00   -0.513217906648741007E+01   -0.138847439977737644E-01    0.456144555189893705E-02   -0.101245493482901641E+00   -0.916801371996338738E-01   -0.108265899896991735E+01
    0.691080469403878000E-02    0.806941056550371911E+02    0.115914425227921544E+00   -0.318432027161750497E+02    0.128992997266929632E+01    0.850253347706841689E+00    0.130978421527414464E-01    0.184385361051090935E+01   -0.207084119151408297E+01   -0.120935819839933206E+00   -0.683605409187670876E+01   -0.433846921798806268E-01   -0.103472860688362506E+00   -0.112129723940285739E+00   -0.855693023827910210E-01   -0.108625474687634771E+01
    0.678361372090626608E-02    0.806912579098512026E+02    0.114547751843598972E+00   -0.323547323821975681E+02    0.129181322721672176E+01    0.664847220202486322E+00    0.132328256224955327E-01    0.185088909648421374E+01   -0.202747559259408527E+01   -0.130097342352569145E+00   -0.632645258045106740E+01   -0.265958464430814459E-01    0.469833400906576881E-01   -0.630511055987623414E-01   -0.734041195759433662E-01   -0.108169141698933502E+01
    0.665830207105479188E-02    0.806885488086135325E+02    0.107016476190992804E+00   -0.323489581236325208E+02    0.129103296508097642E+01    0.776272532819029082E+00    0.129490987768845784E-01    0.185635070999586516E+01   -0.169227008907212451E+01   -0.115607402750716459E+00   -0.450608245903212801E+01   -0.648109246380955684E-01   -0.798088066523432449E-01   -0.126886245346923360E+00   -0.827197168147204148E-01   -0.108345394384102023E+01
    0.653426332333789748E-02    0.806861585984441945E+02    0.112681779379048982E+00   -0.326413352157535712E+02    0.129383220986855463E+01    0.704730184514099411E+00    0.129529589110257363E-01    0.185129952066625303E+01   -0.191439009974162011E+01   -0.116562587389193825E+00   -0.464413093100202801E+01   -0.599218757662203436E-01   -0.107165240463388767E+00   -0.758517714651729957E-01   -0.101960454511692417E+00   -0.104434769077870260E+01
    0.640799152618291845E-02    0.806851860493698751E+02    0.111329302342704953E+00   -0.320467650167007463E+02    0.129807676955577000E+01    0.902713679592766272E+00    0.130329798243388750E-01    0.185583596036211262E+01   -0.212429906124873025E+01   -0.119140796652856470E+00   -0.408177559916009347E+01   -0.586141649135866402E-01   -0.104583821740128424E+00   -0.713025275108720574E-01   -0.104613039068809893E+00   -0.105965069392413769E+01
    0.629540016500832172E-02    0.806806393557732520E+02    0.108148194419329963E+00   -0.316456860640663500E+02    0.129392018193695790E+01    0.975612390212909575E+00    0.136800479215975247E-01    0.185454354518823350E+01   -0.207553349887698335E+01   -0.110467469312639274E+00   -0.471013909347213389E+01   -0.818917162509625179E-01    0.262234836730829111E-01    0.411056516760861801E-02   -0.782124406321633436E-01   -0.105988050989529370E+01
    0.617404651779116399E-02    0.806795689031037995E+02    0.110610183217019695E+00   -0.321973113129353550E+02    0.130546054115984878E+01    0.789433043417453906E+00    0.138528465732371542E-01    0.185582850186988102E+01   -0.164310870619803806E+01   -0.113458017632008107E+00   -0.517355650334083172E+01   -0.804332493508528035E-01   -0.716140583178372786E-02   -0.485930977812277509E-01   -0.915618270460700212E-01   -0.108405873034823164E+01
    0.605560148367571740E-02    0.806783104066094978E+02    0.110238661413663772E+00   -0.328056534411073812E+02    0.128934655026627243E+01    0.654552811362064113E+00    0.130270884603825368E-01    0.186284573264221498E+01   -0.202645292318033876E+01   -0.114672139062686779E+00   -0.573451452385716021E+01   -0.510211553475108867E-01   -0.157668947435509493E+00   -0.138039463678509805E+00   -0.711924938353958592E-01   -0.109850404194932749E+01
    0.595228528717105243E-02    0.806727273687494346E+02    0.111106186334400794E+00   -0.316952078436330389E+02    0.129060631737829068E+01    0.857506373885188022E+00    0.128347369019163344E-01    0.185291519939712979E+01   -0.204184238790988548E+01   -0.118942175404978173E+00   -0.594072174077839144E+01   -0.320959950587896004E-01   -0.411518941007625733E-01   -0.895912263664564029E-01   -0.826804734392146967E-01   -0.107603640811720469E+01
    0.583727640618523363E-02    0.806717491856333879E+02    0.110603259183017666E+00   -0.317925902181996030E+02    0.129110908344451203E+01    0.736496468064850474E+00    0.130205289002744209E-01    0.185686786039718488E+01   -0.176326677216908911E+01   -0.123072324390957097E+00   -0.640991189354272173E+01   -0.802471738969086357E-01   -0.450655677593599716E-01   -0.396184328567043484E-01   -0.822607996704728811E-01   -0.108988408713567608E+01
    0.572909992617578502E-02    0.806691609492553283E+02    0.109398302509987888E+00   -0.317284007098638874E+02    0.129096746476604918E+01    0.824316652620014412E+00    0.134051207481961504E-01    0.185082741444118914E+01   -0.164739336851996221E+01   -0.120027242150191810E+00   -0.292828223723846737E+01   -0.405494356979447731E-01   -0.754245502031448273E-03    0.666776907525466755E-02   -0.998922867249897040E-01   -0.107558267999198587E+01
    0.610257998984936340E-02    0.805427212307485121E+02    0.114398925346359731E+00   -0.323565057700188135E+02    0.128738351354094593E+01    0.852799691863554088E+00    0.132518039308906800E-01    0.184905401931378943E+01   -0.216103192446106140E+01   -0.116818298037055762E+00   -0.459599767706449924E+01   -0.547786255596124094E-01   -0.481285790873487232E-02   -0.270346669767030992E-01   -0.760103460228070266E-01   -0.104192808234499390E+01
    0.623303769749914381E-02    0.805004168808647762E+02    0.107931292843354010E+00   -0.321702142217995970E+02    0.128803266794779692E+01    0.800058694276008509E+00    0.135315882642689320E-01    0.185400597135647183E+01   -0.225070934724012472E+01   -0.112617510769960655E+00   -0.559574298058916675E+01   -0.353624531220085442E-01    0.521477020948264980E-01   -0.134427526000776426E+00   -0.935548872643149343E-01   -0.106480079127814520E+01
    0.614061660994139318E-02    0.805302941682053870E+02    0.112022148815303355E+00   -0.319025520197066399E+02    0.129223425247327217E+01    0.799998754244494403E+00    0.136329267521165792E-01    0.184909948387597534E+01   -0.174043203398760515E+01   -0.117324521344517402E+00   -0.636754117659235153E+01   -0.367329516388256797E-01    0.386409706628168884E-02   -0.934594035510729060E-01   -0.896938190328190610E-01   -0.107529336502907036E+01
    0.630347493271615853E-02    0.804779423766694890E+02    0.112544177007344731E+00   -0.329747839281444470E+02    0.128596305294888902E+01    0.816426650385583041E+00    0.146459411453335811E-01    0.185220341428647073E+01   -0.201948641976610954E+01   -0.123523522063977265E+00   -0.466264234042488557E+01   -0.665269972674769894E-01   -0.325437180071033172E-01   -0.155278888172325769E-01   -0.904126039284035843E-01   -0.104725633652169980E+01
    0.602631448933405988E-02    0.805678732364144707E+02    0.111285382174185835E+00   -0.318841296132145047E+02    0.128650028157860508E+01    0.851621495997787248E+00    0.136715045083300128E-01    0.184999615653909699E+01   -0.183865902856387486E+01   -0.128183216163692437E+00   -0.417049608022987872E+01   -0.611602417257602615E-01    0.922091189249986676E-01    0.902726642425641379E-02   -0.877268083155355316E-01   -0.106441966809452881E+01
    0.638393764579483092E-02    0.804525743069085593E+02    0.111163005928181985E+00   -0.324038204115090238E+02    0.129170730929099586E+01    0.824417495811987422E+00    0.141222208477649741E-01    0.185232377501431977E+01   -0.195477423030949438E+01   -0.118059121087768296E+00   -0.579003861252659124E+01   -0.435349665681070627E-01    0.111016895894772399E+00   -0.445855652823489504E-01   -0.879490676646882685E-01   -0.107883792217750929E+01
    0.628845915390677766E-02    0.804827123463417422E+02    0.113585022913853861E+00   -0.320558403962808640E+02    0.128635841340050350E+01    0.713055064908689751E+00    0.134521457277420008E-01    0.185109358449989903E+01   -0.172336085849162379E+01   -0.121094880644075045E+00   -0.524916208154262431E+01   -0.336633155774640758E-01    0.166447294143999724E+00   -0.634555195394878313E-01   -0.850926074228358087E-01   -0.107436314597602034E+01
    0.604775648694038694E-02    0.805607697432548946E+02    0.111996362337492952E+00   -0.315488253822961795E+02    0.129783999741364364E+01    0.838486581962405886E+00    0.143296799827056145E-01    0.184875353222493266E+01   -0.198885757106254535E+01   -0.130471931391559770E+00   -0.576490868339942431E+01   -0.527816735477254634E-01    0.132757826403961769E-01   -0.959677716787478152E-01   -0.859439148858788249E-01   -0.105840980836439513E+01
    0.603735998619037064E-02    0.805642108365493925E+02    0.112820325376909433E+00   -0.326753873900184573E+02    0.128538242299583594E+01    0.758898574747916221E+00    0.140884087625617119E-01    0.184757977014431729E+01   -0.167627893250784221E+01   -0.120907595170076432E+00   -0.497456050759104063E+01   -0.814515001750793777E-01   -0.386783846383530541E-02   -0.543932927095849145E-01   -0.872757092234363457E-01   -0.107354746109519694E+01
    0.581695194672629100E-02    0.806385916844625399E+02    0.109253140200253854E+00   -0.318511810378585309E+02    0.129426607561105977E+01    0.623381781133663271E+00    0.130295315129819282E-01    0.185510210387207430E+01   -0.211671806246985117E+01   -0.127054440001606789E+00   -0.582683196598748498E+01   -0.480030209797178350E-01    0.176668578449236169E+00   -0.728091418645004651E-01   -0.890000935030051815E-01   -0.108357039164608082E+01
    0.613332832508188455E-02    0.805326693738152244E+02    0.109789114141269420E+00   -0.326092653376656969E+02    0.128593182916642546E+01    0.662246571226187020E+00    0.138178695245251108E-01    0.185496265869470212E+01   -0.212720417289169061E+01   -0.127497990854304188E+00   -0.437726159877802790E+01   -0.254107193674949494E-01   -0.676634620723905872E-02   -0.140391484090327173E+00   -0.905423133900444960E-01   -0.107694505533372986E+01
    0.619490241568373175E-02    0.805126909668869928E+02    0.114810983634815053E+00   -0.326013856698291491E+02    0.128565132618145461E+01    0.714390011447052165E+00    0.134290313885667336E-01    0.185114104792809497E+01   -0.198745393186770980E+01   -0.120986111286026488E+00   -0.477311055145847707E+01   -0.512986237953008614E-01   -0.136145807009065145E-02   -0.843648428463221051E-01   -0.886145256638681822E-01   -0.108878272747335059E+01
    0.596621529493876306E-02    0.805879189477344795E+02    0.112215838468376655E+00   -0.325708282032050676E+02    0.128738857960218067E+01    0.686291985618639466E+00    0.135143114240432408E-01    0.184755586725065313E+01   -0.182751825454342787E+01   -0.119870776084076702E+00   -0.533670349781149955E+01   -0.538954996103879480E-01    0.423944939551565980E-01   -0.138439052581149941E+00   -0.932566086981503201E-01   -0.107846681643616971E+01
    0.607889737273844492E-02    0.805504978398555807E+02    0.110949428445737450E+00   -0.319753127842095530E+02    0.129113791017348789E+01    0.807161431452086298E+00    0.132038193122255235E-01    0.184963621958279800E+01   -0.190487408794765201E+01   -0.116542555023823893E+00   -0.495183375418056393E+01   -0.459644730413313954E-01    0.130175491431806456E+00   -0.511844075161383485E-01   -0.753983393505441163E-01   -0.108181505610830930E+01
    0.616224271002276808E-02    0.805232629174064840E+02    0.112204723577778984E+00   -0.321748418655239163E+02    0.129375424792204119E+01    0.784073201982537604E+00    0.137639127251067816E-01    0.185362895258209437E+01   -0.197659710425326218E+01   -0.125128095672546347E+00   -0.627480573560479371E+01   -0.584969537108751061E-01   -0.286630362646860780E-01   -0.674643256090885490E-01   -0.910492445317286625E-01   -0.107652914567447233E+01
    0.627541090061107306E-02    0.804868665624965871E+02    0.111266313015673010E+00   -0.320789682145627566E+02    0.128670681040201584E+01    0.805269331123502297E+00    0.135185265421220255E-01    0.184810863066543996E+01   -0.191840921476068926E+01   -0.123422201051663669E+00   -0.493905102828902898E+01   -0.504360903857686213E-01    0.838183947929884710E-01   -0.789557949298518580E-01   -0.856105339678460836E-01   -0.109582391571341220E+01
    0.609613404666176865E-02    0.805448348777340044E+02    0.112097309447829002E+00   -0.329697817467509395E+02    0.128603835477013084E+01    0.791614036008023603E+00    0.138758020647618517E-01    0.185128105811500299E+01   -0.179290232034370156E+01   -0.122100725525067774E+00   -0.410036230638259358E+01   -0.610409831546077919E-01   -0.844842164945275170E-01   -0.143788464109002367E+00   -0.855821897526988368E-01   -0.106312758982258448E+01
    0.645616230281761353E-02    0.804300743515961756E+02    0.110946674527957298E+00   -0.318277253529004973E+02    0.129009333060935472E+01    0.868246157659005258E+00    0.137801901196651522E-01    0.185363812128204763E+01   -0.188034591319690847E+01   -0.121645494018625011E+00   -0.439512425566258891E+01   -0.300217783686438089E-01   -0.603854048712904462E-01   -0.945163959219813554E-01   -0.829935434545816808E-01   -0.107466039983497352E+01
    0.607702451155601227E-02    0.805511141193003084E+02    0.111413278377034020E+00   -0.320449745702343662E+02    0.130125615507274128E+01    0.746659428885746657E+00    0.140683537722141490E-01    0.185522846957871179E+01   -0.180748225671760032E+01   -0.115826561416070783E+00   -0.415994660110519643E+01   -0.552861131576113385E-01   -0.160878575847049510E+00   -0.105877469680627875E+00   -0.808265122528845220E-01   -0.106043887064958597E+01
    0.602883096145653483E-02    0.805670382495055861E+02    0.111072999146634627E+00   -0.322215271857479095E+02    0.129208246362653156E+01    0.753004890565112994E+00    0.140626893297620022E-01    0.185525198313874307E+01   -0.190124359765641149E+01   -0.129510251340125809E+00   -0.454990847377368457E+01   -0.208842126942790016E-01   -0.170547014031846994E+00   -0.651575799964147634E-01   -0.698408872764342270E-01   -0.105571986005517560E+01
    0.643129443213230970E-02    0.804377928338573014E+02    0.110596070968506391E+00   -0.322916299715219424E+02    0.129106083659656012E+01    0.786506224362220729E+00    0.138324245229940728E-01    0.185912102576126403E+01   -0.160437941022726793E+01   -0.123225702063872608E+00   -0.575872426622860889E+01   -0.351372577866466418E-01   -0.317510361973757232E-01   -0.238732878480422656E+00   -0.808533915684217924E-01   -0.108365980459849554E+01
    0.647237183219885950E-02    0.804250592314888024E+02    0.109524658376356887E+00   -0.318307727997290328E+02    0.129858056532156585E+01    0.830548774694593428E+00    0.147812766067106725E-01    0.185957384930479730E+01   -0.215402374806840236E+01   -0.121318007039469059E+00   -0.527264929439107544E+01   -0.828996456172298307E-01   -0.391638851389487230E-01   -0.267205245198092328E-01   -0.846332468367166774E-01   -0.105745329961458889E+01
    0.608228172382791962E-02    0.805493846743804340E+02    0.110846594171355797E+00   -0.325325459527506382E+02    0.130013801320759304E+01    0.783228572820451219E+00    0.135781576527436686E-01    0.185320314676284470E+01   -0.212782534296271741E+01   -0.120257025291865688E+00   -0.441810547820398636E+01   -0.637568343757731471E-01   -0.112857875035159844E-02   -0.190892666103155140E-01   -0.875197069865739086E-01   -0.107964442321560194E+01
    0.639799585530046074E-02    0.804481749051520012E+02    0.109454932463600954E+00   -0.319894699610836497E+02    0.129532247298991821E+01    0.835329787237788612E+00    0.138484810434923028E-01    0.185715158501862665E+01   -0.208379458644563087E+01   -0.125983068800161691E+00   -0.494904613653908498E+01   -0.506581012363843397E-01   -0.729454261358409434E-01   -0.914028746459115138E-01   -0.790896030064036776E-01   -0.108354404557867623E+01
    0.602705120871206267E-02    0.805676287505513926E+02    0.111654204760403122E+00   -0.327084997319762607E+02    0.129575529021634606E+01    0.827574429279613000E+00    0.142917169522098451E-01    0.185915461633297330E+01   -0.222510611585965012E+01   -0.119644706353640135E+00   -0.443871512468643559E+01   -0.622312297348595750E-01    0.219841962924225524E-01   -0.657415480499734389E-01   -0.104224310199841450E+00   -0.106426149175220131E+01
    0.588800445866086673E-02    0.806143102152393851E+02    0.114013164208353363E+00   -0.320890252225566712E+02    0.130085334679022813E+01    0.845970407070342656E+00    0.137659866312062444E-01    0.184904992739679996E+01   -0.172189884835397233E+01   -0.115595043899724359E+00   -0.516152614695336087E+01   -0.448913803908765549E-01   -0.996675048800495511E-01   -0.107271037330228039E+00   -0.751347279636989385E-01   -0.107906845406938512E+01
    0.595471203599690427E-02    0.805917788026578279E+02    0.110379426823409593E+00   -0.319544766674014191E+02    0.130460743529729206E+01    0.818538582341407306E+00    0.138117275765236788E-01    0.185774404344872246E+01   -0.185730764362444734E+01   -0.118974133260449158E+00   -0.531542412723741275E+01   -0.645954064921721860E-01   -0.271588398503091952E-01   -0.906184727745985436E-01   -0.911537984510320948E-01   -0.111256812616525136E+01
    0.578378049471662149E-02    0.806500294251687961E+02    0.115248183206323476E+00   -0.318834028984627693E+02    0.129831778752163984E+01    0.756200039336701213E+00    0.135449927106037291E-01    0.185025754259039066E+01   -0.202873333515069554E+01   -0.119035956500911630E+00   -0.521091869720344558E+01   -0.478500073049810959E-01    0.170854026367908800E-01   -0.192275502068005699E+00   -0.883431123345709279E-01   -0.109724509463765396E+01
    0.647829526222547074E-02    0.804232296947100451E+02    0.112069091850939065E+00   -0.320440302468168170E+02    0.129460955388197263E+01    0.782250897690967228E+00    0.138870245410683216E-01    0.185484046650163581E+01   -0.200515706920033754E+01   -0.122653632105964930E+00   -0.544427215063532000E+01   -0.505040937729770087E-01   -0.745277755802308331E-02   -0.115023264720693616E+00   -0.893007203751977896E-01   -0.108533805815075346E+01
    0.616014205435795777E-02    0.805239448164788882E+02    0.110894012717868945E+00   -0.321809568158217729E+02    0.129328756719159910E+01    0.870787439715722034E+00    0.136304992579409489E-01    0.185585173013605531E+01   -0.215203235516452862E+01   -0.125117352128615800E+00   -0.478901401763968959E+01   -0.637400755517965323E-01   -0.125028449152907034E-01    0.101053353063955131E-01   -0.955591473335292846E-01   -0.106580483353383748E+01
    0.581008905926507467E-02    0.806409526938559651E+02    0.111493962239590544E+00   -0.317026112125236992E+02    0.130050889978256445E+01    0.872512928835028845E+00    0.131121976060589885E-01    0.185543744393036802E+01   -0.221366301032228208E+01   -0.118551286292885874E+00   -0.550699237960038968E+01   -0.529869015423995726E-01   -0.210930482913229689E-01   -0.107351132468053889E+00   -0.900768756322238573E-01   -0.107642844713233643E+01
    0.625565531922611141E-02    0.804931726811956736E+02    0.112852931367009870E+00   -0.321379683736043162E+02    0.129265338489051995E+01    0.772738879880613516E+00    0.135236149973851378E-01    0.185200221256283926E+01   -0.181387485539930404E+01   -0.118734165075814913E+00   -0.455005542223282333E+01   -0.357691059341455481E-01   -0.807051437116199782E-01   -0.166019720627176043E+00   -0.801315917404076816E-01   -0.105114515267105979E+01
    0.668624381839608498E-02    0.803600399839065460E+02    0.108132615063939799E+00   -0.327394454122747902E+02    0.128768087738639814E+01    0.627060534633822164E+00    0.136167192891462271E-01    0.185425649892632105E+01   -0.209466223503057813E+01   -0.111392633981998307E+00   -0.385582248449469178E+01   -0.335419535444610589E-01   -0.105238646588907137E+00   -0.910829714823274128E-01   -0.870651639684467404E-01   -0.107783793647746617E+01
    0.625955013902134393E-02    0.804919278530755236E+02    0.111548943230410050E+00   -0.326304147135251696E+02    0.128797806931215764E+01    0.749597235846592658E+00    0.132053110823016195E-01    0.185708305532094053E+01   -0.208325737909988051E+01   -0.119872170492638749E+00   -0.653476894592549851E+01   -0.454351916889045235E-01   -0.550048828107866650E-01   -0.725430584867204908E-01   -0.790753047528263975E-01   -0.107123644611827507E+01
    0.612631551646602903E-02    0.805349574694471642E+02    0.107496947204714560E+00   -0.324833495795589045E+02    0.129430054663936023E+01    0.799983426181090640E+00    0.128627797719895517E-01    0.185479406386402945E+01   -0.179916604983215489E+01   -0.118554926532068255E+00   -0.497893752769527875E+01   -0.388388801408532658E-01   -0.183109626962162098E+00   -0.216086500256577885E-02   -0.786214194356089496E-01   -0.106049027172135313E+01
    0.613390630256573609E-02    0.805324809116224571E+02    0.111837539205874706E+00   -0.325213469282078407E+02    0.128110322086071071E+01    0.682225001473553916E+00    0.136216816036942544E-01    0.185252007312213407E+01   -0.196546708729628383E+01   -0.119596387409144897E+00   -0.514273708688110709E+01   -0.412375047408254300E-01   -0.155485451013563369E+00    0.148904447997272871E-01   -0.917229242906519998E-01   -0.108625190672564798E+01
    0.607520320708849343E-02    0.805517136157953786E+02    0.109297335119834790E+00   -0.325808236420600252E+02    0.129854658007270318E+01    0.642453129025290059E+00    0.136413030911993072E-01    0.185466893601858573E+01   -0.184711977422193030E+01   -0.114657615050116221E+00   -0.591895503391031941E+01   -0.314841057500932428E-01   -0.480247211046409550E-01   -0.258614313493129910E+00   -0.833212371536060925E-01   -0.107437075013669769E+01
    0.611164728021932734E-02    0.805397518109612065E+02    0.112145846654720549E+00   -0.327225928142056190E+02    0.129231213563260727E+01    0.535122061717175357E+00    0.124224415970661580E-01    0.185539255228987487E+01   -0.183333540681266771E+01   -0.115138759263980150E+00   -0.478794159624912030E+01   -0.506215837170560443E-01   -0.768328314077932339E-01    0.214759322836593353E-01   -0.771909460306204054E-01   -0.108165661918438238E+01
    0.595710064064419037E-02    0.805909767065389104E+02    0.109511748690063596E+00   -0.320086388977081882E+02    0.128072713654664061E+01    0.571338604720370125E+00    0.133571096240459146E-01    0.185062788564508485E+01   -0.175940310339685135E+01   -0.115160869409445477E+00   -0.486376477185349732E+01   -0.368753442602844511E-01   -0.189424823828270333E+00   -0.133696477438477734E+00   -0.890314113535873308E-01   -0.103702021439676306E+01
    0.579280827876244801E-02    0.806469101001059414E+02    0.111454745691046270E+00   -0.322927242603312834E+02    0.128863418171141308E+01    0.636687209991935843E+00    0.135800555857217911E-01    0.185363252776111298E+01   -0.201607162766593628E+01   -0.128974256687892030E+00   -0.574291864317234957E+01   -0.678211458289950109E-01   -0.105395353852499638E+00   -0.140336952775332258E+00   -0.901872024764989871E-01   -0.110514784517503584E+01
    0.578548721106295852E-02    0.806494393389499891E+02    0.112738718946824884E+00   -0.327504280348457826E+02    0.129194725824998802E+01    0.495565600205306878E+00    0.131231552972576240E-01    0.185186432345975938E+01   -0.216351894106355802E+01   -0.120909160019080364E+00   -0.472334416662048184E+01   -0.558817786499016603E-01   -0.180148547531991027E+00    0.403367402777877471E-01   -0.921403661048682404E-01   -0.108464296075341027E+01
    0.604035609205009170E-02    0.805632185608900642E+02    0.110023366767599301E+00   -0.320421770706657298E+02    0.128410585291299140E+01    0.758040266553254849E+00    0.133827268090460760E-01    0.185193998975130691E+01   -0.197249294532368524E+01   -0.115440128764469102E+00   -0.457930184261799322E+01   -0.476151678627207420E-01   -0.167141676161767887E-01   -0.106005325306329931E+00   -0.933813344713328441E-01   -0.109497541058028847E+01
    0.661406784596699736E-02    0.803817467477033318E+02    0.108271845182235288E+00   -0.323714574654840561E+02    0.129069841200784086E+01    0.712219381471017488E+00    0.137038146891560481E-01    0.185225661167965483E+01   -0.189869016247370848E+01   -0.120666246185959114E+00   -0.542281191641245464E+01   -0.564246749329485459E-01   -0.208296291718390397E+00   -0.575165776548020452E-01   -0.750587183037821348E-01   -0.105958810848372598E+01
    0.603537887262485702E-02    0.805648672289741654E+02    0.112082739775560589E+00   -0.319727062685134875E+02    0.129036600758848929E+01    0.648484113762668235E+00    0.133723078928959307E-01    0.185115689641450443E+01   -0.177387771570475161E+01   -0.113015298567841427E+00   -0.636343178535885201E+01   -0.300653388735791852E-01    0.511464059013976569E-01   -0.710188862575924645E-01   -0.807072619620668313E-01   -0.109041289085290005E+01
    0.604875240570973242E-02    0.805604404188918295E+02    0.112866189069177947E+00   -0.323321034981150177E+02    0.129022312319676380E+01    0.700415765106220167E+00    0.137988896295631238E-01    0.184826380969520421E+01   -0.210033084083163768E+01   -0.114703062405716552E+00   -0.559501057919616152E+01   -0.724945434507818370E-01   -0.746827322344850025E-01   -0.390893570836725601E-01   -0.950911342955987338E-01   -0.107507092646443780E+01
    0.633077540995342306E-02    0.804692990400290711E+02    0.108797343763763849E+00   -0.325859932925789693E+02    0.129655706556834271E+01    0.665443499164313779E+00    0.132948610331853657E-01    0.185712947634185488E+01   -0.179186165391262153E+01   -0.117150111070833535E+00   -0.460558731544362399E+01   -0.449775686069365035E-01   -0.600021263613965544E-01   -0.139684065233761062E+00   -0.854510063435826861E-01   -0.106511238352284043E+01
    0.602223491531742386E-02    0.805692276149493551E+02    0.112369509376964535E+00   -0.324802388742451456E+02    0.129374665689534663E+01    0.713719164024269159E+00    0.132513224412076479E-01    0.184648833360237963E+01   -0.186643926392520743E+01   -0.112381428103736372E+00   -0.514970060789943673E+01   -0.501896542617105285E-01   -0.513509856618507149E-01   -0.869284028999246783E-02   -0.853633623099166461E-01   -0.107644145805331060E+01
    0.630174534591748398E-02    0.804784912244551833E+02    0.108843128158515476E+00   -0.320954359242899585E+02    0.129179785421221816E+01    0.818655950343167071E+00    0.135611890189883365E-01    0.185256143400411655E+01   -0.181611609282372966E+01   -0.113362427834216795E+00   -0.588748156839102332E+01   -0.319389452084247183E-01   -0.338558223252711718E-02   -0.101013333136211650E+00   -0.830142076325354472E-01   -0.105762796061050746E+01
    0.602877581028257638E-02    0.805670565453996232E+02    0.109496210587126136E+00   -0.318085963823263427E+02    0.129208978749076220E+01    0.738379991223347187E+00    0.133007605169107625E-01    0.185618608457357026E+01   -0.180833145066738132E+01   -0.116745652074055697E+00   -0.558241222626148481E+01   -0.646728990007719995E-01   -0.654909167227325645E-01   -0.665890096129432008E-01   -0.947453084337740586E-01   -0.107406051690033189E+01
    0.578565766378013897E-02    0.806493804155784346E+02    0.110305027600014885E+00   -0.323066923025331931E+02    0.129635852831226939E+01    0.850659013296235833E+00    0.128800225798288530E-01    0.185748126747169007E+01   -0.174946765045737207E+01   -0.119075370471304273E+00   -0.747433362345875274E+01   -0.690057706327712600E-01   -0.116418671704765719E+00   -0.283455856145512705E-01   -0.856383946824495063E-01   -0.105618381959909668E+01
