         MJD         m       dm  uJy  duJy F  err  chi/N      RA      Dec        x        y  maj  min   phi  apfit  mag5sig   Sky            Obs     Mask
57246.493757 19.652575      NaN    2    16 c    0   0.96 7.00081 -4.55466  6585.95  9330.76 4.01 3.66 -73.2 -0.417    19.47 21.30 02a57246o0341c 0xc00800
57246.497244 19.696897      NaN  -43    16 c    0   1.04 7.00081 -4.55466  6584.72  9331.75 4.00 3.66 -70.5 -0.422    19.47 21.31 02a57246o0346c 0xc00900
57246.533812 19.922338      NaN  -27    13 c    0   1.37 7.00081 -4.55466  8048.45  7889.52 3.96 3.55 -84.1 -0.425    19.53 21.42 02a57246o0394c 0xc00900
57246.542478 19.652575      NaN   11    13 c    0   1.57 7.00081 -4.55466  8050.93  7888.50 3.95 3.53 -85.2 -0.425    19.54 21.44 02a57246o0405c 0xc00800
57334.369076 19.549093      NaN    1    18 c    0   0.97 7.00081 -4.55466  4114.91  1293.85 4.88 4.15 -18.2 -0.387    19.38 21.32 02a57334o0278c 0xc00800
57334.400323 19.401649      NaN    3    20 c    0   0.95 7.00081 -4.55466  4116.43  1294.62 5.09 4.31 -16.5 -0.372    19.31 21.26 02a57334o0323c 0xc00800
57334.430834 19.142275      NaN   17    21 c    0   0.83 7.00081 -4.55466  2648.86  2746.50 4.86 4.20 -27.9 -0.359    19.25 21.13 02a57334o0367c 0xc00800
57334.462694 18.806434      NaN   40    23 c    0   0.91 7.00081 -4.55466  2651.78  2747.85 5.06 4.38 -26.6 -0.350    19.09 20.99 02a57334o0413c 0xc00800
57398.234771 19.063754      NaN   14    24 c    0   1.00 7.00081 -4.55466  4431.79   947.45 4.29 3.81 -27.0 -0.456    19.36 21.16 02a57398o0074c 0xc00800
57398.250986 19.038793      NaN   22    22 c    0   0.89 7.00081 -4.55466  4745.49  1537.36 4.63 3.74 -10.9 -0.485    19.30 21.06 02a57398o0089c 0xc00800
57398.266892 19.128787      NaN   -7    27 c    0   0.89 7.00081 -4.55466  3903.09   360.57 5.16 3.73 -13.6 -0.499    19.26 21.02 02a57398o0115c 0xc00800
57398.269343 19.569016      NaN  -42    18 c    0   0.99 7.00081 -4.55466  6499.10 10046.17 3.89 3.78  24.1 -0.412    19.28 21.06 02a57398o0119c 0xc00800
57398.283435 19.302877      NaN  -25    23 c    0   0.88 7.00081 -4.55466  3646.46  2115.82 4.71 3.82 -18.6 -0.462    19.23 20.99 02a57398o0142c 0xc00800
57399.232412 19.142275      NaN   11    23 c    0   1.00 7.00081 -4.55466  4426.47   946.46 4.91 3.86 -12.9 -0.497    19.26 21.06 02a57399o0071c 0xc00800
57399.247150 19.401649      NaN   -2    21 c    0   1.03 7.00081 -4.55466  4736.96  1537.01 4.73 3.79 -10.1 -0.496    19.29 21.07 02a57399o0095c 0xc00900
57399.263687 19.212347      NaN   -2    25 c    0   1.04 7.00081 -4.55466  3894.40   360.57 5.40 3.77 -12.3 -0.523    19.26 21.05 02a57399o0122c 0xc00800
57399.266147 19.226921      NaN   11    21 c    0   1.02 7.00081 -4.55466  6491.01 10047.75 3.93 3.79  19.8 -0.414    19.28 21.10 02a57399o0126c 0xc00800
57399.280239 18.944322      NaN   21    25 c    0   0.69 7.00081 -4.55466  3638.44  2115.77 4.86 3.87 -19.0 -0.452    19.22 21.00 02a57399o0149c 0xc00800
57575.585496 19.491430      NaN    7    17 c    0   1.05 7.00081 -4.55466  3088.77   359.59 4.92 3.82  -9.9 -0.454    19.55 21.62 02a57575o0678c 0xc00800
57575.597388 19.696897      NaN  -20    16 c    0   1.09 7.00081 -4.55466  3107.09   399.74 4.86 3.75  -9.2 -0.465    19.57 21.61 02a57575o0702c 0xc00900
57575.609283 19.510313      NaN  -26    19 c    0   0.93 7.00081 -4.55466  3047.96   321.66 4.67 3.62 -10.1 -0.479    19.51 21.42 02a57575o0726c 0xc00800
57575.621754 18.356290      NaN   24    47 c    0   0.87 7.00081 -4.55466  3026.83   440.13 4.59 3.51  -9.1 -0.491    18.53 19.55 02a57575o0751c 0xc00800
57576.585977 19.351140      NaN  -14    22 c    0   0.94 7.00081 -4.55466  3652.60   185.23 4.86 3.75  -6.3 -0.461    19.54 21.55 02a57576o0538c 0xc00800
57576.597831 19.510313      NaN  -12    19 c    0   1.20 7.00081 -4.55466  3669.83   224.81 4.72 3.60  -6.9 -0.475    19.58 21.57 02a57576o0562c 0xc00800
57576.609712 19.226921      NaN   14    20 c    0   0.93 7.00081 -4.55466  3610.00   146.68 4.71 3.52  -5.0 -0.473    19.52 21.40 02a57576o0586c 0xc00900
57576.622155 18.519279 0.336425  142    44 c    0   1.35 7.00081 -4.55466  3588.58   265.52 4.62 3.59  -5.7 -0.484    18.48 19.51 02a57576o0611c 0xc00900
57577.578420 19.569016      NaN  -43    18 c    0   0.90 7.00081 -4.55466  3460.95   341.85 4.52 3.59  -8.1 -0.451    19.59 21.59 02a57577o0653c 0xc00900
57577.590324 19.529530      NaN    2    18 c    0   0.99 7.00081 -4.55466  3497.89   381.85 4.57 3.75  -7.5 -0.452    19.57 21.61 02a57577o0677c 0xc00800
57577.602819 19.510313      NaN  -27    19 c    0   0.89 7.00081 -4.55466  3417.62   302.89 4.51 3.66  -8.3 -0.458    19.59 21.59 02a57577o0701c 0xc00800
57577.614778 19.401649      NaN  -12    21 c    0   1.02 7.00081 -4.55466  3395.76   420.86 4.43 3.64  -8.7 -0.466    19.28 20.98 02a57577o0725c 0xc00800
57577.626710 17.949472      NaN -110    80 c    0   1.31 7.00081 -4.55466  3431.80   362.23 4.37 3.53  -8.2 -0.485    17.95 18.47 02a57577o0749c 0xc00800
57578.631353 16.543740      NaN  -10   292 c    0   2.44 7.00081 -4.55466  5522.57  9522.07 3.90 3.81  79.4 -0.487    17.43 17.44 02a57578o0647c 0xc00802
57600.570149 17.949472      NaN  -41    80 c    0   1.01 7.00081 -4.55466  5303.77  7966.33 4.13 3.67 -73.9 -0.454    17.98 20.00 02a57600o0496c 0xc00800
57608.518009 19.696897      NaN  -16    16 c    0   0.82 7.00081 -4.55466  3502.82  1342.14 4.49 3.51  -7.6 -0.485    19.67 21.69 02a57608o0390c 0xc00800
57608.531434 19.696897      NaN  -12    16 c    0   1.02 7.00081 -4.55466  3521.25  1381.38 4.49 3.57  -7.8 -0.478    19.68 21.72 02a57608o0408c 0xc00800
57608.557565 19.302877      NaN   27    14 c    0   1.11 7.00081 -4.55466  3440.77  1423.84 4.42 3.54  -8.4 -0.485    19.72 21.78 02a57608o0443c 0xc00800
57638.478333 19.766969      NaN   -4    15 c    0   1.12 7.00081 -4.55466  4611.77   711.21 3.99 3.68  -6.4 -0.418    19.60 21.54 02a57638o0471c 0xc00800
57638.499032 19.271854      NaN   23    16 c    0   0.96 7.00081 -4.55466  4590.64   676.44 3.75 3.63 -32.3 -0.436    19.63 21.50 02a57638o0509c 0xc00800
57638.507946 19.766969      NaN  -27    15 c    0   1.07 7.00081 -4.55466  4648.99   755.86 3.78 3.68 -38.0 -0.429    19.60 21.48 02a57638o0526c 0xc00800
57638.518278 19.766969      NaN   -4    15 c    0   1.21 7.00081 -4.55466  4668.98   637.33 3.79 3.66 -38.1 -0.427    19.60 21.45 02a57638o0544c 0xc00800
57639.485851 19.696897      NaN  -25    16 c    0   1.05 7.00081 -4.55466  7057.17  9143.48 3.88 3.69  16.5 -0.428    19.56 21.50 02a57639o0440c 0xc00800
57639.499997 19.631075      NaN   -8    17 c    0   0.85 7.00081 -4.55466  7036.31  9106.44 3.70 3.66  22.5 -0.445    19.58 21.49 02a57639o0468c 0xc00800
57639.514680 19.696897      NaN  -33    16 c    0   0.90 7.00081 -4.55466  7094.19  9184.08 3.58 3.43 -75.6 -0.470    19.61 21.52 02a57639o0497c 0xc00900
57639.528917 19.256669      NaN   24    16 c    0   0.92 7.00081 -4.55466  7115.35  9067.68 3.56 3.37 -69.0 -0.470    19.61 21.49 02a57639o0525c 0xc00900
57639.543068 19.334813      NaN   16    17 c    0   0.79 7.00081 -4.55466  7076.71  9127.00 3.61 3.49 -83.8 -0.457    19.61 21.51 02a57639o0553c 0xc00800
57658.431088 18.024380      NaN   41    61 c    0   1.34 7.00081 -4.55466  4893.31  2739.09 4.25 3.94   1.1 -0.566    18.04 19.99 02a57658o0412c 0xc00800
57688.408037 19.696897      NaN  -28    16 c    0   1.03 7.00081 -4.55466  8277.20  9081.23 3.47 3.15 -59.1 -0.417    19.57 21.38 02a57688o0430c 0xc00800
57688.441183 19.302877      NaN   12    19 c    0   1.10 7.00081 -4.55466  8317.53  9119.82 3.67 3.40 -63.4 -0.398    19.42 21.20 02a57688o0486c 0xc00800
57688.474883 19.351140      NaN  -37    22 c    0   0.94 7.00081 -4.55466  8301.95  9061.00 4.06 3.89  88.7 -0.423    19.21 21.00 02a57688o0542c 0xc00800
57696.383442 19.569016      NaN  -13    18 c    0   1.01 7.00081 -4.55466  3957.47   326.08 3.86 3.73 -31.9 -0.419    19.63 21.48 02a57696o0399c 0xc00800
57696.388161 19.696897      NaN  -10    16 c    0   1.00 7.00081 -4.55466  6546.45 10011.77 3.59 3.49 -24.3 -0.404    19.63 21.56 02a57696o0408c 0xc00800
57696.398552 19.631075      NaN  -17    17 c    0   1.06 7.00081 -4.55466  3940.21   288.04 3.91 3.78 -26.0 -0.413    19.63 21.51 02a57696o0428c 0xc00900
57696.403771 19.529530      NaN    2    18 c    0   0.82 7.00081 -4.55466  6528.58  9973.18 3.85 3.79  14.4 -0.427    19.58 21.50 02a57696o0438c 0xc00800
57696.413792 19.569016      NaN   -4    18 c    0   0.91 7.00081 -4.55466  4000.27   365.64 3.92 3.81 -29.0 -0.417    19.57 21.42 02a57696o0457c 0xc00800
57696.418992 19.631075      NaN   -9    17 c    0   0.97 7.00081 -4.55466  6587.84 10050.73 3.79 3.69   7.6 -0.440    19.55 21.42 02a57696o0467c 0xc00800
57696.429495 19.491430      NaN    4    18 c    0   0.88 7.00081 -4.55466  4021.26   246.58 3.88 3.70 -27.1 -0.421    19.56 21.36 02a57696o0487c 0xc00800
57696.434712 19.589310      NaN    2    17 c    0   1.17 7.00081 -4.55466  6608.33  9932.08 3.56 3.39 -26.6 -0.403    19.54 21.34 02a57696o0497c 0xc00800
57696.440426 19.510313      NaN  -30    19 c    0   0.91 7.00081 -4.55466  3983.85   304.28 3.92 3.79 -27.4 -0.408    19.51 21.32 02a57696o0508c 0xc00800
57696.452739 19.271854      NaN   17    18 c    0   1.01 7.00081 -4.55466  6573.50  9989.86 3.59 3.52 -24.3 -0.418    19.48 21.25 02a57696o0532c 0xc00800
57699.262039 17.829663      NaN   13    85 c    0   1.10 7.00081 -4.55466  6204.82  7597.20 3.77 3.64 -86.2 -0.435    17.77 18.75 02a57699o0163c 0xc00800
57699.276990 18.158337      NaN  -74    66 c    0   0.86 7.00081 -4.55466  6220.67  7637.23 3.61 3.52 -63.7 -0.448    18.03 19.10 02a57699o0192c 0xc00800
57699.291436 19.089302      NaN  -20    28 c    0   0.87 7.00081 -4.55466  6160.83  7560.60 3.59 3.49 -60.8 -0.452    18.90 20.20 02a57699o0220c 0xc00800
57699.306325 15.666594      NaN    0   655 c    0   1.28 7.00081 -4.55466  6138.95  7678.85 3.57 3.48 -53.1 -0.440    16.20 17.05 02a57699o0249c 0xc00802
57699.321212 18.967180      NaN   10    28 c    0   0.95 7.00081 -4.55466  6176.79  7622.28 3.57 3.47 -54.7 -0.460    18.86 20.21 02a57699o0278c 0xc00800
57716.337853 18.526952      NaN  -47    47 c    0   1.20 7.00081 -4.55466  2079.34  1268.06 4.77 4.73  64.4 -0.350    18.36 20.32 02a57716o0306c 0xc00800
57716.352491 18.389700      NaN   25    45 c    0   1.14 7.00081 -4.55466  2062.19  1228.64 4.71 4.49  -2.6 -0.354    18.39 20.29 02a57716o0334c 0xc00800
57716.367267 19.454622      NaN  -29    20 c    0   1.08 7.00081 -4.55466  2124.26  1306.61 4.29 4.20  -5.2 -0.370    19.32 21.24 02a57716o0362c 0xc00800
57716.381957 19.510313      NaN    0    19 c    0   0.83 7.00081 -4.55466  2145.26  1187.87 4.52 4.39  -2.9 -0.362    19.40 21.39 02a57716o0390c 0xc00800
57716.397219 19.569016      NaN    0    18 c    0   0.99 7.00081 -4.55466  2107.41  1245.18 4.45 4.24  -6.8 -0.363    19.39 21.33 02a57716o0419c 0xc00800
57718.190836 18.459772      NaN   -3    50 c    0   1.00 7.00081 -4.55466  9714.24  7134.34 4.25 3.98  85.2 -0.391    18.59 19.81 02a57718o0002c 0xc00800
57718.191355 18.757738      NaN  -86    38 c    0   1.24 7.00081 -4.55466  9713.82  7134.24 4.45 4.18  81.5 -0.371    18.65 19.96 02a57718o0003c 0xc00900
57718.191859 18.702047      NaN  -17    40 c    0   0.90 7.00081 -4.55466  9713.54  7134.12 4.20 3.96  82.1 -0.389    18.71 19.97 02a57718o0004c 0xc00800
57718.192369 18.574166      NaN    9    42 c    0   1.22 7.00081 -4.55466  9713.39  7134.03 4.58 4.36  78.8 -0.365    18.65 20.06 02a57718o0005c 0xc00800
57718.192880 18.649074      NaN   30    32 c    0   1.03 7.00081 -4.55466  9713.25  7133.91 4.50 4.25  81.1 -0.366    18.77 20.22 02a57718o0006c 0xc00800
57718.193391 18.978793      NaN  -18    31 c    0   0.97 7.00081 -4.55466  9712.99  7133.84 4.34 4.06  81.6 -0.371    18.87 20.31 02a57718o0007c 0xc00800
57718.193901 18.826541      NaN   17    30 c    0   1.16 7.00081 -4.55466  9712.78  7133.73 4.54 4.31  75.7 -0.358    18.87 20.41 02a57718o0008c 0xc00800
57718.194415 19.051202      NaN   -4    29 c    0   0.84 7.00081 -4.55466  9712.50  7133.84 4.52 4.29  75.9 -0.360    18.91 20.50 02a57718o0009c 0xc00800
57718.194938 19.256669      NaN   -5    24 c    0   1.00 7.00081 -4.55466  9712.50  7133.67 4.27 4.01  81.9 -0.381    19.09 20.66 02a57718o0010c 0xc00800
57718.195463 19.089302      NaN   12    24 c    0   0.85 7.00081 -4.55466  9712.30  7133.45 4.28 4.07  79.2 -0.378    19.11 20.71 02a57718o0011c 0xc00800
57721.190862 18.243872      NaN   57    42 c    0   0.78 7.00081 -4.55466  4003.97  7109.73 3.68 3.64  18.8 -0.430    18.70 19.75 02a57721o0002c 0xc00800
57721.191375 18.542463      NaN   16    41 c    0   0.96 7.00081 -4.55466  4003.62  7109.35 3.71 3.68  49.5 -0.428    18.76 19.86 02a57721o0003c 0xc00800
57721.191879 18.684100      NaN   26    32 c    0   1.05 7.00081 -4.55466  4003.43  7109.19 3.72 3.68  35.2 -0.427    18.82 19.97 02a57721o0004c 0xc00800
57721.192396 18.944322      NaN  -14    32 c    0   0.91 7.00081 -4.55466  4003.19  7108.98 3.75 3.70  58.8 -0.422    18.88 20.08 02a57721o0005c 0xc00800
57721.192910 19.051202      NaN   -9    29 c    0   1.01 7.00081 -4.55466  4003.08  7108.89 3.72 3.66  51.4 -0.425    18.95 20.19 02a57721o0006c 0xc00800
57721.193414 19.076453      NaN   13    24 c    0   1.32 7.00081 -4.55466  4002.94  7108.78 3.96 3.85  67.1 -0.401    18.96 20.30 02a57721o0007c 0xc00800
57721.193928 18.631975      NaN   47    27 c    0   0.69 7.00081 -4.55466  4002.84  7108.66 3.83 3.75  54.1 -0.408    19.05 20.40 02a57721o0008c 0xc00900
57721.194445 19.076453      NaN   19    22 c    0   1.06 7.00081 -4.55466  4002.73  7108.56 3.75 3.68  53.7 -0.417    19.12 20.50 02a57721o0009c 0xc00800
57721.194967 19.128787      NaN   12    23 c    0   0.99 7.00081 -4.55466  4002.65  7108.50 3.84 3.76  52.0 -0.409    19.15 20.60 02a57721o0010c 0xc00800
57721.195470 19.102305      NaN   23    20 c    0   1.00 7.00081 -4.55466  4002.57  7108.46 3.77 3.69  57.4 -0.412    19.21 20.69 02a57721o0011c 0xc00800
57744.282551 19.454622      NaN    6    18 c    0   1.10 7.00081 -4.55466  6495.92  9703.82 3.68 3.61 -12.6 -0.426    19.48 21.27 02a57744o0190c 0xc00800
57744.294520 19.454622      NaN   -4    20 c    0   0.77 7.00081 -4.55466  6478.05  9663.33 3.55 3.40 -23.1 -0.427    19.49 21.26 02a57744o0213c 0xc00800
57744.300203 18.640491      NaN   46    27 c    0   0.62 7.00081 -4.55466  3948.36    56.39 3.92 3.77 -35.8 -0.413    19.48 21.24 02a57744o0224c 0xc00900
57744.306956 19.419021      NaN    8    18 c    0   1.16 7.00081 -4.55466  6537.22  9740.96 3.51 3.33 -22.9 -0.394    19.48 21.24 02a57744o0237c 0xc00800
57744.319434 19.569016      NaN  -12    18 c    0   1.17 7.00081 -4.55466  6559.63  9623.19 3.89 3.80   9.5 -0.436    19.41 21.23 02a57744o0261c 0xc00800
57752.256811 16.286693      NaN -290   370 c    0   1.03 7.00081 -4.55466  2604.14  1009.34 4.08 3.94 -68.4 -0.439    16.51 18.04 02a57752o0093c 0xc00802
57752.270395 17.858399      NaN   45    72 c    0   0.98 7.00081 -4.55466  2585.42   968.90 4.28 4.08 -28.8 -0.409    17.91 19.61 02a57752o0120c 0xc00800
57752.284481 15.299302      NaN  488   756 c    0   1.07 7.00081 -4.55466  2645.93  1045.12 4.08 3.92 -23.9 -0.443    15.53 17.03 02a57752o0148c 0xc00802
57752.299319 15.488623      NaN  881   478 c    0   1.05 7.00081 -4.55466  2666.97   926.27 4.02 3.91 -35.9 -0.422    16.78 18.31 02a57752o0177c 0xc00802
57756.237465 19.510313      NaN  -18    19 c    0   1.03 7.00081 -4.55466  7482.89  9337.48 3.53 3.41 -29.8 -0.430    19.35 20.98 02a57756o0091c 0xc00800
57756.251347 18.967180      NaN   34    20 c    0   0.88 7.00081 -4.55466  7464.52  9296.58 3.51 3.38 -48.6 -0.426    19.34 20.95 02a57756o0117c 0xc00800
57756.264725 19.569016      NaN  -23    18 c    0   1.28 7.00081 -4.55466  7527.51  9372.45 3.49 3.34 -48.7 -0.415    19.33 20.92 02a57756o0141c 0xc00800
57756.278549 19.384550      NaN    1    21 c    0   1.19 7.00081 -4.55466  7547.42  9253.42 3.50 3.39 -40.1 -0.429    19.30 20.88 02a57756o0167c 0xc00800
57756.293009 19.351140      NaN    6    20 c    0   1.14 7.00081 -4.55466  7509.00  9312.69 3.59 3.54 -34.0 -0.468    19.26 20.84 02a57756o0193c 0xc00800
57776.222204 19.510313      NaN  -34    19 c    0   1.12 7.00081 -4.55466  3448.85   421.74 3.96 3.76 -75.0 -0.401    19.22 20.75 02a57776o0021c 0xc00800
57776.229112 19.089302      NaN   12    24 c    0   0.69 7.00081 -4.55466  6036.54 10108.87 3.53 2.98  -7.1 -0.454    19.27 20.92 02a57776o0035c 0xc00800
57776.230710 19.510313      NaN   -6    19 c    0   0.90 7.00081 -4.55466  3430.05   381.68 3.92 3.78 -68.4 -0.401    19.24 20.84 02a57776o0038c 0xc00800
57776.240117 18.978793      NaN   -8    31 c    0   1.25 7.00081 -4.55466  6018.59 10067.42 3.61 3.19   0.2 -0.400    18.87 20.56 02a57776o0057c 0xc00800
57776.241218 18.702047      NaN   -8    40 c    0   0.99 7.00081 -4.55466  3489.55   458.85 3.91 3.76 -72.9 -0.407    17.94 19.48 02a57776o0059c 0xc00800
57776.252003 19.256669      NaN  -17    24 c    0   0.86 7.00081 -4.55466  6078.37 10144.90 3.73 3.37   6.6 -0.390    19.17 20.85 02a57776o0081c 0xc00800
57776.253545 18.796518      NaN   32    26 c    0   1.09 7.00081 -4.55466  3511.98   339.72 3.95 3.83 -29.7 -0.418    18.98 20.55 02a57776o0084c 0xc00800
57776.266127 16.929579      NaN  212   134 c    0   0.82 7.00081 -4.55466  3473.71   396.74 3.90 3.82 -36.2 -0.403    18.31 19.95 02a57776o0109c 0xc00900
57780.219042 19.212347      NaN  -12    25 c    0   1.10 7.00081 -4.55466  3298.20  1963.19 4.23 4.07   9.3 -0.361    18.91 20.33 02a57780o0012c 0xc00800
57780.226922 19.401649      NaN    3    20 c    0   1.28 7.00081 -4.55466  3278.11  1923.66 4.33 4.02   3.1 -0.353    19.10 20.76 02a57780o0028c 0xc00800
57780.234869 19.351140      NaN  -41    22 c    0   0.91 7.00081 -4.55466  3336.61  2000.92 4.17 4.02   6.7 -0.358    19.15 20.81 02a57780o0044c 0xc00800
57780.245849 19.351140      NaN   -4    22 c    0   1.06 7.00081 -4.55466  3359.63  1882.44 4.07 4.04 -77.0 -0.369    19.15 20.80 02a57780o0066c 0xc00800
57982.557806 20.449472      NaN   -4     8 c    0   1.29 7.00081 -4.55466  2942.83   552.21 2.64 2.37  58.7 -0.421    19.76 21.46 02a57982o0621c 0xc00800
57982.562282 20.207197      NaN   -8    10 c    0   1.12 7.00081 -4.55466  5539.19 10238.51 2.61 2.43  20.6 -0.438    19.77 21.45 02a57982o0629c 0xc00800
57982.567440 20.321591      NaN   -6     9 c    0   0.95 7.00081 -4.55466  2924.74   512.87 2.58 2.29  59.0 -0.427    19.76 21.43 02a57982o0639c 0xc00800
57982.571889 20.321591      NaN   -8     9 c    0   1.50 7.00081 -4.55466  5521.11 10200.26 2.57 2.39  18.6 -0.432    19.74 21.42 02a57982o0647c 0xc00800
57982.576424 20.321591      NaN   -6     9 c    0   1.24 7.00081 -4.55466  2985.70   592.49 2.61 2.33  58.7 -0.432    19.77 21.42 02a57982o0656c 0xc00800
57982.580655 20.207197      NaN   -3    10 c    0   1.26 7.00081 -4.55466  5580.63 10279.32 2.66 2.50  23.5 -0.426    19.74 21.41 02a57982o0664c 0xc00800
57982.585891 20.321591      NaN   -9     9 c    0   0.84 7.00081 -4.55466  3006.32   475.81 2.59 2.32  57.2 -0.586    19.77 21.42 02a57982o0674c 0xc00800
57982.589949 19.841877      NaN    9    11 c    0   1.02 7.00081 -4.55466  5601.20 10163.12 2.56 2.45  10.5 -0.448    19.73 21.41 02a57982o0682c 0xc00800
57986.549198 20.009244      NaN   15     7 c    0   1.13 7.00081 -4.55466  5879.20  2785.68 2.52 2.42 -85.3 -0.408    19.77 21.57 02a57986o0585c 0xc00800
57986.558747 20.449472      NaN   -4     8 c    0   0.91 7.00081 -4.55466  5860.67  2747.25 2.52 2.41  87.9 -0.409    19.80 21.60 02a57986o0603c 0xc00800
57986.567677 20.244005      NaN    5     8 c    0   1.02 7.00081 -4.55466  5920.08  2826.13 2.58 2.46 -87.4 -0.404    19.74 21.59 02a57986o0620c 0xc00800
57986.578183 19.051202      NaN    9    26 c    0   1.13 7.00081 -4.55466  5941.29  2711.97 2.78 2.65 -86.4 -0.394    18.46 20.32 02a57986o0638c 0xc00800
58018.421483 20.321591      NaN   -7     9 c    0   0.96 7.00081 -4.55466  6154.45  5963.04 2.78 2.57 -34.7 -0.384    19.67 21.42 02a58018o0137c 0xc00800
58018.429987 20.449472      NaN   -4     8 c    0   1.41 7.00081 -4.55466  6179.65  6003.29 2.76 2.50 -41.9 -0.385    19.70 21.44 02a58018o0155c 0xc00800
58018.437223 20.321591      NaN   -1     9 c    0   1.22 7.00081 -4.55466  6121.46  5926.98 2.74 2.46 -36.7 -0.386    19.71 21.48 02a58018o0170c 0xc00800
58018.444007 20.449472      NaN    0     8 c    0   1.34 7.00081 -4.55466  6101.23  6045.03 2.75 2.49 -42.3 -0.381    19.70 21.47 02a58018o0184c 0xc00800
58074.335671 20.207197      NaN    9     7 c    0   1.15 7.00081 -4.55466  5272.74  5278.09 2.46 2.29  45.6 -0.451    19.72 21.52 02a58074o0216c 0xc00900
58074.343680 20.405150      NaN    1     8 c    0   1.12 7.00081 -4.55466  5252.99  5240.56 2.55 2.41  52.9 -0.436    19.70 21.53 02a58074o0233c 0xc00800
58074.351674 20.207197      NaN   -3    10 c    0   0.73 7.00081 -4.55466  5311.75  5317.62 2.55 2.39  51.2 -0.449    19.69 21.50 02a58074o0250c 0xc00800
58074.359742 20.449472      NaN   -7     8 c    0   1.13 7.00081 -4.55466  5332.74  5201.02 2.55 2.40  56.1 -0.444    19.69 21.50 02a58074o0267c 0xc00800
58078.329330 20.594452      NaN    0     7 c    0   1.27 7.00081 -4.55466  6006.42  5512.69 2.35 2.25  56.3 -0.450    19.81 21.59 02a58078o0314c 0xc00800
58078.337321 20.594452      NaN  -24     7 c    0   1.08 7.00081 -4.55466  5988.16  5475.56 2.36 2.28  55.1 -0.445    19.76 21.59 02a58078o0331c 0xc00900
58078.353389 20.321591      NaN    3     8 c    0   0.95 7.00081 -4.55466  6066.36  5435.72 2.38 2.31  67.0 -0.440    19.79 21.59 02a58078o0365c 0xc00800
58082.312595 19.979496      NaN    1    12 c    0   0.95 7.00081 -4.55466  4901.10  7795.25 2.50 2.37  21.4 -0.475    19.44 20.77 02a58082o0283c 0xc00800
58082.320496 18.298627      NaN -133    58 c    0   1.23 7.00081 -4.55466  4882.54  7756.33 2.67 2.57  27.1 -0.472    17.73 18.83 02a58082o0300c 0xc00900
58082.328598 17.675104      NaN -153   103 c    0   1.09 7.00081 -4.55466  4942.52  7833.58 2.54 2.41  18.9 -0.455    16.70 17.79 02a58082o0317c 0xc00800
58110.287877 20.321591      NaN   -3     9 c    0   1.34 7.00081 -4.55466  6203.24  6632.30 2.48 2.40 -65.3 -0.416    19.64 21.19 02a58110o0205c 0xc00800
58110.295906 20.207197      NaN   -9    10 c    0   0.82 7.00081 -4.55466  6223.99  6515.72 2.49 2.39 -65.5 -0.413    19.62 21.19 02a58110o0222c 0xc00800
58134.268091 19.816329      NaN    7    12 c    0   0.74 7.00081 -4.55466  6041.82  7227.31 2.46 2.37 -22.9 -0.464    19.58 21.23 02a58134o0154c 0xc00800
58134.277869 20.071303      NaN    4    10 c    0   1.27 7.00081 -4.55466  6024.19  7187.32 2.51 2.39 -12.6 -0.466    19.50 21.17 02a58134o0175c 0xc00800
58134.287498 19.979496      NaN    4    11 c    0   0.93 7.00081 -4.55466  6081.73  7265.09 2.50 2.37 -15.4 -0.470    19.48 21.13 02a58134o0196c 0xc00800
58134.297239 20.207197      NaN   -8    10 c    0   1.58 7.00081 -4.55466  6101.63  7148.68 2.52 2.37 -15.9 -0.456    19.40 21.08 02a58134o0217c 0xc00800
58162.216263 17.185646      NaN  143   114 c    0   1.30 7.00081 -4.55466  4820.89  5790.32 2.62 2.56 -68.9 -0.435    16.95 17.93 02a58162o0023c 0xc00800
58162.220055 18.438271      NaN  -20    51 c    0   0.95 7.00081 -4.55466  4801.73  5752.43 2.58 2.54 -51.5 -0.408    17.88 18.87 02a58162o0031c 0xc00800
58162.226124 19.142275      NaN   14    22 c    0   0.93 7.00081 -4.55466  4858.84  5830.88 2.52 2.46 -55.8 -0.415    18.76 19.89 02a58162o0044c 0xc00800
58162.235176 19.472870      NaN    5    18 c    0   0.95 7.00081 -4.55466  4878.27  5715.28 2.52 2.47 -22.5 -0.423    18.98 20.29 02a58162o0063c 0xc00800
58338.621357 20.207197      NaN   -8    10 c    0   1.09 7.00081 -4.55466  4680.25  7550.54 2.77 2.56 -51.7 -0.401    19.67 21.47 02a58338o0826c 0xc00800
58338.634594 18.623526      NaN  -64    43 c    0   1.26 7.00081 -4.55466  4659.41  7514.52 3.23 2.83 -56.8 -0.344    17.88 19.02 02a58338o0853c 0xc00800
58342.608516 20.244005      NaN    8     7 c    0   1.84 7.00081 -4.55466  4627.31  4766.58 2.63 2.50 -63.5 -0.399    19.75 21.78 02a58342o0807c 0xc00800
58342.619512 20.449472      NaN   -7     8 c    0   1.34 7.00081 -4.55466  4606.84  4728.60 2.65 2.48 -65.5 -0.409    19.73 21.66 02a58342o0830c 0xc00800
58342.630494 19.631075      NaN   -6    17 c    0   0.85 7.00081 -4.55466  4662.93  4807.11 2.59 2.47 -69.2 -0.410    19.07 20.30 02a58342o0853c 0xc00800
58402.466513 20.449472      NaN   -1     8 c    0   1.66 7.00081 -4.55466  4620.73  5646.80 2.53 2.38 -76.8 -0.410    19.70 21.43 02a58402o0377c 0xc00800
58402.477009 19.979496      NaN   10     9 c    0   1.31 7.00081 -4.55466  4600.05  5607.63 2.51 2.34 -68.5 -0.406    19.72 21.43 02a58402o0399c 0xc00800
58402.487166 20.071303      NaN    4    10 c    0   0.86 7.00081 -4.55466  4657.72  5684.87 2.50 2.32 -64.1 -0.409    19.68 21.41 02a58402o0420c 0xc00800
58402.497917 20.594452      NaN   -6     7 c    0   1.67 7.00081 -4.55466  4678.06  5569.76 2.43 2.32 -73.3 -0.422    19.69 21.39 02a58402o0442c 0xc00800
58430.408928 20.321591      NaN   -2     9 c    0   0.96 7.00081 -4.55466  7011.86  7508.30 2.50 2.39 -63.7 -0.424    19.70 21.44 02a58430o0449c 0xc00800
58430.418835 20.207197      NaN  -11    10 c    0   0.70 7.00081 -4.55466  6993.44  7469.49 2.55 2.43 -61.4 -0.417    19.67 21.38 02a58430o0470c 0xc00800
58430.428818 19.950541      NaN    8    10 c    0   0.87 7.00081 -4.55466  7051.61  7547.43 2.57 2.42 -59.6 -0.414    19.64 21.32 02a58430o0491c 0xc00800
58430.438854 19.743105      NaN   13    11 c    0   0.93 7.00081 -4.55466  7070.73  7430.95 2.60 2.43 -62.7 -0.411    19.63 21.28 02a58430o0512c 0xc00800
58434.395053 20.137125      NaN    5     9 c    0   1.13 7.00081 -4.55466  7147.78  7312.54 2.64 2.49 -62.0 -0.417    19.66 21.53 02a58434o0454c 0xc00800
58434.404887 20.321591      NaN   -2     9 c    0   1.03 7.00081 -4.55466  7130.23  7273.13 2.56 2.51 -51.2 -0.425    19.65 21.49 02a58434o0475c 0xc00800
58434.414777 20.405150      NaN    1     8 c    0   1.29 7.00081 -4.55466  7188.77  7351.19 2.53 2.45 -62.3 -0.433    19.65 21.45 02a58434o0496c 0xc00800
58434.424740 20.137125      NaN    2    10 c    0   0.92 7.00081 -4.55466  7208.15  7234.74 2.56 2.44 -58.1 -0.430    19.61 21.39 02a58434o0517c 0xc00800
58454.335294 20.362567      NaN    2     8 c    0   0.76 7.00081 -4.55466  5013.88  4612.64 2.52 2.43 -81.8 -0.415    19.69 21.57 02a58454o0322c 0xc00900
58454.344204 20.449472      NaN   -7     8 c    0   1.06 7.00081 -4.55466  4994.83  4573.53 2.53 2.43 -87.3 -0.410    19.70 21.58 02a58454o0341c 0xc00800
58454.353189 20.103715      NaN   -3    11 c    0   0.92 7.00081 -4.55466  5053.93  4651.16 2.54 2.44 -89.6 -0.411    19.40 21.22 02a58454o0360c 0xc00800
58454.362182 19.868040      NaN    2    13 c    0   1.01 7.00081 -4.55466  5075.15  4535.54 2.54 2.47 -83.3 -0.414    19.23 21.02 02a58454o0379c 0xc00800
58458.339787 20.137125      NaN    2    10 c    0   1.39 7.00081 -4.55466  7297.91  9976.65 2.96 2.87  65.6 -0.394    19.59 21.54 02a58458o0010c 0xc00800
58458.341668 20.103715      NaN   -8    11 c    0   0.85 7.00081 -4.55466  7284.80   254.93 2.82 2.74 -74.3 -0.411    19.60 21.53 02a58458o0014c 0xc00800
58462.313062 20.207197      NaN  -10    10 c    0   0.80 7.00081 -4.55466  5276.64  2285.27 3.01 2.93  81.5 -0.375    19.51 21.52 02a58462o0277c 0xc00800
58462.321532 20.207197      NaN   -3    10 c    0   1.26 7.00081 -4.55466  5257.15  2246.93 3.25 3.17  86.9 -0.377    19.42 21.50 02a58462o0295c 0xc00800
58462.329560 20.207197      NaN  -17    10 c    0   0.92 7.00081 -4.55466  5314.98  2325.14 3.07 3.06  25.1 -0.376    19.45 21.49 02a58462o0312c 0xc00800
58462.338148 20.321591      NaN   -4     9 c    0   1.13 7.00081 -4.55466  5335.90  2208.96 3.05 3.00  67.1 -0.381    19.44 21.47 02a58462o0330c 0xc00800
58486.274407 19.529530      NaN   20    12 c    0   1.02 7.00081 -4.55466  1393.77  8085.04 2.66 2.49 -50.0 -0.408    19.49 21.24 02a58486o0180c 0xc00800
58486.282857 20.009244      NaN   -2    12 c    0   1.08 7.00081 -4.55466  1375.76  8045.93 2.60 2.43 -49.7 -0.414    19.47 21.21 02a58486o0198c 0xc00800
58486.290894 19.696897      NaN   15    11 c    0   1.23 7.00081 -4.55466  1436.07  8122.84 2.61 2.51 -25.2 -0.429    19.43 21.17 02a58486o0215c 0xc00800
58486.299372 19.766969      NaN    6    13 c    0   1.04 7.00081 -4.55466  1458.42  8005.42 2.72 2.57 -34.3 -0.430    19.39 21.13 02a58486o0233c 0xc00800
58490.261754 20.207197      NaN  -10    10 c    0   1.16 7.00081 -4.55466  1411.83  4203.20 2.57 2.51  35.2 -0.415    19.42 21.07 02a58490o0149c 0xc00800
58490.270291 19.743105      NaN   13    11 c    0   1.09 7.00081 -4.55466  1392.85  4163.93 2.49 2.39  35.5 -0.431    19.44 21.04 02a58490o0167c 0xc00900
58490.278386 20.009244      NaN  -18    12 c    0   0.95 7.00081 -4.55466  1453.46  4240.11 2.49 2.40  32.7 -0.442    19.41 21.01 02a58490o0184c 0xc00800
58490.286849 19.868040      NaN    5    12 c    0   1.13 7.00081 -4.55466  1474.19  4122.66 2.65 2.51  28.7 -0.432    19.33 20.99 02a58490o0202c 0xc00800
58494.226034 19.922338      NaN  -17    13 c    0   1.06 7.00081 -4.55466  1410.04  2256.80 2.59 2.47  67.1 -0.406    19.24 20.65 02a58494o0069c 0xc00800
58494.234248 19.922338      NaN  -18    13 c    0   1.14 7.00081 -4.55466  1392.45  2217.11 2.60 2.43  46.3 -0.436    19.27 20.65 02a58494o0086c 0xc00800
58494.242434 19.841877      NaN  -22    14 c    0   1.00 7.00081 -4.55466  1452.50  2295.01 2.60 2.44  56.2 -0.425    19.24 20.62 02a58494o0103c 0xc00800
58494.250464 19.696897      NaN    6    14 c    0   0.97 7.00081 -4.55466  1473.07  2178.03 2.68 2.50  55.9 -0.415    19.19 20.61 02a58494o0120c 0xc00800
58518.226286 19.696897      NaN   -5    16 c    0   1.22 7.00081 -4.55466  9207.49 10068.87 3.16 2.95  70.3 -0.367    19.11 20.62 02a58518o0025c 0xc00800
58518.227662 19.696897      NaN   -3    16 c    0   1.35 7.00081 -4.55466  9165.96   326.60 2.97 2.51 -55.1 -0.383    19.11 20.61 02a58518o0028c 0xc00800
58518.232423 19.719755      NaN    2    15 c    0   1.23 7.00081 -4.55466  9188.55 10028.46 2.99 2.85  89.0 -0.375    19.18 20.75 02a58518o0038c 0xc00800
58518.233883 19.652575      NaN    5    15 c    0   1.28 7.00081 -4.55466  9147.22   287.96 2.87 2.64 -51.5 -0.400    19.17 20.67 02a58518o0041c 0xc00800
58518.239914 19.631075      NaN   -4    17 c    0   0.83 7.00081 -4.55466  9248.14 10107.59 2.99 2.82  82.0 -0.382    19.23 20.75 02a58518o0054c 0xc00800
58518.241816 19.491430      NaN    7    17 c    0   1.32 7.00081 -4.55466  9205.36   366.11 2.74 2.49 -43.3 -0.401    19.25 20.67 02a58518o0058c 0xc00800
58518.248391 19.569016      NaN  -22    18 c    0   0.72 7.00081 -4.55466  9267.40  9989.06 2.87 2.79  78.1 -0.390    19.25 20.73 02a58518o0072c 0xc00800
58518.250283 19.436675      NaN    7    18 c    0   0.94 7.00081 -4.55466  9226.69   246.61 2.84 2.72 -28.9 -0.402    19.19 20.65 02a58518o0076c 0xc00800
58666.568884 20.137125      NaN    5     9 c    0   0.88 7.00081 -4.55466  1181.21  7983.23 2.33 2.20 -23.3 -0.424    19.65 21.53 02a58666o0708c 0xc00800
58666.575744 20.207197      NaN   -8    10 c    0   0.85 7.00081 -4.55466  1205.42  8022.21 2.41 2.27 -31.1 -0.419    19.67 21.54 02a58666o0722c 0xc00800
58666.580173 20.594452      NaN    0     7 c    0   1.41 7.00081 -4.55466  1139.79  7944.21 2.51 2.08 -42.7 -0.455    19.68 21.55 02a58666o0731c 0xc00800
58666.590272 20.321591      NaN  -12     9 c    0   1.06 7.00081 -4.55466  1123.02  8062.40 2.46 2.24 -38.6 -0.427    19.70 21.55 02a58666o0752c 0xc00800
58694.507664 20.449472      NaN   -5     8 c    0   1.49 7.00081 -4.55466  8945.05  7607.03 2.63 2.54  57.0 -0.395    19.81 21.73 02a58694o0565c 0xc00800
58694.510879 20.449472      NaN   -8     8 c    0   1.31 7.00081 -4.55466  8964.38  7646.42 2.62 2.52  59.6 -0.393    19.77 21.72 02a58694o0572c 0xc00800
58694.517343 20.449472      NaN   -8     8 c    0   1.76 7.00081 -4.55466  8907.67  7568.05 2.66 2.51 -68.5 -0.396    19.78 21.74 02a58694o0586c 0xc00800
58694.527474 20.449472      NaN   -8     8 c    0   0.98 7.00081 -4.55466  8886.16  7686.53 2.79 2.68 -78.2 -0.384    19.75 21.77 02a58694o0608c 0xc00800
58702.474493 20.207197      NaN    3     9 c    0   1.13 7.00081 -4.55466  8853.36  5658.81 2.58 2.36  41.5 -0.388    19.78 21.67 02a58702o0496c 0xc00800
58702.477699 19.894850      NaN   13     9 c    0   1.20 7.00081 -4.55466  8872.34  5697.69 2.58 2.35  41.6 -0.389    19.76 21.67 02a58702o0503c 0xc00800
58702.487690 20.405150      NaN    1     8 c    0   1.07 7.00081 -4.55466  8811.66  5621.92 2.52 2.41  46.9 -0.392    19.75 21.69 02a58702o0523c 0xc00800
58702.493666 20.137125      NaN    5     9 c    0   0.90 7.00081 -4.55466  8790.55  5739.14 2.55 2.41  50.4 -0.391    19.77 21.71 02a58702o0535c 0xc00800
58706.472013 17.809593      NaN  -96    91 c    0   1.01 7.00081 -4.55466  9063.83  9552.13 2.93 2.70  11.9 -0.423    17.13 18.04 02a58706o0464c 0xc00800
58706.475256 16.553701      NaN  190   226 c    0   1.15 7.00081 -4.55466  9083.84  9591.95 2.79 2.72  24.0 -0.396    16.37 17.18 02a58706o0471c 0xc00802
58706.481286 17.271805      NaN   40   136 c    0   1.06 7.00081 -4.55466  9025.24  9513.35 2.71 2.56  51.8 -0.385    17.03 17.81 02a58706o0484c 0xc00800
58706.493377 18.757738      NaN  -18    38 c    0   1.20 7.00081 -4.55466  9006.89  9631.41 2.70 2.61  63.5 -0.383    18.05 18.94 02a58706o0509c 0xc00800
58726.468564 19.841877      NaN   18     8 c    0   1.24 7.00081 -4.55466  3150.36  7875.71 2.39 2.33 -26.1 -0.398    19.74 21.59 02a58726o0518c 0xc00800
58726.471811 20.321591      NaN    0     9 c    0   1.10 7.00081 -4.55466  3169.04  7914.26 2.42 2.34 -34.4 -0.393    19.72 21.59 02a58726o0525c 0xc00800
58726.478521 20.321591      NaN  -11     9 c    0   1.15 7.00081 -4.55466  3109.91  7836.78 2.35 2.28 -24.8 -0.402    19.63 21.43 02a58726o0539c 0xc00800
58726.489893 20.207197      NaN   -4    10 c    0   1.30 7.00081 -4.55466  3088.23  7952.97 2.36 2.26 -20.7 -0.402    19.61 21.44 02a58726o0563c 0xc00800
58730.482713 20.282105      NaN    7     7 c    0   1.82 7.00081 -4.55466  2795.96  4005.40 2.37 2.33   8.7 -0.402    19.71 21.45 02a58730o0552c 0xc00800
58730.487461 20.207197      NaN    3     9 c    0   1.04 7.00081 -4.55466  2815.75  4042.00 2.32 2.28  -6.6 -0.405    19.69 21.46 02a58730o0562c 0xc00800
58730.492694 20.244005      NaN    5     8 c    0   1.20 7.00081 -4.55466  2757.21  3964.68 2.34 2.33   3.6 -0.404    19.75 21.49 02a58730o0573c 0xc00800
58730.502560 20.449472      NaN   -1     8 c    0   0.85 7.00081 -4.55466  2740.18  4079.70 2.35 2.28 -60.2 -0.407    19.75 21.51 02a58730o0594c 0xc00800
58750.535613 20.103715      NaN  -17    11 c    0   0.99 7.00081 -4.55466  5455.84  9079.83 2.55 2.48  61.5 -0.400    19.61 21.32 02a58750o0659c 0xc00800
58750.539591 20.207197      NaN  -18    10 c    0   1.16 7.00081 -4.55466  5439.59  9043.45 2.58 2.52  69.5 -0.400    19.59 21.30 02a58750o0666c 0xc00800
58750.546022 20.009244      NaN   -3    12 c    0   0.84 7.00081 -4.55466  5494.32  9119.58 2.67 2.51  54.7 -0.392    19.60 21.27 02a58750o0679c 0xc00800
58750.556933 20.009244      NaN  -13    12 c    0   0.78 7.00081 -4.55466  5514.76  9003.26 2.71 2.53  54.1 -0.391    19.52 21.19 02a58750o0701c 0xc00800
58778.374079 20.009244      NaN  -13    12 c    0   1.38 7.00081 -4.55466  9488.84  4522.91 2.51 2.39 -74.0 -0.404    19.33 21.02 02a58778o0337c 0xc00800
58778.377677 20.103715      NaN   -7    11 c    0   1.64 7.00081 -4.55466  9468.46  4483.53 2.52 2.43 -83.8 -0.393    19.34 21.02 02a58778o0344c 0xc00900
58778.383970 19.922338      NaN   -7    13 c    0   1.26 7.00081 -4.55466  9525.29  4560.75 2.55 2.38 -74.0 -0.402    19.26 20.94 02a58778o0357c 0xc00800
58778.399501 19.868040      NaN    5    12 c    0   0.90 7.00081 -4.55466  9539.32  4447.17 2.49 2.38 -86.0 -0.402    19.42 21.03 02a58778o0389c 0xc00900
58782.369868 17.909502      NaN  -99    83 c    0   1.08 7.00081 -4.55466  9486.86  4519.90 3.60 3.47  20.9 -0.215    17.32 19.16 02a58782o0356c 0xc00900
58782.373429 17.913871      NaN   74    58 c    0   0.99 7.00081 -4.55466  1117.22  6083.77 2.39 2.19 -49.9 -0.410    17.84 19.25 02a58782o0363c 0xc00900
58782.398030 17.809593      NaN  -25    91 c    0   1.31 7.00081 -4.55466  9518.13  4561.18 2.62 2.55 -66.7 -0.417    17.15 18.61 02a58782o0377c 0xc00800
58782.405201 17.163487      NaN   -6   165 c    0   1.07 7.00081 -4.55466  9538.50  4446.38 2.48 2.42  55.4 -0.420    16.77 18.20 02a58782o0392c 0xc00802
58814.314889 20.321591      NaN   -3     9 c    0   0.86 7.00081 -4.55466  7551.17  4620.48 2.58 2.45  89.3 -0.389    19.62 21.55 02a58814o0201c 0xc00800
58814.318099 20.039830      NaN   11     8 c    0   1.13 7.00081 -4.55466  7531.52  4583.70 2.56 2.46  74.6 -0.388    19.62 21.54 02a58814o0208c 0xc00800
58814.323283 19.743105      NaN    4    14 c    0   1.04 7.00081 -4.55466  7589.44  4659.63 2.58 2.47 -88.7 -0.383    19.26 21.14 02a58814o0219c 0xc00800
58814.333507 18.767304      NaN   41    24 c    0   0.97 7.00081 -4.55466  7608.88  4544.83 2.52 2.42 -85.3 -0.392    18.59 20.35 02a58814o0241c 0xc00800
58818.331885 17.439172      NaN   -6   128 c    0   0.79 7.00081 -4.55466  7418.66  8983.92 3.11 2.87 -59.1 -0.407    16.65 18.37 02a58818o0318c 0xc00800
58818.334795 16.693689      NaN   91   224 c    0   1.04 7.00081 -4.55466  7400.69  8944.81 2.94 2.68 -54.3 -0.420    16.14 17.78 02a58818o0324c 0xc00802
58818.340529 17.112082      NaN -287   173 c    0   0.98 7.00081 -4.55466  7458.70  9022.63 2.91 2.69 -58.6 -0.418    16.45 18.04 02a58818o0336c 0xc00802
58818.350698 15.669914      NaN  240   573 c    0   0.75 7.00081 -4.55466  7477.57  8909.10 2.96 2.71 -53.1 -0.423    15.37 16.91 02a58818o0358c 0xc00802
58846.246246 20.321591      NaN   -4     9 c    0   0.99 7.00081 -4.55466  7343.96   735.78 2.62 2.25 -58.1 -0.411    19.66 21.38 02a58846o0131c 0xc00800
58846.249534 20.207197      NaN  -14    10 c    0   0.67 7.00081 -4.55466  7326.11   696.72 2.62 2.23 -57.5 -0.409    19.68 21.39 02a58846o0138c 0xc00800
58846.256312 20.282105      NaN    4     8 c    0   1.74 7.00081 -4.55466  7386.77   774.70 2.65 2.27 -57.4 -0.406    19.66 21.41 02a58846o0151c 0xc00800
58846.266480 20.171596      NaN    1    10 c    0   0.94 7.00081 -4.55466  7409.85   658.88 2.62 2.19 -54.6 -0.411    19.69 21.42 02a58846o0173c 0xc00800
58870.208556 18.847027      NaN  -69    35 c    0   1.15 7.00081 -4.55466  9391.14  2588.69 2.31 2.29 -30.2 -0.412    18.14 19.04 02a58870o0029c 0xc00900
58870.212214 19.419021      NaN    2    20 c    0   1.31 7.00081 -4.55466  9371.90  2551.10 2.33 2.28 -43.0 -0.398    18.85 19.88 02a58870o0037c 0xc00800
58870.219128 19.609992      NaN   16    12 c    0   0.92 7.00081 -4.55466  9431.01  2627.91 2.41 2.27 -52.1 -0.399    19.38 20.73 02a58870o0052c 0xc00800
58870.232073 20.103715      NaN   -3    11 c    0   1.08 7.00081 -4.55466  9451.82  2510.05 2.40 2.25 -49.1 -0.407    19.50 20.96 02a58870o0080c 0xc00800
58874.241590 19.816329      NaN    7    12 c    0   1.23 7.00081 -4.55466  9359.79  8903.90 2.71 2.62 -66.6 -0.380    19.44 20.91 02a58874o0096c 0xc00800
58874.244453 19.841877      NaN  -14    14 c    0   1.13 7.00081 -4.55466  9339.54  8865.12 2.73 2.61  53.3 -0.373    19.43 20.91 02a58874o0102c 0xc00800
58874.249684 19.766969      NaN  -43    15 c    0   0.86 7.00081 -4.55466  9399.98  8942.79 2.71 2.59 -57.7 -0.380    19.45 20.89 02a58874o0113c 0xc00900
58874.259437 19.652575      NaN    5    15 c    0   0.90 7.00081 -4.55466  9419.87  8824.75 2.69 2.60 -53.6 -0.377    19.42 20.87 02a58874o0134c 0xc00800
58998.586978 19.766969      NaN  -16    15 c    0   1.09 7.00081 -4.55466  6644.10  3821.51 2.90 2.40  35.2 -0.383    19.07 20.72 02a58998o0745c 0xc00800
58998.594057 19.841877      NaN   -3    14 c    0   1.13 7.00081 -4.55466  6663.02  3859.18 2.84 2.39  34.2 -0.387    19.16 20.75 02a58998o0760c 0xc00800
58998.611127 18.526952      NaN   54    29 c    0   1.19 7.00081 -4.55466  6605.61  3781.26 2.82 2.38  35.5 -0.380    18.43 19.54 02a58998o0797c 0xc00800
58998.617595 18.336727      NaN  -36    56 c    0   1.08 7.00081 -4.55466  6585.92  3897.44 2.85 2.44  35.8 -0.370    17.69 18.41 02a58998o0811c 0xc00800
59022.583769 18.311179      NaN   16    52 c    0   1.45 7.00081 -4.55466  3151.25  1581.61 2.47 2.36  60.2 -0.404    17.65 19.33 02a59022o0733c 0xc00800
59022.601841 18.675237      NaN  -34    41 c    0   1.03 7.00081 -4.55466  3168.78  1621.20 2.49 2.35  55.3 -0.411    18.05 19.71 02a59022o0772c 0xc00800
59022.607371 17.935984      NaN  -18    81 c    0   1.53 7.00081 -4.55466  3109.21  1543.29 2.39 2.34  80.5 -0.404    17.10 18.64 02a59022o0784c 0xc00800
59022.615745 15.845813      NaN  601   355 c    0   1.65 7.00081 -4.55466  3089.77  1660.76 2.43 2.36  61.6 -0.402    15.44 16.47 02a59022o0802c 0xc00802
59030.556804 20.207197      NaN  -13    10 c    0   1.06 7.00081 -4.55466  5065.44  7782.32 2.47 2.37  36.8 -0.402    19.58 21.25 02a59030o0665c 0xc00800
59030.560007 20.207197      NaN  -12    10 c    0   1.06 7.00081 -4.55466  5082.67  7821.09 2.44 2.37  39.7 -0.406    19.60 21.26 02a59030o0672c 0xc00800
59030.566429 19.950541      NaN    8    10 c    0   1.33 7.00081 -4.55466  5024.32  7743.44 2.50 2.45  37.4 -0.400    19.57 21.28 02a59030o0686c 0xc00800
59030.577904 20.282105 0.348987   28     9 c    0   1.25 7.00081 -4.55466  5004.22  7859.71 2.47 2.43  45.9 -0.404    19.60 21.33 02a59030o0711c 0xc00900
59050.557097 20.449472      NaN    3     7 c    0   1.48 7.00081 -4.55466  6906.24  5750.79 2.64 2.32  38.9 -0.395    19.70 21.68 02a59050o0676c 0xc00900
59050.561248 20.282105      NaN    1     9 c    0   1.18 7.00081 -4.55466  6926.69  5788.51 2.62 2.39  37.4 -0.394    19.72 21.68 02a59050o0685c 0xc00800
59050.567692 20.009244      NaN    9     9 c    0   1.05 7.00081 -4.55466  6868.75  5711.19 2.61 2.34  38.3 -0.400    19.70 21.67 02a59050o0699c 0xc00800
59050.579740 20.171596      NaN    4     9 c    0   1.24 7.00081 -4.55466  6849.26  5828.40 2.58 2.33  37.5 -0.395    19.74 21.69 02a59050o0725c 0xc00800
59058.516076 20.321591      NaN  -22     9 c    0   0.99 7.00081 -4.55466  7061.17  1386.59 2.44 2.39  74.0 -0.400    19.64 21.54 02a59058o0586c 0xc00900
59058.517924 20.321591      NaN   -4     9 c    0   1.14 7.00081 -4.55466  7080.11  1425.37 2.55 2.48  56.9 -0.394    19.60 21.53 02a59058o0590c 0xc00800
59058.520738 20.207197      NaN   -5    10 c    0   0.78 7.00081 -4.55466  7022.14  1347.51 2.53 2.48 -79.8 -0.398    19.59 21.52 02a59058o0596c 0xc00800
59058.527639 20.321591      NaN   -2     9 c    0   0.91 7.00081 -4.55466  7001.11  1463.55 2.51 2.40  45.8 -0.395    19.60 21.48 02a59058o0611c 0xc00800
59078.509917 20.207197      NaN    6     8 c    0   1.41 7.00081 -4.55466  1212.24  1660.45 2.48 2.26 -61.0 -0.420    19.72 21.66 02a59078o0602c 0xc00800
59078.515147 20.244005      NaN    8     7 c    0   1.82 7.00081 -4.55466  1231.12  1699.49 2.46 2.28 -59.9 -0.417    19.65 21.61 02a59078o0613c 0xc00800
59078.517447 20.039830      NaN   11     8 c    0   1.32 7.00081 -4.55466  1171.74  1619.68 2.44 2.28 -59.5 -0.422    19.70 21.64 02a59078o0618c 0xc00800
59078.527536 20.039830      NaN    5    10 c    0   0.79 7.00081 -4.55466  1152.59  1737.18 2.57 2.43 -60.8 -0.408    19.62 21.66 02a59078o0639c 0xc00800
59082.489741 20.449472      NaN   -3     8 c    0   1.52 7.00081 -4.55466   841.68  4092.10 2.58 2.34 -12.7 -0.399    19.66 21.62 02a59082o0565c 0xc00800
59082.492960 20.405150      NaN    1     8 c    0   1.07 7.00081 -4.55466   861.30  4130.48 2.42 2.24 -38.4 -0.413    19.70 21.61 02a59082o0572c 0xc00800
59082.498801 20.647425      NaN    2     6 c    0   1.69 7.00081 -4.55466   798.84  4055.08 2.42 2.25 -50.3 -0.413    19.72 21.61 02a59082o0584c 0xc00800
59082.512690 20.137125      NaN   11     7 c    0   1.48 7.00081 -4.55466   782.36  4171.36 2.40 2.21 -49.7 -0.413    19.72 21.60 02a59082o0614c 0xc00800
59086.488552 20.362567      NaN    2     8 c    0   1.00 7.00081 -4.55466   843.76  4089.85 2.35 2.22 -43.2 -0.415    19.72 21.65 02a59086o0023c 0xc00800
59086.492226 19.841877      NaN   18     8 c    0   1.44 7.00081 -4.55466   864.10  4129.05 2.37 2.18 -50.5 -0.421    19.76 21.64 02a59086o0031c 0xc00900
59086.494992 20.321591      NaN    3     8 c    0   1.08 7.00081 -4.55466   805.17  4052.72 2.35 2.16 -49.8 -0.412    19.74 21.64 02a59086o0037c 0xc00800
59086.500057 20.594452      NaN   -2     7 c    0   1.08 7.00081 -4.55466   785.07  4168.98 2.37 2.14 -52.2 -0.416    19.71 21.64 02a59086o0048c 0xc00800
59105.394287 20.449472      NaN   -4     8 c    0   1.68 7.00081 -4.55466  8854.41  5657.74 2.59 2.51  42.8 -0.391    19.64 21.58 02a59105o0393c 0xc00800
59105.428950 20.449472      NaN    0     8 c    0   1.03 7.00081 -4.55466  8870.44  5702.31 2.60 2.37  31.7 -0.386    19.70 21.63 02a59105o0467c 0xc00800
59105.432172 20.495680      NaN    2     7 c    0   1.37 7.00081 -4.55466  8813.62  5623.83 2.68 2.38  31.9 -0.383    19.69 21.63 02a59105o0474c 0xc00800
59105.437685 20.171596      NaN    7     8 c    0   1.12 7.00081 -4.55466  8795.30  5739.19 2.49 2.42  54.3 -0.394    19.78 21.64 02a59105o0486c 0xc00800
59106.493945 20.321591      NaN  -11     9 c    0   0.91 7.00081 -4.55466  1518.89  1001.43 2.54 2.37 -66.3 -0.452    19.63 21.66 02a59106o0611c 0xc00800
59106.497655 20.207197      NaN  -10    10 c    0   1.03 7.00081 -4.55466  1499.16   961.39 2.63 2.40 -64.6 -0.429    19.66 21.63 02a59106o0619c 0xc00800
59106.503164 20.321591      NaN   -2     9 c    0   1.30 7.00081 -4.55466  1558.16  1039.01 2.55 2.35 -65.1 -0.435    19.65 21.63 02a59106o0631c 0xc00800
59106.538144 20.321591      NaN  -11     9 c    0   1.16 7.00081 -4.55466  1577.05   923.50 2.51 2.33 -63.9 -0.435    19.68 21.63 02a59106o0706c 0xc00800
59110.466330 20.321591      NaN    0     9 c    0   1.12 7.00081 -4.55466  1518.92  1001.66 2.57 2.42 -79.3 -0.427    19.59 21.53 02a59110o0554c 0xc00800
59110.493907 20.207197      NaN   -8    10 c    0   0.81 7.00081 -4.55466  1495.39   963.63 2.44 2.32 -85.9 -0.432    19.62 21.48 02a59110o0613c 0xc00800
59110.522472 20.321591      NaN  -16     9 c    0   1.10 7.00081 -4.55466  1554.65  1044.06 2.39 2.24  80.1 -0.437    19.59 21.44 02a59110o0674c 0xc00800
59110.547285 20.449472      NaN  -12     8 c    0   1.25 7.00081 -4.55466  1572.15   926.74 2.40 2.26  81.9 -0.436    19.58 21.41 02a59110o0727c 0xc00800
59114.469633 20.039830      NaN    5    10 c    0   1.10 7.00081 -4.55466  1964.20  6831.72 2.53 2.37  40.5 -0.404    19.56 21.36 02a59114o0565c 0xc00800
59114.473301 20.207197      NaN   -4    10 c    0   0.97 7.00081 -4.55466  1943.64  6789.86 2.55 2.35  42.3 -0.399    19.56 21.37 02a59114o0573c 0xc00800
59114.508835 20.244005      NaN    2     9 c    0   1.59 7.00081 -4.55466  1995.51  6871.42 2.55 2.43  52.2 -0.390    19.54 21.40 02a59114o0649c 0xc00800
59114.536609 20.009244      NaN  -13    12 c    0   0.90 7.00081 -4.55466  2016.04  6755.91 2.61 2.50  50.9 -0.390    19.45 21.29 02a59114o0708c 0xc00800
59133.419422 20.449472      NaN  -22     8 c    0   1.38 7.00081 -4.55466  7771.49  6560.45 2.77 2.53  48.8 -0.387    19.68 21.58 02a59133o0427c 0xc00900
59133.422625 20.321591      NaN  -13     9 c    0   1.06 7.00081 -4.55466  7752.82  6521.93 2.76 2.54  52.0 -0.387    19.66 21.56 02a59133o0434c 0xc00800
59133.429491 20.137125      NaN    8     8 c    0   1.16 7.00081 -4.55466  7811.85  6599.79 2.84 2.48  45.2 -0.379    19.68 21.55 02a59133o0449c 0xc00800
59133.441830 20.071303      NaN    4    10 c    0   0.74 7.00081 -4.55466  7833.18  6483.86 2.76 2.46  45.0 -0.383    19.66 21.58 02a59133o0475c 0xc00800
59138.413220 19.491430      NaN   19    13 c    0   1.58 7.00081 -4.55466  3560.43  2869.65 2.42 2.29  53.3 -0.405    19.23 21.00 02a59138o0483c 0xc00900
59138.416439 19.051202      NaN  -39    29 c    0   0.95 7.00081 -4.55466  3542.41  2836.15 2.42 2.27  51.3 -0.402    18.39 20.12 02a59138o0490c 0xc00800
59138.423326 18.606822      NaN   32    33 c    0   0.96 7.00081 -4.55466  3598.08  2908.48 2.41 2.26  48.3 -0.405    18.24 19.92 02a59138o0505c 0xc00800
59138.436323 19.302877      NaN   24    15 c    0   0.67 7.00081 -4.55466  3622.06  2795.50 2.42 2.25  54.3 -0.401    19.23 21.00 02a59138o0533c 0xc00800
59142.345735 19.766969      NaN   12    11 c    0   0.70 7.00081 -4.55466  7015.26  7689.77 2.50 2.36  42.8 -0.404    19.75 21.51 02a59142o0342c 0xc00800
59142.357722 20.207197      NaN   -1    10 c    0   0.86 7.00081 -4.55466  7036.40  7729.68 2.60 2.39  41.1 -0.399    19.73 21.50 02a59142o0368c 0xc00800
59142.361413 19.894850      NaN   13     9 c    0   1.11 7.00081 -4.55466  6980.46  7651.75 2.59 2.38  43.0 -0.403    19.71 21.51 02a59142o0376c 0xc00800
59142.364159 20.321591      NaN   -1     9 c    0   0.84 7.00081 -4.55466  6961.52  7768.18 2.58 2.38  40.8 -0.401    19.72 21.52 02a59142o0382c 0xc00800
59161.377913 20.103715      NaN   -2    11 c    0   1.21 7.00081 -4.55466  1544.58  9266.01 2.63 2.47 -67.3 -0.421    19.55 21.31 02a59161o0423c 0xc00800
59161.389830 20.207197      NaN   -3    10 c    0   1.24 7.00081 -4.55466  1524.80  9228.93 2.49 2.41 -86.9 -0.419    19.61 21.37 02a59161o0449c 0xc00800
59161.399464 20.009244      NaN   -2    12 c    0   0.67 7.00081 -4.55466  1583.06  9307.02 2.59 2.46 -78.6 -0.419    19.58 21.36 02a59161o0470c 0xc00800
59161.406330 20.103715      NaN  -16    11 c    0   0.91 7.00081 -4.55466  1600.81  9190.02 2.46 2.39  89.4 -0.424    19.57 21.29 02a59161o0485c 0xc00900
59170.322349 20.103715      NaN  -18    11 c    0   0.76 7.00081 -4.55466  9295.93   626.16 2.56 2.09 -58.2 -0.415    19.70 21.42 02a59170o0232c 0xc00800
59170.325559 20.207197      NaN  -15    10 c    0   1.38 7.00081 -4.55466  9276.74   587.22 2.52 2.04 -58.7 -0.414    19.66 21.35 02a59170o0239c 0xc00800
59170.330664 20.207197      NaN   -4    10 c    0   1.03 7.00081 -4.55466  9335.14   665.75 2.54 2.07 -57.8 -0.413    19.60 21.30 02a59170o0250c 0xc00800
59170.345418 19.696897      NaN   15    11 c    0   1.04 7.00081 -4.55466  9353.23   547.33 2.57 2.10 -57.7 -0.420    19.68 21.40 02a59170o0282c 0xc00800
59189.321785 20.321591      NaN   -9     9 c    0   1.02 7.00081 -4.55466  3463.73   928.73 2.46 2.23 -62.7 -0.433    19.70 21.47 02a59189o0303c 0xc00800
59189.324581 20.449472      NaN   -2     8 c    0   1.42 7.00081 -4.55466  3444.85   885.36 2.45 2.24 -64.1 -0.433    19.68 21.45 02a59189o0309c 0xc00800
59189.336141 20.321591      NaN   -6     9 c    0   0.85 7.00081 -4.55466  3504.87   966.88 2.44 2.23 -63.9 -0.432    19.67 21.40 02a59189o0334c 0xc00800
59189.349133 20.321591      NaN  -12     9 c    0   1.24 7.00081 -4.55466  3522.93   847.96 2.43 2.24 -67.0 -0.429    19.64 21.31 02a59189o0362c 0xc00800
59190.280627 20.449472      NaN  -15     8 c    0   1.59 7.00081 -4.55466  3464.69   922.71 2.55 2.26 -61.3 -0.429    19.74 21.51 02a59190o0152c 0xc00900
59190.283837 20.594452      NaN  -17     7 c    0   1.80 7.00081 -4.55466  3447.15   884.16 2.56 2.29 -59.8 -0.430    19.70 21.49 02a59190o0159c 0xc00800
59190.289493 20.207197      NaN   -2    10 c    0   0.72 7.00081 -4.55466  3505.27   962.54 2.48 2.24 -64.7 -0.431    19.70 21.49 02a59190o0171c 0xc00800
59190.301481 20.449472      NaN   -5     8 c    0   1.44 7.00081 -4.55466  3524.68   844.79 2.59 2.37 -63.4 -0.418    19.65 21.45 02a59190o0197c 0xc00800
59194.285087 20.321591      NaN   -5     9 c    0   0.87 7.00081 -4.55466  3898.44  6746.62 2.45 2.36  60.9 -0.400    19.74 21.63 02a59194o0220c 0xc00800
59194.289253 20.321591      NaN  -19     9 c    0   0.92 7.00081 -4.55466  3880.51  6704.22 2.49 2.40  58.0 -0.399    19.68 21.63 02a59194o0229c 0xc00800
59194.296126 20.103715      NaN    6     9 c    0   1.27 7.00081 -4.55466  3938.14  6782.25 2.60 2.48  60.2 -0.390    19.70 21.61 02a59194o0244c 0xc00800
59194.311304 20.207197      NaN    3     9 c    0   1.05 7.00081 -4.55466  3960.82  6666.35 2.54 2.40  54.8 -0.395    19.68 21.58 02a59194o0277c 0xc00800
59198.243555 19.631075      NaN  -29    17 c    0   1.28 7.00081 -4.55466  3905.06  6744.77 2.40 2.38  88.8 -0.406    19.00 20.64 02a59198o0128c 0xc00900
59198.246796 19.183773      NaN   29    16 c    0   0.97 7.00081 -4.55466  3886.63  6706.29 2.40 2.32 -71.4 -0.414    19.36 21.06 02a59198o0135c 0xc00800
59198.254606 20.009244      NaN  -12    12 c    0   0.96 7.00081 -4.55466  3948.37  6782.07 2.37 2.33  86.6 -0.410    19.41 21.13 02a59198o0152c 0xc00800
59198.268364 19.922338      NaN    9    10 c    0   1.28 7.00081 -4.55466  3965.64  6665.30 2.41 2.34 -89.5 -0.411    19.54 21.26 02a59198o0182c 0xc00800
59200.266769 19.051202      NaN   15    24 c    0   1.38 7.00081 -4.55466  9065.01  9511.19 2.57 2.34  84.8 -0.337    18.75 20.51 01a59200o0067c 0xc00800
59200.269991 18.226218      NaN  -28    62 c    0   1.00 7.00081 -4.55466  9085.37  9550.77 2.58 2.29  78.9 -0.341    17.39 19.21 01a59200o0074c 0xc00800
59200.290745 19.696897      NaN    6    14 c    0   0.86 7.00081 -4.55466  9008.57  9592.35 2.52 2.21  82.0 -0.359    18.93 20.66 01a59200o0119c 0xc00800
59218.270318 19.791368      NaN    5    13 c    0   0.77 7.00081 -4.55466  7408.96  8988.58 2.78 2.71  49.1 -0.389    19.48 21.17 02a59218o0141c 0xc00800
59218.274017 20.171596      NaN    4     9 c    0   1.32 7.00081 -4.55466  7389.40  8949.55 2.70 2.56  46.4 -0.394    19.55 21.16 02a59218o0149c 0xc00800
59218.280514 20.009244      NaN   -7    12 c    0   0.97 7.00081 -4.55466  7449.02  9027.96 2.67 2.60  54.4 -0.395    19.53 21.14 02a59218o0163c 0xc00800
59218.292436 19.589310      NaN   17    12 c    0   1.11 7.00081 -4.55466  7465.83  8911.53 2.78 2.66  42.4 -0.391    19.49 21.12 02a59218o0189c 0xc00800
59220.231814 20.449472      NaN   -4     8 c    0   0.97 7.00081 -4.55466  3141.89  7884.67 2.38 2.19 -69.9 -0.398    19.77 21.41 01a59220o0087c 0xc00800
59220.235042 20.207197      NaN    6     8 c    0   1.18 7.00081 -4.55466  3161.21  7923.04 2.41 2.22 -45.0 -0.395    19.77 21.40 01a59220o0094c 0xc00800
59220.240564 19.719755      NaN   23     8 c    0   1.22 7.00081 -4.55466  3103.54  7845.13 2.48 2.29 -48.1 -0.395    19.73 21.40 01a59220o0106c 0xc00a00
59220.253489 20.449472      NaN   -6     8 c    0   1.29 7.00081 -4.55466  3083.56  7962.33 2.60 2.43 -29.1 -0.387    19.69 21.39 01a59220o0134c 0xc00800
59222.266151 20.009244      NaN   -5    12 c    0   1.01 7.00081 -4.55466  7399.06  8988.72 2.88 2.83  72.0 -0.388    19.44 21.24 02a59222o0159c 0xc00800
59222.269357 19.791368      NaN    8    12 c    0   0.86 7.00081 -4.55466  7380.08  8949.89 2.78 2.70  74.7 -0.393    19.50 21.22 02a59222o0166c 0xc00800
59222.275762 19.922338      NaN   -7    13 c    0   0.94 7.00081 -4.55466  7439.60  9026.91 3.07 3.02 -66.8 -0.389    19.39 21.19 02a59222o0180c 0xc00800
59222.285854 20.009244      NaN   -1    12 c    0   1.13 7.00081 -4.55466  7458.53  8910.04 2.82 2.73 -52.4 -0.393    19.45 21.11 02a59222o0202c 0xc00800
59224.260402 20.495680      NaN    2     7 c    0   1.91 7.00081 -4.55466  2772.26  4014.58 2.34 2.28 -85.8 -0.389    19.63 21.34 01a59224o0082c 0xc00800
59224.263175 20.103715      NaN    9     8 c    0   1.31 7.00081 -4.55466  2792.87  4054.96 2.36 2.19  84.4 -0.401    19.71 21.27 01a59224o0088c 0xc00800
59224.269626 20.449472      NaN   -2     8 c    0   1.58 7.00081 -4.55466  2732.99  3976.51 2.37 2.21  83.0 -0.389    19.51 20.96 01a59224o0102c 0xc00800
59224.282098 19.631075      NaN  -27    17 c    0   1.10 7.00081 -4.55466  2713.20  4094.64 2.49 2.27 -89.8 -0.402    18.87 20.54 01a59224o0129c 0xc00800
59226.257805 19.950541      NaN    5    11 c    0   0.89 7.00081 -4.55466  5502.14  2780.91 2.69 2.63 -59.6 -0.391    19.46 21.20 02a59226o0137c 0xc00800
59226.261028 19.979496      NaN    7    10 c    0   1.14 7.00081 -4.55466  5482.33  2743.01 2.67 2.63 -75.7 -0.394    19.44 21.20 02a59226o0144c 0xc00800
59226.267894 20.207197      NaN   -4    10 c    0   1.08 7.00081 -4.55466  5540.40  2820.07 2.70 2.64 -50.4 -0.390    19.41 21.18 02a59226o0159c 0xc00800
59226.278906 20.009244      NaN   -8    12 c    0   0.96 7.00081 -4.55466  5559.54  2703.70 2.76 2.72 -63.7 -0.394    19.33 21.15 02a59226o0183c 0xc00800
59230.212225 19.766969      NaN   -9    15 c    0   1.01 7.00081 -4.55466  5506.13  2782.10 2.57 2.37 -64.5 -0.385    19.08 20.33 02a59230o0034c 0xc00800
59230.215427 20.009244      NaN   -8    12 c    0   0.94 7.00081 -4.55466  5487.38  2743.43 2.54 2.39 -65.4 -0.384    19.33 20.72 02a59230o0041c 0xc00800
59230.220923 20.103715      NaN  -36    11 c    0   0.92 7.00081 -4.55466  5546.28  2820.32 2.54 2.36 -68.9 -0.390    19.43 21.00 02a59230o0053c 0xc00900
59230.232841 20.207197      NaN   -2    10 c    0   1.06 7.00081 -4.55466  5567.27  2703.41 2.46 2.27 -66.2 -0.396    19.52 21.06 02a59230o0079c 0xc00800
59248.232407 19.766969      NaN   -7    15 c    0   1.18 7.00081 -4.55466  8959.80  1265.95 3.19 3.05 -58.1 -0.317    18.98 20.62 01a59248o0006c 0xc00800
59248.236091 19.401649      NaN   -4    21 c    0   0.95 7.00081 -4.55466  8979.58  1304.95 4.49 4.37 -65.5 -0.250    18.57 20.61 01a59248o0014c 0xc00800
59248.243460 19.472870      NaN   11    16 c    0   1.19 7.00081 -4.55466  8921.07  1228.01 3.41 3.08 -84.3 -0.339    18.95 20.63 01a59248o0030c 0xc00800
59248.253596 19.115465      NaN   31    17 c    0   1.22 7.00081 -4.55466  8899.45  1348.20 3.62 3.46 -66.4 -0.285    18.85 20.60 01a59248o0052c 0xc00900
59252.214504 18.481707      NaN  -35    49 c    0   1.61 7.00081 -4.55466  8960.34  1268.04 2.47 2.33 -44.8 -0.367    17.78 18.32 01a59252o0023c 0xc00800
59252.218651 19.302877      NaN  -34    23 c    0   0.95 7.00081 -4.55466  8979.20  1307.19 2.38 2.25 -61.7 -0.370    18.65 19.32 01a59252o0032c 0xc00900
59252.226012 19.674510      NaN    4    15 c    0   0.78 7.00081 -4.55466  8920.06  1230.54 2.40 2.25 -59.9 -0.370    19.18 20.30 01a59252o0048c 0xc00800
59252.236635 20.071303      NaN    1    11 c    0   2.24 7.00081 -4.55466  8898.97  1350.50 2.43 2.32 -49.5 -0.371    19.22 20.46 01a59252o0071c 0xc00800
59254.215402 18.019544      NaN -126    75 c    0   0.98 7.00081 -4.55466  3673.02  4805.39 2.64 2.39  45.4 -0.369    17.31 18.27 02a59254o0020c 0xc00800
59254.218623 18.816441      NaN   -9    36 c    0   1.02 7.00081 -4.55466  3654.21  4766.39 2.58 2.38  47.8 -0.376    18.02 19.03 02a59254o0027c 0xc00800
59254.224149 19.014394      NaN   24    22 c    0   0.82 7.00081 -4.55466  3712.48  4843.75 2.61 2.43  48.4 -0.373    18.73 19.92 02a59254o0039c 0xc00800
59254.234700 19.766969      NaN  -33    15 c    0   1.43 7.00081 -4.55466  3731.96  4727.47 2.51 2.39  47.2 -0.380    19.02 20.33 02a59254o0062c 0xc00800
59256.215207 18.034118      NaN  -26    74 c    0   0.87 7.00081 -4.55466  4961.09  5854.29 2.66 2.47 -72.7 -0.337    17.40 18.06 01a59256o0022c 0xc00800
59256.218437 18.816441      NaN  -10    36 c    0   0.96 7.00081 -4.55466  4980.71  5893.12 2.52 2.40 -81.1 -0.350    18.13 18.89 01a59256o0029c 0xc00800
59256.223974 19.076453      NaN   22    21 c    0   0.91 7.00081 -4.55466  4921.82  5816.00 2.72 2.54 -71.9 -0.355    18.79 19.89 01a59256o0041c 0xc00900
59256.234136 19.472870      NaN   14    15 c    0   0.93 7.00081 -4.55466  4903.19  5931.86 2.55 2.40 -70.2 -0.352    19.04 20.35 01a59256o0063c 0xc00800
59380.586416 19.950541      NaN    2    12 c    0   1.13 7.00081 -4.55466  9720.75  6460.11 2.91 2.71 -87.3 -0.347    19.51 21.19 01a59380o0745c 0xc00800
59380.590570 19.791368      NaN    2    14 c    0   0.90 7.00081 -4.55466  9704.58  6421.25 3.20 3.11  76.0 -0.314    19.18 20.95 01a59380o0754c 0xc00800
59380.598399 20.207197      NaN  -22    10 c    0   0.91 7.00081 -4.55466  9764.88  6497.19 2.73 2.55 -89.0 -0.357    19.58 21.20 01a59380o0771c 0xc00900
59380.615244 18.048890      NaN   78    47 c    0   0.96 7.00081 -4.55466  9783.39  6375.31 2.69 2.55  84.7 -0.355    18.06 18.83 01a59380o0806c 0xc00800
59402.575184 20.282105      NaN    1     9 c    0   1.04 7.00081 -4.55466  4727.22  3915.72 2.50 2.33  43.7 -0.393    19.65 21.44 02a59402o0717c 0xc00800
59402.580707 20.405150      NaN    1     8 c    0   1.51 7.00081 -4.55466  4748.51  3954.02 2.43 2.28  39.2 -0.398    19.66 21.46 02a59402o0729c 0xc00800
59402.599131 20.039830      NaN   11     8 c    0   1.44 7.00081 -4.55466  4692.03  3875.83 2.40 2.27  34.4 -0.400    19.70 21.51 02a59402o0768c 0xc00800
59402.605124 20.321591      NaN    3     8 c    0   1.69 7.00081 -4.55466  4671.77  3992.38 2.47 2.31  37.7 -0.402    19.69 21.47 02a59402o0781c 0xc00800
59406.540455 19.719755      NaN    5    14 c    0   1.01 7.00081 -4.55466  4727.77  3914.02 2.41 2.24  40.0 -0.399    19.12 20.80 02a59406o0642c 0xc00800
59406.543655 19.241693      NaN   25    16 c    0   1.02 7.00081 -4.55466  4746.65  3952.87 2.46 2.29  44.0 -0.395    18.90 20.58 02a59406o0649c 0xc00900
59406.549155 17.414019      NaN -146   131 c    0   1.26 7.00081 -4.55466  4688.99  3875.05 2.55 2.30  43.4 -0.399    16.50 18.15 02a59406o0661c 0xc00800
59414.536177 20.009244      NaN   -5    12 c    0   0.85 7.00081 -4.55466  3039.29  5945.95 2.83 2.65  11.7 -0.373    19.45 21.31 02a59414o0629c 0xc00800
59414.539394 20.207197      NaN   -2    10 c    0   1.50 7.00081 -4.55466  3059.09  5984.50 2.69 2.47  16.3 -0.378    19.51 21.31 02a59414o0636c 0xc00800
59414.544907 20.321591      NaN  -15     9 c    0   1.32 7.00081 -4.55466  3001.08  5906.15 2.67 2.52   6.9 -0.387    19.49 21.33 02a59414o0648c 0xc00900
59414.555885 20.207197      NaN  -15    10 c    0   1.23 7.00081 -4.55466  2980.03  6022.81 2.61 2.42  20.4 -0.387    19.59 21.34 02a59414o0672c 0xc00900
59432.529099 20.449472      NaN    0     8 c    0   1.18 7.00081 -4.55466  3553.97  2873.66 2.83 2.38   2.9 -0.382    19.71 21.74 01a59432o0638c 0xc00800
59432.532320 20.495680      NaN    2     7 c    0   1.55 7.00081 -4.55466  3534.75  2834.78 3.03 2.46   5.9 -0.356    19.68 21.74 01a59432o0645c 0xc00800
59432.536997 20.449472      NaN   -9     8 c    0   1.08 7.00081 -4.55466  3592.99  2912.35 3.13 2.45   5.4 -0.354    19.68 21.75 01a59432o0655c 0xc00900
59432.547524 20.103715      NaN    9     8 c    0   0.99 7.00081 -4.55466  3613.90  2795.96 2.59 2.40   7.4 -0.383    19.77 21.75 01a59432o0677c 0xc00800
59436.494818 20.137125      NaN   11     7 c    0   0.90 7.00081 -4.55466  3556.31  2876.41 2.16 2.15 -85.9 -0.402    19.91 21.79 01a59436o0552c 0xc00800
59436.498504 17.944957      NaN    7    78 c    0   0.01 7.00081 -4.55466  3537.21  2838.31 2.10 2.08 -59.1 -0.405    19.94 21.81 01a59436o0560c 0xc00800
59436.504579 20.495680      NaN    5     6 c    0   1.37 7.00081 -4.55466  3596.46  2915.98 2.22 2.16  86.9 -0.395    19.90 21.80 01a59436o0573c 0xc00800
59436.509643 20.321591      NaN    3     8 c    0   0.90 7.00081 -4.55466  3614.52  2800.33 2.29 2.26 -17.4 -0.395    19.86 21.80 01a59436o0584c 0xc00800
59440.516491 19.816329      NaN    7    12 c    0   0.89 7.00081 -4.55466  5465.43  9070.94 4.89 3.09   2.0 -0.307    19.33 21.76 01a59440o0615c 0xc00800
59440.519262 20.449472      NaN   -6     8 c    0   1.45 7.00081 -4.55466  5447.54  9032.38 3.31 2.88  -5.9 -0.359    19.59 21.77 01a59440o0621c 0xc00800
59440.538196 20.321591      NaN  -11     9 c    0   0.85 7.00081 -4.55466  5509.10  9109.39 2.78 2.61 -25.7 -0.369    19.74 21.78 01a59440o0661c 0xc00900
59440.540960 20.449472      NaN  -12     8 c    0   1.26 7.00081 -4.55466  5529.18  8992.63 2.65 2.52 -40.3 -0.371    19.79 21.79 01a59440o0667c 0xc00800
59461.509904 20.071303      NaN    4    10 c    0   0.90 7.00081 -4.55466  3505.66  9162.75 2.49 2.42  47.8 -0.402    19.72 21.56 02a59461o0628c 0xc00800
59461.513563 20.244005      NaN    2     9 c    0   1.39 7.00081 -4.55466  3486.57  9125.17 2.43 2.39  43.6 -0.406    19.71 21.57 02a59461o0636c 0xc00800
59461.534504 20.103715      NaN   -1    11 c    0   0.86 7.00081 -4.55466  3544.21  9201.78 2.59 2.52  76.0 -0.395    19.65 21.58 02a59461o0680c 0xc00800
59461.541420 20.207197      NaN   -2    10 c    0   1.05 7.00081 -4.55466  3566.16  9087.26 2.55 2.46  76.1 -0.511    19.69 21.56 02a59461o0695c 0xc00800
59462.454961 20.321591      NaN   -4     9 c    0   0.83 7.00081 -4.55466  7073.49  1394.58 2.40 2.27 -57.7 -0.400    19.67 21.54 02a59462o0424c 0xc00800
59462.456800 20.321591      NaN   -5     9 c    0   0.85 7.00081 -4.55466  7093.10  1433.49 2.38 2.23 -64.0 -0.401    19.72 21.54 02a59462o0428c 0xc00800
59462.459544 20.449472      NaN  -22     8 c    0   1.07 7.00081 -4.55466  7034.73  1354.80 2.41 2.27 -66.2 -0.404    19.70 21.54 02a59462o0434c 0xc00900
59462.472809 20.321591      NaN   -6     9 c    0   1.17 7.00081 -4.55466  7015.14  1474.12 2.37 2.24 -62.5 -0.397    19.68 21.52 02a59462o0462c 0xc00800
59466.452579 20.321591      NaN  -11     9 c    0   1.26 7.00081 -4.55466  1204.10  7982.91 2.37 2.13 -46.0 -0.441    19.74 21.54 02a59466o0512c 0xc00800
59466.469852 19.922338      NaN   12     9 c    0   0.99 7.00081 -4.55466  1225.55  8021.66 2.38 2.11 -48.1 -0.441    19.77 21.54 02a59466o0548c 0xc00800
59466.471682 20.103715      NaN    0    11 c    0   0.72 7.00081 -4.55466  1167.49  7944.48 2.35 2.10 -47.2 -0.443    19.76 21.55 02a59466o0552c 0xc00800
59466.474453 20.207197      NaN   -4    10 c    0   0.82 7.00081 -4.55466  1146.77  8061.89 2.44 2.16 -48.9 -0.439    19.72 21.57 02a59466o0558c 0xc00800
59470.409781 19.868040      NaN   11    10 c    0   1.29 7.00081 -4.55466  1205.28  7980.44 2.38 2.14 -48.3 -0.444    19.68 21.46 02a59470o0423c 0xc00800
59470.413462 20.207197      NaN   -8    10 c    0   1.17 7.00081 -4.55466  1223.46  8019.27 2.35 2.12 -47.3 -0.442    19.70 21.47 02a59470o0431c 0xc00800
59470.440048 20.321591      NaN  -23     9 c    0   0.96 7.00081 -4.55466  1165.77  7941.53 2.41 2.18 -45.1 -0.440    19.67 21.46 02a59470o0488c 0xc00800
59470.445569 20.207197      NaN   -2    10 c    0   0.90 7.00081 -4.55466  1146.16  8058.60 2.40 2.15 -49.1 -0.440    19.72 21.47 02a59470o0500c 0xc00800
59518.359001 20.207197      NaN   -3    10 c    0   0.83 7.00081 -4.55466  1948.42  6832.27 2.32 2.20  33.8 -0.418    19.71 21.58 02a59518o0379c 0xc00800
59518.362201 20.321591      NaN   -8     9 c    0   1.11 7.00081 -4.55466  1929.47  6792.19 2.31 2.22  44.7 -0.415    19.73 21.59 02a59518o0386c 0xc00900
59518.371963 19.922338      NaN   15     8 c    0   1.54 7.00081 -4.55466  1989.67  6871.32 2.33 2.23  53.7 -0.413    19.75 21.58 02a59518o0407c 0xc00900
59518.382069 20.449472      NaN   -9     8 c    0   1.28 7.00081 -4.55466  2010.69  6755.74 2.33 2.23  49.0 -0.412    19.77 21.58 02a59518o0429c 0xc00900
59522.374961 20.103715      NaN  -14    11 c    0   0.79 7.00081 -4.55466  7419.79  2678.39 2.56 2.43 -72.7 -0.462    19.49 21.15 02a59522o0425c 0xc00800
59522.378165 20.039830      NaN    2    11 c    0   1.08 7.00081 -4.55466  7402.55  2641.71 2.65 2.51 -71.2 -0.382    19.47 21.14 02a59522o0432c 0xc00800
59522.384585 20.103715      NaN  -10    11 c    0   0.84 7.00081 -4.55466  7459.76  2719.91 2.48 2.36 -75.4 -0.389    19.53 21.14 02a59522o0446c 0xc00800
59522.399740 20.321591      NaN   -8     9 c    0   1.63 7.00081 -4.55466  7483.52  2605.90 2.57 2.46 -73.4 -0.382    19.51 21.18 02a59522o0479c 0xc00800
59526.325569 20.362567      NaN    2     8 c    0   1.53 7.00081 -4.55466  7424.55  2676.26 2.49 2.40 -82.7 -0.384    19.65 21.35 02a59526o0319c 0xc00800
59526.328787 20.321591      NaN   -8     9 c    0   1.31 7.00081 -4.55466  7405.77  2638.58 2.52 2.43 -80.0 -0.381    19.61 21.37 02a59526o0326c 0xc00800
59526.335312 20.449472      NaN   -8     8 c    0   1.35 7.00081 -4.55466  7463.52  2715.09 2.49 2.39 -84.2 -0.383    19.64 21.38 02a59526o0340c 0xc00800
59526.367562 20.321591      NaN  -18     9 c    0   1.01 7.00081 -4.55466  7485.56  2602.05 2.47 2.34 -67.2 -0.385    19.65 21.39 02a59526o0408c 0xc00800
59736.571730 19.696897      NaN  -25    16 c    0   0.87 7.00081 -4.55466  2787.80  4025.88 2.80 2.33  23.6 -0.389    19.09 20.54 02a59736o0718c 0xc00800
59736.574928 19.696897      NaN  -28    16 c    0   0.87 7.00081 -4.55466  2807.38  4064.46 2.76 2.37  26.9 -0.391    19.12 20.57 02a59736o0725c 0xc00800
59736.583180 19.950541      NaN    2    12 c    0   1.31 7.00081 -4.55466  2749.54  3985.77 2.52 2.28  24.6 -0.404    19.29 20.62 02a59736o0743c 0xc00800
59736.597511 19.894850      NaN    1    13 c    0   1.09 7.00081 -4.55466  2725.16  4099.91 2.63 2.28  30.8 -0.404    19.30 20.63 02a59736o0774c 0xc00800
59768.572628 19.384550      NaN   28    12 c    0   0.65 7.00081 -4.55466  4978.06  5852.31 2.68 2.31  36.2 -0.397    19.56 21.20 02a59768o0695c 0xc00900
59768.579025 19.868040      NaN    5    12 c    0   1.16 7.00081 -4.55466  4999.66  5890.43 2.63 2.30  29.0 -0.402    19.60 21.21 02a59768o0709c 0xc00800
59768.582215 20.207197      NaN   -3    10 c    0   1.21 7.00081 -4.55466  4941.99  5813.53 2.64 2.31  32.8 -0.403    19.58 21.21 02a59768o0716c 0xc00800
59768.602642 20.103715      NaN   -7    11 c    0   0.95 7.00081 -4.55466  4918.87  5929.85 2.62 2.29  30.3 -0.401    19.58 21.18 02a59768o0761c 0xc00800
59784.569028 20.103715      NaN   -5    11 c    0   0.89 7.00081 -4.55466  1100.28  6047.08 2.46 2.33  -3.7 -0.428    19.51 21.11 02a59784o0714c 0xc00800
59784.570836 19.719755      NaN   11    12 c    0   1.01 7.00081 -4.55466  1119.39  6085.39 2.54 2.42  -3.0 -0.417    19.48 21.10 02a59784o0718c 0xc00800
59784.576288 19.950541      NaN    5    11 c    0   1.17 7.00081 -4.55466  1060.24  6007.17 2.42 2.31  -8.0 -0.422    19.52 21.10 02a59784o0730c 0xc00800
59784.596233 20.207197      NaN   -9    10 c    0   1.11 7.00081 -4.55466  1039.64  6123.36 2.42 2.30  -0.2 -0.429    19.53 21.10 02a59784o0774c 0xc00800
59785.151123 20.321591      NaN   -3     9 c    0   1.17 7.00081 -4.55466  3008.18  7809.35 3.05 2.57  -7.7 -0.368    19.57 21.60 03a59785o0920c 0xc00800
59785.160529 19.868040      NaN   14     9 c    0   1.20 7.00081 -4.55466  3022.63  7848.53 2.50 2.34  -8.9 -0.385    19.71 21.61 03a59785o0939c 0xc00900
59785.188674 19.569016      NaN  -51    18 c    0   1.00 7.00081 -4.55466  2960.80  7773.33 2.60 2.44 -32.2 -0.357    18.92 19.77 03a59785o0997c 0xc00900
59785.190794 19.302877      NaN  -34    23 c    0   1.21 7.00081 -4.55466  2938.68  7889.60 2.70 2.58 -33.4 -0.351    18.63 19.23 03a59785o1001c 0xc00800
59788.556842 19.696897      NaN   12    12 c    0   0.74 7.00081 -4.55466  7110.59  9646.63 2.47 2.41 -86.1 -0.419    19.63 21.15 02a59788o0689c 0xc00800
59788.558649 20.207197      NaN  -16    10 c    0   1.13 7.00081 -4.55466  7129.78  9686.61 2.46 2.45  51.6 -0.419    19.62 21.16 02a59788o0693c 0xc00800
59788.562720 20.207197      NaN  -14    10 c    0   1.69 7.00081 -4.55466  7071.87  9607.68 2.47 2.43  53.2 -0.419    19.65 21.15 02a59788o0702c 0xc00900
59788.568147 19.529530      NaN   20    12 c    0   0.87 7.00081 -4.55466  7051.60  9725.95 2.45 2.43  78.3 -0.421    19.64 21.17 02a59788o0714c 0xc00800
59791.357854 19.791368      NaN   17     9 c    0   1.28 7.00081 -4.55466  9024.05  1340.99 3.05 2.21 -22.9 -0.370    19.65 21.53 04a59791o0786c 0xc00800
59791.360614 20.207197      NaN   -8    10 c    0   0.89 7.00081 -4.55466  9045.21  1377.32 3.10 2.31 -23.5 -0.359    19.68 21.60 04a59791o0792c 0xc00800
59791.366997 20.137125      NaN    2    10 c    0   1.05 7.00081 -4.55466  8990.87  1292.74 3.14 2.31 -23.5 -0.344    19.66 21.53 04a59791o0806c 0xc00800
59791.399513 19.696897      NaN   18    10 c    0   1.25 7.00081 -4.55466  8985.67  1376.92 3.15 2.34 -24.4 -0.339    19.57 21.44 04a59791o0875c 0xc00900
59791.435169 19.302877      NaN   27    14 c    0   1.08 7.00081 -4.55466  9034.48  1297.50 3.16 2.20 -25.4 -0.351    19.28 20.68 04a59791o0950c 0xc00800
59792.485122 20.207197      NaN   -1    10 c    0   1.48 7.00081 -4.55466  7114.06  9646.66 2.70 2.57  40.0 -0.399    19.37 20.86 02a59792o0483c 0xc00800
59792.486932 19.652575      NaN    8    14 c    0   0.73 7.00081 -4.55466  7130.14  9684.85 2.59 2.49  40.8 -0.413    19.42 20.87 02a59792o0487c 0xc00800
59792.509886 19.922338      NaN  -18    13 c    0   0.96 7.00081 -4.55466  7077.74  9603.94 2.59 2.50  26.2 -0.410    19.45 20.95 02a59792o0537c 0xc00800
59792.527054 20.009244      NaN  -20    12 c    0   1.10 7.00081 -4.55466  7057.18  9727.39 2.61 2.49  43.7 -0.407    19.48 20.96 02a59792o0573c 0xc00800
59792.626154 19.696897      NaN   -6    16 c    0   1.43 7.00081 -4.55466  3484.21   903.28 2.41 2.26 -86.1 -0.442    18.97 20.11 02a59792o0784c 0xc00800
59796.603767 20.103715      NaN  -11    11 c    0   0.73 7.00081 -4.55466  3902.97  6741.47 2.50 2.29  25.9 -0.409    19.62 21.31 02a59796o0376c 0xc00800
59796.607393 20.207197      NaN   -9    10 c    0   0.85 7.00081 -4.55466  3883.06  6701.26 2.52 2.33  32.0 -0.405    19.63 21.32 02a59796o0384c 0xc00800
59796.623686 20.207197      NaN  -18    10 c    0   1.41 7.00081 -4.55466  3934.59  6778.55 2.56 2.33  34.9 -0.396    19.41 20.78 02a59796o0419c 0xc00900
59796.628972 18.990530      NaN   32    20 c    0   1.06 7.00081 -4.55466  3961.32  6668.53 2.54 2.34  38.4 -0.393    18.85 19.85 02a59796o0430c 0xc00800
59796.631233 18.878500      NaN    9    31 c    0   1.68 7.00081 -4.55466  3922.22  6726.68 2.55 2.32  37.1 -0.399    18.36 19.30 02a59796o0435c 0xc00800
59797.094271 20.282105      NaN    4     8 c    0   0.95 7.00081 -4.55466  2759.14  3935.90 2.26 2.11 -44.7 -0.418    19.88 21.81 03a59797o0667c 0xc00800
59797.098554 20.594452      NaN   -1     7 c    0   1.30 7.00081 -4.55466  2775.42  3975.65 2.25 2.11 -46.0 -0.414    19.86 21.78 03a59797o0675c 0xc00800
59797.104195 20.405150      NaN    7     6 c    0   2.20 7.00081 -4.55466  2716.21  3898.22 2.27 2.13 -43.5 -0.410    19.81 21.69 03a59797o0687c 0xc00900
59797.116328 19.841877      NaN    9    11 c    0   1.20 7.00081 -4.55466  2689.05  4016.17 2.35 2.21 -33.4 -0.412    19.49 21.42 03a59797o0712c 0xc00800
59819.163341 20.449472      NaN   -1     8 c    0   1.15 7.00081 -4.55466  3459.49   954.49 2.37 1.94  42.4 -0.403    19.60 21.38 04a59819o0445c 0xc00800
59819.182687 20.207197      NaN  -13    10 c    0   0.98 7.00081 -4.55466  3437.46   914.37 2.42 1.99  40.3 -0.402    19.68 21.47 04a59819o0487c 0xc00800
59819.209818 20.405150      NaN    1     8 c    0   1.04 7.00081 -4.55466  3500.31   991.39 2.34 1.91  42.4 -0.404    19.72 21.55 04a59819o0546c 0xc00800
59819.219324 20.282105      NaN    1     9 c    0   0.78 7.00081 -4.55466  3522.33   871.52 2.31 1.91  44.4 -0.414    19.76 21.60 04a59819o0566c 0xc00800
59820.505894 20.207197      NaN  -18    10 c    0   0.81 7.00081 -4.55466  3176.71  1581.19 2.42 2.24  39.9 -0.423    19.58 21.36 02a59820o0616c 0xc00800
59820.509067 20.103715      NaN   -4    11 c    0   0.97 7.00081 -4.55466  3196.00  1621.75 2.44 2.27  42.8 -0.421    19.57 21.35 02a59820o0623c 0xc00800
59820.519161 19.922338      NaN  -16    13 c    0   0.89 7.00081 -4.55466  7435.58  9015.44 2.86 2.48  34.6 -0.396    19.53 21.34 02a59820o0644c 0xc00800
59820.544605 19.922338      NaN   -4    13 c    0   0.92 7.00081 -4.55466  7454.72  8900.82 2.89 2.46  35.8 -0.397    19.53 21.33 02a59820o0696c 0xc00800
59823.297173 20.171596      NaN    4     9 c    0   1.05 7.00081 -4.55466  7141.66  9649.48 2.60 2.20 -62.6 -0.388    19.69 21.50 04a59823o0540c 0xc00800
59823.300334 20.244005      NaN    5     8 c    0   1.41 7.00081 -4.55466  7162.41  9685.87 2.58 2.21 -63.3 -0.387    19.64 21.48 04a59823o0547c 0xc00800
59823.326910 20.039830      NaN    8     9 c    0   1.39 7.00081 -4.55466  7114.28  9586.45 2.70 2.18 -65.8 -0.393    19.60 21.37 04a59823o0605c 0xc00800
59824.555115 19.816329      NaN   10    11 c    0   0.87 7.00081 -4.55466  7405.15  8985.44 2.94 2.54  39.7 -0.389    19.57 21.37 02a59824o0728c 0xc00800
59824.589402 19.631075      NaN   15    12 c    0   0.90 7.00081 -4.55466  7380.53  8948.44 2.84 2.55  35.5 -0.394    19.59 21.47 02a59824o0803c 0xc00800
59824.617898 20.009244      NaN   -6    12 c    0   0.93 7.00081 -4.55466  7439.93  9028.85 2.78 2.57  37.4 -0.399    19.55 21.37 02a59824o0865c 0xc00800
59842.420470 19.652575      NaN    2    16 c    0   1.08 7.00081 -4.55466  3872.48  9153.27 3.05 2.93  55.8 -0.322    19.37 21.35 01a59842o0457c 0xc00800
59842.422318 19.841877      NaN  -12    14 c    0   1.08 7.00081 -4.55466  3853.46  9114.57 2.97 2.91  57.4 -0.333    19.39 21.36 01a59842o0461c 0xc00800
59842.425087 19.841877      NaN   -8    14 c    0   1.08 7.00081 -4.55466  3912.55  9192.49 3.00 2.96  24.2 -0.325    19.38 21.38 01a59842o0467c 0xc00800
59842.430172 19.652575      NaN    8    14 c    0   0.98 7.00081 -4.55466  3932.71  9074.59 2.99 2.91  65.4 -0.331    19.38 21.39 01a59842o0478c 0xc00800
59846.506352 15.913714      NaN  224   447 c    0   0.88 7.00081 -4.55466  6673.31  1572.73 2.97 2.78  46.1 -0.359    15.13 16.96 01a59846o0637c 0xc00802
59846.546535 17.185646      NaN   44   147 c    0   1.10 7.00081 -4.55466  6641.44  1537.54 2.94 2.80  46.9 -0.357    16.70 18.44 01a59846o0722c 0xc00800
59846.553028 17.252588      NaN  102   118 c    0   1.17 7.00081 -4.55466  6624.36  1657.35 2.88 2.78  47.7 -0.364    16.76 18.47 01a59846o0735c 0xc00800
59849.033713 20.244005      NaN    5     8 c    0   1.74 7.00081 -4.55466  6913.11  9658.60 2.55 2.23 -50.2 -0.400    19.68 21.40 03a59849o0663c 0xc00800
59849.036916 20.207197      NaN   -8    10 c    0   0.84 7.00081 -4.55466  6931.45  9698.42 2.58 2.19 -47.8 -0.396    19.66 21.39 03a59849o0670c 0xc00800
59849.060532 19.922338      NaN    9    10 c    0   1.19 7.00081 -4.55466  6882.23  9615.95 2.68 2.32 -43.5 -0.390    19.59 21.36 03a59849o0719c 0xc00800
59849.064327 20.207197      NaN  -10    10 c    0   1.08 7.00081 -4.55466  6857.80  9731.94 2.62 2.26 -47.0 -0.394    19.61 21.36 03a59849o0727c 0xc00800
59850.407075 19.841877      NaN   12    10 c    0   1.10 7.00081 -4.55466 10214.61  9370.82 3.13 3.05   5.4 -0.357    19.70 21.52 01a59850o0438c 0xc00800
59850.408921 20.449472      NaN  -18     8 c    0   1.50 7.00081 -4.55466 10196.38  9332.71 3.05 3.01   0.4 -0.361    19.70 21.53 01a59850o0442c 0xc00800
59850.413618 20.071303      NaN    7     9 c    0   1.01 7.00081 -4.55466 10255.53  9408.32 3.04 3.00   7.2 -0.360    19.71 21.55 01a59850o0452c 0xc00800
59850.418740 20.207197      NaN   -5    10 c    0   0.97 7.00081 -4.55466 10275.00  9289.28 3.04 2.98  25.4 -0.371    19.74 21.53 01a59850o0463c 0xc00900
59852.908071 19.841877      NaN   15     9 c    0   0.84 7.00081 -4.55466  3504.17   843.28 2.30 2.16 -41.7 -0.377    19.66 21.33 03a59853o0389c 0xc00800
59852.911676 20.071303      NaN    7     9 c    0   1.00 7.00081 -4.55466  3482.44   803.43 2.35 2.17 -47.7 -0.375    19.65 21.31 03a59853o0397c 0xc00800
59852.917105 19.979496      NaN   13     8 c    0   1.12 7.00081 -4.55466  3537.96   883.82 2.35 2.21 -46.8 -0.380    19.61 21.31 03a59853o0409c 0xc00800
59852.922520 20.449472      NaN   -4     8 c    0   1.16 7.00081 -4.55466  3558.16   768.15 2.36 2.19 -47.5 -0.373    19.64 21.31 03a59853o0421c 0xc00800
59854.484804 19.816329      NaN   16     9 c    0   1.03 7.00081 -4.55466   333.29  1391.06 3.12 2.83  56.4 -0.319    19.59 21.34 01a59854o0610c 0xc00800
59854.494681 20.321591      NaN   -5     9 c    0   1.18 7.00081 -4.55466   353.55  1430.99 3.08 2.81  54.9 -0.317    19.57 21.29 01a59854o0631c 0xc00800
59854.522912 19.719755      NaN   11    12 c    0   1.00 7.00081 -4.55466   299.14  1353.66 3.12 2.91  54.8 -0.313    19.51 21.21 01a59854o0691c 0xc00800
59854.532524 19.791368      NaN   11    11 c    0   0.92 7.00081 -4.55466   282.73  1471.67 3.43 3.10  57.0 -0.260    19.40 21.14 01a59854o0711c 0xc00800
59871.183300 19.816329      NaN    1    14 c    0   0.67 7.00081 -4.55466  5213.73  9729.85 3.24 2.85 -78.1 -0.325    19.27 21.22 04a59871o0439c 0xc00800
59871.218278 20.103715      NaN    0    11 c    0   1.20 7.00081 -4.55466  5243.30  9745.76 2.91 2.30 -75.4 -0.363    19.46 21.17 04a59871o0515c 0xc00800
59871.221144 20.321591      NaN  -14     9 c    0   1.38 7.00081 -4.55466  5184.75  9666.39 2.84 2.28 -73.7 -0.367    19.44 21.14 04a59871o0521c 0xc00900
59871.229511 20.009244      NaN   -4    12 c    0   0.98 7.00081 -4.55466  5164.89  9780.49 3.01 2.35 -75.8 -0.352    19.42 21.14 04a59871o0539c 0xc00800
59872.381981 20.039830      NaN    5    10 c    0   1.16 7.00081 -4.55466  9367.46  2582.29 2.46 2.35 -57.9 -0.414    19.60 21.32 02a59872o0419c 0xc00800
59872.416600 19.791368      NaN   11    11 c    0   0.84 7.00081 -4.55466  9344.27  2543.99 2.57 2.32 -60.9 -0.470    19.60 21.31 02a59872o0494c 0xc00800
59872.419764 20.103715      NaN  -10    11 c    0   1.05 7.00081 -4.55466  9404.15  2622.85 2.54 2.33 -62.9 -0.414    19.58 21.34 02a59872o0501c 0xc00800
59872.448368 20.103715      NaN    3    10 c    0   1.36 7.00081 -4.55466  9422.86  2506.82 2.60 2.33 -57.9 -0.407    19.59 21.30 02a59872o0563c 0xc00800
59875.200188 20.321591      NaN   -1     9 c    0   1.72 7.00081 -4.55466  3280.84  9812.33 2.88 2.17 -77.3 -0.381    19.62 21.31 04a59875o0471c 0xc00800
59875.205151 20.207197      NaN   -4    10 c    0   1.03 7.00081 -4.55466  3301.63  9848.71 2.91 2.07 -78.0 -0.377    19.59 21.30 04a59875o0482c 0xc00800
59875.236319 20.009244      NaN  -10    12 c    0   0.79 7.00081 -4.55466  3245.34  9757.02 2.84 1.98 -76.0 -0.383    19.60 21.27 04a59875o0549c 0xc00800
59875.240272 20.207197      NaN  -13    10 c    0   1.24 7.00081 -4.55466  3225.91  9874.49 2.88 1.97 -76.7 -0.379    19.58 21.27 04a59875o0557c 0xc00800
59876.383612 19.841877      NaN   -2    14 c    0   0.83 7.00081 -4.55466  9351.96  8897.97 3.11 2.89  39.7 -0.378    19.47 21.35 02a59876o0384c 0xc00800
59876.386793 20.009244      NaN  -26    12 c    0   0.92 7.00081 -4.55466  9332.88  8863.92 3.04 2.78  32.3 -0.385    19.49 21.35 02a59876o0391c 0xc00900
59876.392677 20.009244      NaN   -8    12 c    0   1.11 7.00081 -4.55466  9392.97  8941.10 2.98 2.74  38.5 -0.386    19.51 21.36 02a59876o0404c 0xc00800
59876.402809 20.009244      NaN  -10    12 c    0   1.03 7.00081 -4.55466  9411.78  8826.03 2.96 2.78  34.6 -0.387    19.54 21.37 02a59876o0426c 0xc00800
59879.124616 20.207197      NaN  -10    10 c    0   0.86 7.00081 -4.55466  3248.50  9869.63 2.81 2.27 -79.4 -0.370    19.61 21.42 04a59879o0298c 0xc00800
59879.128672 20.009244      NaN   12     8 c    0   1.38 7.00081 -4.55466  3270.57  9903.92 2.81 2.25 -80.3 -0.368    19.62 21.41 04a59879o0307c 0xc00800
59879.162922 20.009244      NaN    6    10 c    0   0.86 7.00081 -4.55466  3233.59  9793.56 2.92 2.30 -77.2 -0.363    19.68 21.49 04a59879o0382c 0xc00800
59879.170133 20.207197      NaN   -1    10 c    0   0.96 7.00081 -4.55466  3216.09  9905.03 2.91 2.30 -79.1 -0.368    19.65 21.49 04a59879o0398c 0xc00800
59880.425995 20.009244      NaN   -3    12 c    0   0.89 7.00081 -4.55466  9346.38  8903.05 2.78 2.68  34.4 -0.382    19.52 21.22 02a59880o0241c 0xc00800
59880.429608 19.922338      NaN   -2    13 c    0   0.61 7.00081 -4.55466  9326.72  8863.94 2.81 2.69  39.6 -0.379    19.49 21.20 02a59880o0249c 0xc00800
59880.435934 19.766969      NaN    3    14 c    0   0.84 7.00081 -4.55466  9386.00  8943.80 2.89 2.86  40.9 -0.377    19.44 21.17 02a59880o0263c 0xc00800
59880.460519 19.841877      NaN  -21    14 c    0   0.79 7.00081 -4.55466  9408.42  8829.01 2.86 2.72  29.1 -0.381    19.42 21.12 02a59880o0278c 0xc00800
59896.844371 20.137125      NaN    8     8 c    0   1.57 7.00081 -4.55466  4991.49  9713.72 2.98 2.61 -42.6 -0.360    19.58 21.54 03a59897o0208c 0xc00800
59896.849350 19.674510      NaN   16    11 c    0   0.67 7.00081 -4.55466  5008.72  9754.80 3.04 2.65 -39.2 -0.356    19.59 21.54 03a59897o0219c 0xc00800
59896.852058 20.449472      NaN   -6     8 c    0   1.19 7.00081 -4.55466  4951.66  9675.48 2.83 2.47 -41.0 -0.373    19.68 21.55 03a59897o0225c 0xc00800
59896.863338 20.321591      NaN   -5     9 c    0   1.06 7.00081 -4.55466  4925.16  9793.03 2.85 2.48 -40.0 -0.372    19.65 21.56 03a59897o0250c 0xc00800
59898.342892 20.594452      NaN   -3     7 c    0   1.47 7.00081 -4.55466  4713.31  4002.94 3.01 2.77  44.6 -0.326    19.68 21.48 01a59898o0347c 0xc00800
59898.352681 20.321591      NaN  -10     9 c    0   0.87 7.00081 -4.55466  4735.23  4043.85 3.06 2.85  52.5 -0.325    19.62 21.44 01a59898o0368c 0xc00800
59898.358237 20.594452      NaN   -6     7 c    0   1.17 7.00081 -4.55466  4678.41  3967.68 3.02 2.79  51.4 -0.323    19.66 21.46 01a59898o0380c 0xc00900
59898.369903 20.449472      NaN   -2     8 c    0   1.22 7.00081 -4.55466  4660.62  4084.25 3.00 2.77  51.6 -0.332    19.65 21.40 01a59898o0405c 0xc00800
59900.821276 19.922338      NaN  -19    13 c    0   0.82 7.00081 -4.55466  4995.31  9713.12 2.74 2.36 -47.8 -0.371    19.31 21.09 03a59901o0149c 0xc00800
59900.824893 19.454622      NaN    9    17 c    0   0.70 7.00081 -4.55466  5011.64  9753.18 2.78 2.40 -46.3 -0.366    19.14 20.89 03a59901o0157c 0xc00800
59900.830389 19.549093      NaN   13    14 c    0   1.07 7.00081 -4.55466  4952.45  9674.61 2.71 2.36 -46.8 -0.369    19.23 20.97 03a59901o0169c 0xc00800
59900.843941 19.841877      NaN  -18    14 c    0   0.92 7.00081 -4.55466  4922.93  9792.21 2.75 2.36 -42.2 -0.365    19.23 20.95 03a59901o0199c 0xc00800
59902.316923 20.321591      NaN   -3     9 c    0   0.82 7.00081 -4.55466  4711.70  4003.32 2.92 2.71  42.5 -0.333    19.67 21.42 01a59902o0291c 0xc00800
59902.323601 20.449472      NaN  -17     8 c    0   1.59 7.00081 -4.55466  4731.84  4043.32 2.96 2.74  42.6 -0.330    19.66 21.41 01a59902o0305c 0xc00800
59902.359000 20.449472      NaN   -4     8 c    0   1.01 7.00081 -4.55466  4679.28  3968.54 2.93 2.68  51.8 -0.358    19.65 21.34 01a59902o0379c 0xc00800
59902.365539 20.137125      NaN    8     8 c    0   1.05 7.00081 -4.55466  4659.90  4085.52 2.95 2.73  52.8 -0.333    19.63 21.33 01a59902o0392c 0xc00800
59904.814057 18.944322      NaN  -11    32 c    0   0.86 7.00081 -4.55466  3058.19  9771.75 2.74 2.46 -41.5 -0.384    18.53 20.34 03a59905o0128c 0xc00800
59904.817660 19.569016      NaN  -10    18 c    0   1.43 7.00081 -4.55466  3074.60  9812.05 2.86 2.59 -42.4 -0.373    18.87 20.75 03a59905o0136c 0xc00800
59904.826737 19.696897      NaN   -2    16 c    0   0.97 7.00081 -4.55466  3013.95  9733.00 2.92 2.60 -44.3 -0.369    19.10 20.98 03a59905o0156c 0xc00800
59906.304862 20.321591      NaN    0     9 c    0   0.91 7.00081 -4.55466  3026.96  6041.53 3.11 2.92  45.8 -0.327    19.65 21.54 01a59906o0265c 0xc00800
59906.314683 20.449472      NaN  -13     8 c    0   1.15 7.00081 -4.55466  3048.78  6080.61 3.10 2.92  52.8 -0.332    19.64 21.54 01a59906o0286c 0xc00900
59906.317916 20.103715      NaN    6     9 c    0   1.08 7.00081 -4.55466  2990.60  6004.09 3.06 2.91  52.6 -0.338    19.67 21.54 01a59906o0293c 0xc00800
59906.327749 20.321591      NaN   -2     9 c    0   0.95 7.00081 -4.55466  2972.37  6120.84 3.15 2.98  62.7 -0.331    19.65 21.53 01a59906o0314c 0xc00800
59927.037332 19.696897      NaN  -17    16 c    0   0.94 7.00081 -4.55466  8978.45  7595.54 3.19 2.66 -15.5 -0.364    19.17 20.77 04a59927o0044c 0xc00800
59927.040937 20.009244      NaN  -18    12 c    0   1.33 7.00081 -4.55466  8999.36  7631.43 3.09 2.45 -19.7 -0.377    19.32 21.09 04a59927o0052c 0xc00800
59927.047242 20.009244      NaN    0    12 c    0   1.03 7.00081 -4.55466  8943.15  7547.80 3.14 2.50 -21.4 -0.381    19.39 21.38 04a59927o0066c 0xc00800
59927.057218 19.922338      NaN   -5    13 c    0   0.87 7.00081 -4.55466  8925.73  7657.74 3.17 2.56 -25.0 -0.388    19.42 21.43 04a59927o0088c 0xc00800
59928.275094 20.207197      NaN   -9    10 c    0   1.01 7.00081 -4.55466  7432.82  2698.63 2.46 2.32 -75.5 -0.405    19.53 21.21 02a59928o0196c 0xc00800
59928.288811 20.207197      NaN   -5    10 c    0   1.36 7.00081 -4.55466  7470.70  2734.84 2.46 2.29 -70.2 -0.408    19.52 21.19 02a59928o0226c 0xc00800
60111.405703 20.103715      NaN  -32    11 c    0   1.50 7.00081 -4.55466  1608.60  9319.88 2.81 1.91 -73.3 -0.366    19.36 20.99 04a60111o1013c 0xc00900
60111.410794 19.922338      NaN    0    13 c    0   0.81 7.00081 -4.55466  1592.69  9280.04 2.85 2.00 -75.2 -0.365    19.36 21.03 04a60111o1024c 0xc00800
60111.413977 20.103715      NaN   -8    11 c    0   1.37 7.00081 -4.55466  1651.07  9357.86 2.96 2.00 -75.1 -0.366    19.36 21.03 04a60111o1031c 0xc00800
60111.429496 20.103715      NaN   -6    11 c    0   0.92 7.00081 -4.55466  1678.20  9238.95 2.83 1.90 -74.6 -0.374    19.37 21.01 04a60111o1065c 0xc00800
60143.119502 20.321591      NaN   -8     9 c    0   0.94 7.00081 -4.55466  9695.22  6535.58 2.50 2.21 -50.6 -0.380    19.63 21.30 03a60143o0894c 0xc00800
60143.121363 20.282105      NaN    1     9 c    0   1.15 7.00081 -4.55466  9675.65  6496.24 2.39 2.20 -47.0 -0.375    19.64 21.31 03a60143o0898c 0xc00800
60143.139449 20.207197      NaN   -4    10 c    0   1.03 7.00081 -4.55466  9737.87  6575.97 2.42 2.23 -41.6 -0.377    19.65 21.32 03a60143o0934c 0xc00800
60143.142197 20.449472      NaN   -4     8 c    0   1.16 7.00081 -4.55466  9761.14  6459.41 2.48 2.21 -40.3 -0.374    19.62 21.30 03a60143o0940c 0xc00800
60168.341466 20.137125      NaN    5     9 c    0   1.08 7.00081 -4.55466  7142.07  9640.50 2.62 2.17 -68.0 -0.390    19.61 21.57 04a60168o0673c 0xc00800
60168.363967 20.207197      NaN  -24    10 c    0   1.10 7.00081 -4.55466  7174.02  9658.86 2.81 2.27 -68.7 -0.375    19.56 21.53 04a60168o0721c 0xc00800
60168.367152 20.321591      NaN   -8     9 c    0   1.04 7.00081 -4.55466  7115.41  9578.04 2.71 2.14 -63.8 -0.390    19.59 21.56 04a60168o0728c 0xc00800
60168.391573 20.103715      NaN    3    10 c    0   0.81 7.00081 -4.55466  7106.80  9679.22 2.66 2.17 -66.4 -0.393    19.61 21.48 04a60168o0781c 0xc00800
60169.261446 20.282105      NaN    1     9 c    0   0.90 7.00081 -4.55466  3472.16   981.72 2.41 2.01  45.2 -0.413    19.69 21.75 04a60169o0657c 0xc00800
60169.263724 20.594452      NaN   -4     7 c    0   1.50 7.00081 -4.55466  3453.29   942.78 2.41 2.03  43.5 -0.410    19.66 21.76 04a60169o0662c 0xc00800
60169.266473 19.950541      NaN   11     9 c    0   0.85 7.00081 -4.55466  3512.98  1020.95 2.40 2.07  44.9 -0.415    19.63 21.77 04a60169o0668c 0xc00800
60169.289103 20.321591      NaN  -17     9 c    0   0.90 7.00081 -4.55466  3544.80   900.73 2.68 2.23  41.8 -0.400    19.56 21.77 04a60169o0715c 0xc00800
60171.165983 20.071303      NaN    1    11 c    0   0.94 7.00081 -4.55466  3942.23  6788.71 2.23 1.93 -72.7 -0.377    19.55 21.45 04a60171o0455c 0xc00800
60171.169671 19.841877      NaN   12    10 c    0   1.09 7.00081 -4.55466  3920.60  6750.77 2.21 1.90 -82.4 -0.381    19.57 21.50 04a60171o0463c 0xc00800
60171.175033 19.922338      NaN    6    11 c    0   0.95 7.00081 -4.55466  3977.04  6828.74 2.24 1.94 -75.5 -0.379    19.59 21.54 04a60171o0473c 0xc00800
60171.183296 19.384550      NaN   13    17 c    0   0.92 7.00081 -4.55466  3994.87  6713.60 2.27 1.91 -73.5 -0.385    19.08 21.01 04a60171o0491c 0xc00800
60174.182465 18.298627      NaN   45    43 c    0   1.05 7.00081 -4.55466  7553.14  4659.47 2.38 2.15 -28.3 -0.372    18.14 19.88 04a60174o0493c 0xc00800
60177.327232 19.696897      NaN   12    12 c    0   0.58 7.00081 -4.55466  3228.87  1632.28 2.79 2.43  44.3 -0.372    19.43 21.49 04a60177o0101c 0xc00800
60177.342947 20.449472      NaN  -14     8 c    0   1.42 7.00081 -4.55466  3176.72  1540.62 2.62 2.23  46.8 -0.382    19.55 21.44 04a60177o0135c 0xc00800
60177.346118 20.207197      NaN   -6    10 c    0   1.20 7.00081 -4.55466  3158.88  1654.38 2.67 2.29  47.0 -0.382    19.49 21.45 04a60177o0142c 0xc00900
60200.033599 20.321591      NaN   -2     9 c    0   1.00 7.00081 -4.55466  8612.35  3836.90 2.58 2.39 -44.1 -0.398    19.62 21.54 03a60200o0687c 0xc00800
60200.036923 20.244005      NaN    5     8 c    0   1.79 7.00081 -4.55466  8630.71  3876.36 2.52 2.34 -43.3 -0.400    19.65 21.53 03a60200o0694c 0xc00800
60200.042772 20.449472      NaN   -3     8 c    0   1.38 7.00081 -4.55466  8576.66  3797.98 2.53 2.37 -43.5 -0.399    19.63 21.51 03a60200o0706c 0xc00800
60200.078353 20.137125      NaN    2    10 c    0   0.97 7.00081 -4.55466  8558.47  3908.21 2.54 2.22 -53.3 -0.396    19.58 21.35 03a60200o0783c 0xc00800
60205.931081 20.207197      NaN   -7    10 c    0   0.96 7.00081 -4.55466  3643.95  2812.96 2.26 2.12 -37.2 -0.412    19.70 21.48 03a60206o0460c 0xc00800
60205.932889 20.495680      NaN    5     6 c    0   1.99 7.00081 -4.55466  3624.54  2773.70 2.24 2.11 -37.5 -0.409    19.70 21.47 03a60206o0464c 0xc00900
60205.955450 20.207197      NaN  -11    10 c    0   0.94 7.00081 -4.55466  3687.44  2854.51 2.23 2.07 -40.6 -0.415    19.70 21.45 03a60206o0512c 0xc00800
60205.959134 19.979496      NaN    7    10 c    0   1.06 7.00081 -4.55466  3710.41  2738.96 2.22 2.08 -36.2 -0.418    19.69 21.44 03a60206o0520c 0xc00800
60252.120670 20.009244      NaN   -1    12 c    0   0.84 7.00081 -4.55466  3175.79  7891.42 2.41 1.93 -75.9 -0.380    19.49 21.24 04a60252o0227c 0xc00800
60252.127911 20.449472      NaN   -3     8 c    0   1.52 7.00081 -4.55466  3199.85  7924.01 2.41 1.92 -76.7 -0.380    19.50 21.22 04a60252o0243c 0xc00800
60252.131123 19.979496      NaN   10     9 c    0   1.63 7.00081 -4.55466  3143.47  7843.68 2.44 1.95 -76.0 -0.378    19.50 21.21 04a60252o0250c 0xc00800
60252.141487 20.207197      NaN   -3    10 c    0   1.02 7.00081 -4.55466  3127.02  7951.15 2.40 1.90 -77.8 -0.373    19.51 21.18 04a60252o0272c 0xc00800
60253.886485 20.103715      NaN    3    10 c    0   1.19 7.00081 -4.55466  2749.70  3941.31 2.52 2.33 -62.3 -0.388    19.47 21.22 03a60254o0207c 0xc00800
60259.830471 20.103715      NaN   -9    11 c    0   0.70 7.00081 -4.55466  9055.20  1422.95 2.74 2.32 -55.8 -0.401    19.56 21.35 03a60260o0125c 0xc00800
60259.833650 19.743105      NaN   16    10 c    0   0.96 7.00081 -4.55466  9071.22  1461.79 2.71 2.26 -56.4 -0.402    19.58 21.36 03a60260o0132c 0xc00800
60259.839185 20.009244      NaN   -4    12 c    0   0.77 7.00081 -4.55466  9015.44  1382.25 2.76 2.23 -58.3 -0.407    19.57 21.37 03a60260o0144c 0xc00800
60259.849768 20.321591      NaN  -16     9 c    0   1.07 7.00081 -4.55466  8993.29  1497.11 2.60 2.25 -51.5 -0.406    19.60 21.41 03a60260o0167c 0xc00900
60265.838668 19.922338      NaN   12     9 c    0   1.28 7.00081 -4.55466  1056.59  5975.02 2.48 2.26 -45.9 -0.411    19.60 21.32 03a60266o0134c 0xc00800
60265.841876 20.321591      NaN  -21     9 c    0   1.33 7.00081 -4.55466  1075.97  6014.14 2.48 2.27 -50.9 -0.408    19.62 21.32 03a60266o0141c 0xc00800
60265.849914 20.321591      NaN   -4     9 c    0   0.90 7.00081 -4.55466  1015.42  5933.53 2.48 2.24 -46.5 -0.413    19.62 21.34 03a60266o0158c 0xc00800
60265.860048 20.009244      NaN    3    11 c    0   0.78 7.00081 -4.55466   996.06  6049.95 2.52 2.30 -51.9 -0.408    19.62 21.36 03a60266o0180c 0xc00800
60288.289307 20.009244      NaN   -3    12 c    0   0.92 7.00081 -4.55466  9057.42  2402.84 2.69 2.20 -60.6 -0.420    19.53 21.26 02a60288o0228c 0xc00800
60288.292469 20.137125      NaN    5     9 c    0   1.63 7.00081 -4.55466  9039.81  2363.99 2.70 2.23 -60.1 -0.419    19.53 21.26 02a60288o0235c 0xc00800
60288.298347 19.816329      NaN   10    11 c    0   1.00 7.00081 -4.55466  9102.69  2441.72 2.70 2.21 -59.8 -0.423    19.55 21.24 02a60288o0248c 0xc00800
60288.316089 20.207197      NaN    0    10 c    0   1.33 7.00081 -4.55466  9137.19  2325.99 2.79 2.26 -59.7 -0.424    19.52 21.17 02a60288o0286c 0xc00800
60319.817961 18.910912      NaN   15    28 c    0   1.28 7.00081 -4.55466  7501.19  2846.64 3.20 2.86 -61.7 -0.374    18.23 20.89 03a60320o0091c 0xc00800
60340.215218 18.226218      NaN  -27    62 c    0   0.78 7.00081 -4.55466  9386.04  8913.05 2.79 2.72  11.1 -0.384    18.26 19.10 02a60340o0027c 0xc00800
60340.218384 18.978793      NaN   -1    31 c    0   1.21 7.00081 -4.55466  9369.00  8873.77 2.83 2.75 -44.2 -0.374    18.72 19.70 02a60340o0034c 0xc00800
60340.224709 19.401649      NaN  -39    21 c    0   1.00 7.00081 -4.55466  9430.23  8952.82 2.86 2.70 -31.3 -0.376    19.07 20.28 02a60340o0048c 0xc00800
60340.235750 19.510313      NaN  -21    19 c    0   1.33 7.00081 -4.55466  9452.01  8837.49 2.81 2.65 -33.7 -0.386    19.12 20.41 02a60340o0072c 0xc00800