    0.854881917834788988E-06    0.289115862165178577E+02    0.155231461162490370E+00   -0.387342501806022455E+01   -0.285643054447223266E-01    0.188812793336096907E+01    0.771881988115421386E-02    0.204869397083154370E+01   -0.163375399461175430E+01    0.148893834960318550E+00    0.525284946841675371E-01   -0.352767941669397178E+00    0.558634631332131301E-01   -0.499936691616488904E+00    0.343233828170718069E+00   -0.101804360495888924E+01
    0.925501894699660903E-05    0.241076703752790173E+02    0.268893345294156760E+00   -0.860362794602174752E+01    0.398872390145622091E+00    0.216788289942402557E+01    0.608696824822912985E-02    0.230658369598843560E+01   -0.139805445457052357E+01   -0.611420850562366322E-01   -0.138453262872276195E+01   -0.305763363896296769E+00   -0.198677672077514633E+00   -0.123912902823262713E+00   -0.103357289573997077E+00   -0.118983727382144489E+01
    0.234468255397202890E-03    0.176033619471958716E+02    0.542552962631760172E-01   -0.312046978965444559E+02    0.552716241348223614E+00    0.136982389349796696E+01    0.686128214990414445E-02    0.237748815047556050E+01   -0.204964751481810570E+01    0.184717564545319290E+00    0.642720386063342985E+01   -0.134340423179558799E+00   -0.127924387092530206E+00   -0.182450726412972219E+00   -0.200378374455411429E+00   -0.105931841832452234E+01
    0.986681307900530479E-03    0.146893081665039062E+02    0.117643155776656419E+00   -0.145476965944753562E+02   -0.468125065329534462E+00    0.137126502712536080E+01    0.102162486380117934E-01    0.172304072217446658E+01   -0.170537268054230440E+01    0.355296829523065044E-01   -0.121816050364707209E+02   -0.551741114122057674E-01    0.125161310363212180E+00   -0.543335689718939974E+00    0.153783286056663637E+00   -0.131965711845082923E+01
    0.204694456041427117E-02    0.131897953578404010E+02    0.122423232741623852E+00   -0.179647494419038125E+02    0.619925545125773914E+00    0.159318446282156256E+01    0.269680937285226002E-02    0.100220225942482211E+01   -0.175973141971539149E+01   -0.857777520793003290E-01    0.121515796060398484E+01   -0.105215017200719976E+00   -0.196688943200990118E+00   -0.123455821366319066E+00   -0.265667165548356815E-01   -0.116264109697239881E+01
    0.201986240500767657E-02    0.131764330182756702E+02    0.549880902195927918E-01    0.289332054317069876E+01    0.566633818253610810E+00    0.155255412519050706E+01    0.859512325297354107E-02    0.191143904033152712E+01   -0.138068157205700093E+01    0.113344444739638978E+00   -0.332133102708732686E+01   -0.178410119719391330E+00   -0.195832667929315141E+00   -0.231975862161284463E+00   -0.570407671380861458E+00   -0.113122509756686895E+01
    0.201097247929956854E-02    0.131452549525669635E+02    0.732140571529666939E-01   -0.300158386143270839E+02    0.496379854478100180E+00    0.145537249493771692E+01    0.115705195543004281E-01    0.216172518662455149E+01   -0.223729337210490353E+01    0.698445368138414791E-01   -0.493571437125813706E+01   -0.342778502213496039E+00   -0.237697363868901113E+00    0.402464618610805791E-01   -0.294275059126131500E+00   -0.111277385350363178E+01
    0.240175597369572886E-02    0.127500915527343750E+02    0.118787710422150139E+00   -0.197348461909915791E+02    0.514459805738216147E+00    0.178559431814622149E+01    0.629815519050082838E-02    0.206198908906615985E+01   -0.140722542818847662E+01   -0.111176598646244212E+00   -0.447847905551435232E+01    0.124367223963149615E+00   -0.242688845783664481E+00   -0.670544296509812177E+00   -0.132606294708857986E-01   -0.102866195525601323E+01
    0.356309051876557096E-02    0.119212352207728802E+02    0.127673561630270743E+00   -0.811355425038489386E+01    0.450620824897367545E+00    0.203780898351123119E+01    0.104109618366622948E-01    0.115417029714135122E+01   -0.151817026647855524E+01    0.226379478136674028E-01   -0.682777538640942083E+01    0.236515107089020432E+00   -0.338944704268307972E+00    0.784468326691162565E-01   -0.137415102064675776E+00   -0.100166811582596171E+01
    0.412839003038264780E-02    0.115867167881556927E+02    0.138927646831305984E+00   -0.469795876066441842E+01    0.363258028597811977E+00    0.190354369401984469E+01    0.715537271642469400E-02    0.113612506830040227E+01   -0.187742026045425559E+01   -0.147712112416610919E+00   -0.240304343829311495E+01   -0.286918459598788478E+00   -0.693270256107040433E-02   -0.222612806919534223E+00   -0.620798117090680557E+00   -0.101431127207624527E+01
    0.416068287011014601E-02    0.115311333792550226E+02    0.665317529611483272E-01   -0.270605513540599674E+02   -0.329088558347756188E+00    0.204642815521044241E+01    0.899075445009300984E-02    0.210163727601284345E+01   -0.145314968182959880E+01    0.148939669202674541E-02   -0.251203020887864881E+01   -0.120549018480252859E+00   -0.391019265766220869E+00   -0.261245683098892123E+00   -0.226527867650608700E+00   -0.100771740932563647E+01
    0.431472326843548946E-02    0.114184254237583698E+02    0.894976510148192822E-01   -0.654566752030442167E+01    0.335735191113338771E+00    0.202840514412243511E+01    0.885382960314306904E-02    0.150557494270843151E+01   -0.189331424168832063E+01   -0.385732526925943869E-01   -0.159743254496480134E+02   -0.474572992413507394E-01   -0.886058983691360574E-01   -0.371163358593358805E+00    0.525273733312895397E-01   -0.109110325958531651E+01
    0.437954702194933657E-02    0.113486012050083698E+02    0.153158138948909339E+00   -0.260750726571283593E+02    0.532196831844166107E+00    0.204698729969548365E+01    0.935173560765506680E-02    0.267210564902266290E+01   -0.227295957726970688E+01   -0.104610238552775778E+00   -0.301191590260765940E+01   -0.215948161768816094E+00    0.109674514197489442E+00   -0.704260119645234717E-01   -0.210175355136816622E+00   -0.107372796042764596E+01
    0.437321701354000981E-02    0.113114940098353802E+02    0.640224005237311211E-01   -0.244482149683133088E+02    0.437982132128067025E+00    0.193471510353992016E+01    0.994341721517638319E-02    0.120728811684289372E+01   -0.122317934252883487E+01   -0.100145136859167011E-01   -0.297281171800811839E+01   -0.170377808145466048E+00   -0.247084914524550753E+00   -0.387034527389759520E+00   -0.322659382754749036E+00   -0.103259692390800462E+01
    0.435090252570660783E-02    0.112817252022879462E+02    0.107902491740344664E+00   -0.320261901189751725E+02    0.113095654409882673E+00    0.117258490606048671E+01    0.410344426529779798E-02    0.122299991746704251E+01   -0.214286995135042657E+01    0.259837693074455867E-01   -0.953383934624515206E+01   -0.389050070349022115E+00    0.110783628579902232E+00   -0.358582153307268947E+00   -0.542679205867322656E+00   -0.104954639777315828E+01
    0.523046752496326029E-02    0.108734904697963177E+02    0.210078675936959530E-01   -0.252814054130377066E+02    0.574266848322679158E+00    0.132542567099624398E+01    0.103369919102804901E-01    0.178979824510569152E+01   -0.193344480080233572E+01    0.128238797138733929E+00   -0.100537488409432356E+02   -0.376231127240865604E+00   -0.153642948673521074E+00    0.246661227075129580E+00   -0.530041161292314600E+00   -0.121466196094068879E+01
    0.581952658493239180E-02    0.106200539725167413E+02    0.775687262376949238E-01   -0.292759693005813837E+01    0.387973526767939059E+00    0.253606373888577696E+01    0.107033728475338912E-01    0.131599196596066426E+01   -0.234275677774450042E+01    0.594077822963598179E-01   -0.335535302926943091E+01    0.121371228506032075E+00   -0.184720681791233077E-01    0.245156504245399393E+00    0.576762707663433849E+00   -0.102416398607681836E+01
    0.586152018883348645E-02    0.105656738281250000E+02    0.196315987388979568E-01   -0.314344935779238632E+02   -0.121806471393201554E+00    0.133903897095988600E+01    0.845397579689575150E-02    0.107205741003810928E+01   -0.121927024056419731E+01    0.693123036403493764E-01   -0.890347436366900613E+00   -0.122743751586036121E+00   -0.357087185629518800E-01   -0.319866805337760463E+00   -0.304451450137312896E+00   -0.100062387270513731E+01
    0.642348682908427775E-02    0.103425696236746649E+02    0.699960838826119702E-01   -0.227433780438045297E+02    0.889126832745809503E+00    0.162395891965968464E+01    0.708091351338222593E-02    0.234497814762938139E+01   -0.234732991946037206E+01   -0.133664743824800286E+00   -0.497824338015012113E+01    0.247983492233035951E-01    0.492619400816401293E-02   -0.619249323181914391E+00   -0.144622553116981217E+00   -0.102834876654077667E+01
    0.636693371105245126E-02    0.103202558244977673E+02    0.977358893486884872E-01   -0.298237380113093593E+02    0.455348687131543528E+00    0.155940585299224832E+01    0.131108767764228883E-01    0.150799002769117796E+01   -0.237890312460827325E+01    0.762807781686705710E-01   -0.151435858143373867E+02    0.515218658143367925E-01   -0.643870939382417129E-01    0.120210079293468081E+00   -0.394485121854521004E+00   -0.100861182444724440E+01
    0.636984143120948847E-02    0.102793426513671875E+02    0.295510645490251050E-01   -0.237230084139085236E+02    0.767192675269975033E+00    0.117016246030573678E+01    0.343973105739678233E-02    0.181154488412787917E+01   -0.158818434529184982E+01    0.201436320161793997E-01   -0.427179952703276644E+01   -0.309188317884094455E+00   -0.251252455845628608E+00   -0.231227959402973360E+00    0.200669456796622736E+00   -0.102644909544221163E+01
    0.666150847036691470E-02    0.101497998918805798E+02    0.147257464733709154E+00   -0.141625868353255679E+02    0.458363289410858299E+00    0.197998955834110024E+01    0.101258213204081168E-01    0.206259792111937079E+01   -0.152300606815993556E+01   -0.100523881199800602E+00   -0.510428720995882834E+01   -0.527630370931018722E+00    0.386668667976515557E+00    0.140668657494459309E+00    0.273774760171119846E+00   -0.111003111658518416E+01
    0.673854789749388141E-02    0.100868028913225452E+02    0.158183460195541636E+00   -0.284803248288431270E+02    0.477212523206227590E+00    0.166938476088760179E+01    0.100788179523178985E-01    0.145409885070739242E+01   -0.980089348919570225E+00   -0.827255607371685381E-01   -0.359042269507863754E+01    0.129391472630468657E+00   -0.233518854040828783E+00    0.185845924638877974E+00   -0.478109544447894719E+00   -0.102383301101485902E+01
    0.672637023791604165E-02    0.100504204886300226E+02    0.110468273261621064E-01   -0.671736795883070670E+00    0.548916812034377477E+00    0.997985330602797704E+00    0.314270699329003995E-02    0.210217331344505665E+01   -0.268782421454336262E+01   -0.162973022991121097E-02   -0.461501213078756756E+01   -0.185130037471519127E+00   -0.106023365016755550E+00   -0.450692160393836305E+00    0.140865784763106128E+00   -0.100348311953254776E+01
    0.720134220140228060E-02    0.987395695277622742E+01   -0.160468001494512152E-01   -0.373640324547238407E+02    0.463003277652288436E+00    0.218056774819209487E+01    0.157549761032955773E-01    0.128327116601467961E+01   -0.273913540340971462E+01   -0.138204014590702084E-01   -0.903948943410419581E+01   -0.335700100021630643E+00    0.136079196444191197E+00   -0.128250835797637963E+00   -0.184666408700419699E+00   -0.105812192774094660E+01
    0.706707526545666525E-02    0.987159837995256773E+01    0.691775113504699418E-01   -0.124805445108939015E+02    0.861290885043899168E+00    0.229173207769252096E+01    0.119809137430965974E-02    0.183890019175487107E+01   -0.146724122870354035E+01   -0.247139647330240519E+00   -0.783186527415484868E+01    0.131903950573986933E+00    0.115106419020228057E+00   -0.142882343497203357E+00    0.956197104577702905E-01   -0.101652486458235880E+01
    0.697330431907018048E-02    0.985831342424665102E+01    0.813616599546094915E-01   -0.545848640549100317E+01    0.158024502706266023E+01    0.119136283846651203E+01    0.852435624141019074E-02    0.190801632441532787E+01   -0.203245176580335674E+01    0.604848095918822104E-01   -0.935412704200557599E+01   -0.156427643473172312E+00    0.602645762415156896E-01   -0.186549301779239673E+00    0.150957238852704290E+00   -0.102779117588758284E+01
    0.700818864337684165E-02    0.980833326067243227E+01    0.112120451264607943E+00   -0.249993469664951107E+02    0.116409270135925014E+01    0.214277739946694279E+01    0.132175740674428509E-01    0.215868164081925418E+01   -0.198344296309741264E+01   -0.127202657586234946E+00   -0.592167117767919482E+01   -0.472910179847535056E-01    0.106320019103238961E+00   -0.439563343220100267E+00   -0.364206477858981192E+00   -0.102646238920575006E+01
    0.720719337586650001E-02    0.971233258928571352E+01    0.540731197066355584E-01   -0.993983581956786821E+00    0.903528069703381065E+00    0.865030461494671221E+00    0.386500837739591104E-02    0.206302439430886819E+01   -0.999336142281259665E+00    0.170978922797913047E-01   -0.601769997765391196E+00   -0.506541873749643962E-01    0.167919829650229002E+00   -0.231644586988638268E+00    0.261398028029954044E+00   -0.101257444540990926E+01
    0.706758503534232838E-02    0.971145411900111633E+01    0.110735018481820713E+00   -0.220798543576549555E+02    0.602352978194003019E+00    0.143435920551935236E+01    0.100565855463388490E-01    0.156748659432549076E+01   -0.151447249232932712E+01   -0.677220903777939892E-01   -0.174494743582702960E+01   -0.273564764618014489E-02    0.256255515787958299E+00    0.245284647505230879E-01    0.109620449853224222E+00   -0.105675734788326370E+01
    0.728976823821019491E-02    0.960954829624721008E+01    0.112843538217699602E+00   -0.358740496879265081E+02   -0.115705952801874790E+00    0.137522194241674622E+01    0.679110919746351432E-02    0.665517673332118531E+00   -0.155462408545018849E+01   -0.911739212385315467E-01   -0.632706676019084835E+01   -0.116345311874316237E+00    0.783953537604953066E-01   -0.752655973902209008E-01    0.142040613959748541E+00   -0.101209318364506484E+01
    0.723442184761209032E-02    0.958479091099330383E+01    0.798176128356915260E-01   -0.252443270159990085E+02    0.749743666604652192E+00    0.151037073356633789E+01    0.889379215807420062E-02    0.139666064712357030E+01   -0.212053702110996634E+01   -0.922994831559308393E-01   -0.434681862049420342E+01   -0.189141099779439048E-01    0.122104318064571726E-01    0.247601551726364388E-01    0.137859405914238842E+00   -0.112910733120983342E+01
    0.733392061362494411E-02    0.951747131347656250E+01    0.114588837667902232E+00   -0.226782557058259862E+02    0.131309273387471759E+01    0.211851210639860632E+01    0.109120567467559850E-01    0.223330180336617401E+01   -0.190733390690861970E+01   -0.165661499503806930E-01   -0.109625357070653600E+02   -0.158462995806482321E+00   -0.242002960348836338E-01    0.333987131864681153E-01   -0.633354212430517149E+00   -0.103487398529309815E+01
    0.719206520182155522E-02    0.951653507777622742E+01    0.141132102134242987E+00   -0.275872974560071285E+02    0.243080258614848943E+00    0.873143575001862238E+00    0.546046731540176817E-02    0.187590218954527277E+01   -0.999658859547765566E+00   -0.213571395767313751E-01    0.368251755978454165E+01    0.360661072926493909E-01    0.935049722859187249E-01    0.280876801648949903E-01   -0.288470508590678354E+00   -0.107400415690453643E+01
    0.746040516009212080E-02    0.940327235630580383E+01    0.107691204918634639E+00   -0.172304581136550929E+02    0.148037309189545652E+01    0.179097966464099456E+01    0.620686734817213741E-02    0.206051358911416660E+01   -0.132952271276676082E+01   -0.998952057935925675E-02   -0.107604775823471099E+01    0.424697305945772596E-01   -0.326622483806020880E+00    0.642174247620078131E-02   -0.205652925526377761E+00   -0.101126949491962215E+01
    0.766015228944971673E-02    0.931042807442801390E+01    0.114932068532305615E+00   -0.225492849438441816E+02    0.365650910828379472E+00    0.142800314425246100E+01    0.126733672304233137E-01    0.147180539899428187E+01   -0.155445823910654224E+01    0.205080778132681052E-01   -0.204187151266293743E+01    0.316920763352631918E-01   -0.163591727579259549E+00   -0.216802422006868362E+00   -0.983436605192389568E-01   -0.106123461663513385E+01
    0.754043036223845699E-02    0.930193328857421875E+01    0.375947255512760412E-01   -0.214821743034237471E+02    0.831166636366008182E+00    0.138037490250420114E+01    0.883416802200458900E-02    0.749485033324545302E+00   -0.101808226975349392E+01   -0.243315230254136095E-01   -0.547696135800555695E+01    0.586716572156464888E-02    0.168048914952107831E+00    0.537620096442120998E-01    0.160360232864100671E+00   -0.103577625871924739E+01
    0.740247094399833303E-02    0.929886409214564758E+01    0.114556489053373498E+00   -0.178601029458677090E+02    0.597095792500693001E+00    0.192221181289111298E+01    0.178721438724048567E-01    0.166476888131107681E+01   -0.194609452419760176E+01   -0.204093777615796140E+00   -0.675855355310089401E+01   -0.211499138154972066E+00    0.141992791286202430E+00   -0.439282471353162729E+00   -0.215817581206271369E+00   -0.100411974702407214E+01
    0.760300339189765289E-02    0.920540509905133852E+01    0.735262917384969933E-01   -0.204005084543991515E+02    0.883332805999804460E+00    0.159812955157714609E+01    0.145644442697657767E-01    0.580660681345601004E+00   -0.217865956392444016E+01   -0.101750418732604472E+00    0.342118324229346182E+00   -0.732721553204945392E-01   -0.227191058472794000E+00   -0.461196895645848759E+00    0.139923562532076440E+00   -0.100043338903949008E+01
    0.770430851469449448E-02    0.913893236432756773E+01    0.518539672311086053E-01   -0.172423365604764030E+02    0.747217459339789669E+00    0.136361243623909933E+01    0.149327980913355370E-01    0.144699153190497531E+01   -0.220380310781563615E+01    0.650244097398287035E-01   -0.964145703192132686E+01    0.119047362458646694E+00    0.346683632085424895E-01   -0.729753340245073545E+00   -0.506004863900915369E+00   -0.105600357500574504E+01
    0.796603255397872190E-02    0.903211866106305727E+01    0.112226562875157379E+00   -0.279742222375786653E+02    0.575619905966916479E+00    0.902015361004600780E+00    0.417896806760007389E-02    0.134436635840947516E+01   -0.908969875486369649E+00   -0.142085172387551195E+00   -0.997479594595422014E+01   -0.347361390513584278E+00   -0.306849478174266860E-02   -0.385140703989526434E+00   -0.233693810946038860E+00   -0.101435267360886150E+01
    0.786937707903325595E-02    0.901653398786272398E+01    0.896318291159573372E-01   -0.167281167798423240E+02    0.808682903118026486E+00    0.189815955191145225E+01    0.126683693868416495E-01    0.182303570095007039E+01   -0.103731294084313364E+01   -0.119331138240378803E+00   -0.958211898504196036E+01   -0.273282057269331524E+00   -0.302412905934535403E-01   -0.210889662281071505E+00   -0.478601470819785435E+00   -0.103290329090434385E+01
    0.776492677301764741E-02    0.900325775146484375E+01    0.447571981130807928E-01   -0.109100771687784910E+02    0.374045556562709602E+00    0.166829938962027979E+01    0.328608314004232276E-02    0.186517921997794112E+01   -0.197434943069836666E+01   -0.228487323205540993E+00    0.534771490608806666E+01    0.436228041835513003E-01   -0.222302036911903311E+00   -0.534594164624791812E+00    0.172394324953433209E-01   -0.105986215116850513E+01
    0.790095701465137745E-02    0.892852401733398438E+01    0.114139869007244876E+00   -0.205545999136152773E+02    0.174925147786533985E+01    0.146495388402276339E+01    0.628480708603966660E-02    0.581344289545462911E+00   -0.804808786726259218E+00   -0.972967446804616498E-02   -0.101864495559831472E+02    0.142615489169821696E-01    0.261997168696110130E-01   -0.183717506346757042E+00    0.163694397414389792E+00   -0.106463240811662718E+01
    0.777358375937086451E-02    0.892102922712053648E+01   -0.102429118643899419E-01   -0.331392877524171752E+02    0.425705788507446670E-02    0.142243381789379364E+01    0.385477637542855703E-03    0.205882020027253887E+01   -0.100590466892769159E+01   -0.157310816471934234E+00   -0.249738935106749116E+01    0.380512071645295324E-01   -0.251209317292542311E+00    0.486566569809473992E-02   -0.796379209465517324E+00   -0.102661183324970406E+01
    0.795016933594482923E-02    0.883610534667968750E+01    0.637926370011979715E-01   -0.135735792074752055E+02    0.890961826174296534E+00    0.153240816444864292E+01    0.397782760183274312E-02    0.152114491795479911E+01   -0.214747407843757854E+01   -0.233233290394493059E+00   -0.925811035090250911E+01   -0.446242328180678771E+00    0.172449721640877685E+00   -0.408587282733510637E+00    0.623961718209977700E-01   -0.104040731263594433E+01
    0.789378709332633557E-02    0.881033979143415102E+01    0.109574004719505388E+00    0.652175362127105984E+01    0.146789406412698753E+01    0.118735232226734522E+01    0.143297577815463713E-01    0.977061308925466943E+00   -0.188126791022102013E+01   -0.251776071652567990E-03   -0.542164203944716228E+01   -0.208131697975899532E+00    0.214464428382884695E-01   -0.391226774574975567E+00    0.432973894958216532E+00   -0.105977979261962441E+01
    0.789028553901062468E-02    0.877122715541294617E+01    0.111212738693212840E+00   -0.165541701040279854E+02   -0.769058304758544531E+00    0.103699917933772667E+01    0.107510308245534862E-01    0.131093558372121177E+01   -0.207476274532449256E+01   -0.123206363745290620E+00    0.163476574011736320E+01   -0.262455085366832763E+00   -0.150135944077177341E+00   -0.220990530685707676E-01    0.356121737961625662E+00   -0.101085770189051316E+01
    0.793935636768297766E-02    0.871882738385881773E+01    0.113373576864453235E+00   -0.179862280987603711E+02    0.239217386271020960E+00    0.178540538364394474E+01    0.175461211344612664E-01    0.164245160356917630E+01   -0.170829772961916992E+01   -0.210737754055694615E+00   -0.530262077326965731E+00   -0.546392250725045159E-01   -0.684072983471960966E-02   -0.430116906105593166E-01   -0.424160506734686416E+00   -0.113585624870615542E+01
    0.783579610728236953E-02    0.870508684430803648E+01    0.103400771054106319E+00   -0.173884745210083089E+02    0.122387947169361944E+01    0.156089733080291437E+01    0.120179481597234485E-01    0.147882850836423052E+01   -0.125967137364000070E+01   -0.723027117395042274E-01    0.979665230320270197E-01   -0.102214435998281117E+00   -0.105139940840433210E+00   -0.885332308285469299E-01   -0.228804066844620679E+00   -0.110616360947755576E+01
    0.779278943168914499E-02    0.867609405517578125E+01    0.147571041440784839E+00   -0.182670966242783486E+02   -0.442635930166793701E-01    0.839085129784219563E+00    0.100945135611677644E-01    0.170249601155032915E+01   -0.134245945879351525E+01   -0.138859898148942951E+00    0.116283772952123288E+01   -0.295520318754060179E-01   -0.137241440824763999E+00    0.197420230792007906E+00   -0.176412724095872275E+00   -0.117110733823821378E+01
    0.771303620515182385E-02    0.865666798182896180E+01    0.250790138680679897E-01   -0.776225507119675484E+01    0.138289712857272162E+01    0.113173289811726896E+01    0.944700071161604094E-02    0.187143950639417955E+01   -0.168265580110321644E+01    0.481430658925707383E-01   -0.310644420346177430E+01   -0.245532078411231286E+00   -0.707066578796112233E-01   -0.152050762851446031E+00    0.187862443656386102E+00   -0.104023445310135787E+01
    0.756066836762328293E-02    0.865657261439732117E+01    0.122641348621701812E+00   -0.307842868035386488E+02    0.459688649488668055E+00    0.158445068865926686E+01    0.884871105684771619E-02    0.180054488934372414E+01   -0.105214112404494387E+01   -0.258168156223284873E+00    0.113544266691466911E+01   -0.165011655723397488E+00   -0.266686405629862511E+00   -0.339662398830936407E+00   -0.179077992117598339E+00   -0.107684531483368851E+01
    0.746297286448207187E-02    0.864258411952427430E+01    0.112557899887379131E+00   -0.170053685821501794E+02    0.471626623566436920E+00    0.188451402116552158E+01    0.112018469825516647E-01    0.232825288730525504E+01   -0.297331038362883859E+01   -0.221091549681193766E+00    0.850960329309975450E-01   -0.764586753058736496E-01    0.191608481042297690E+00   -0.269230366672368326E-01    0.272387084566735715E+00   -0.104894494745538824E+01
    0.745053960343202131E-02    0.860591888427734375E+01    0.130512684046986072E+00   -0.174349235225001742E+02    0.121745550392914792E+00    0.110976572836633181E+01    0.186306339551003258E-02    0.145436357885085865E+01   -0.119699215343125598E+01   -0.107816877389514759E+00   -0.764538896099020526E+01   -0.100186154315676373E+00    0.353674223162379689E-01   -0.722802709982563352E+00   -0.250876891046799666E+00   -0.103008027208245601E+01
    0.770894061670310184E-02    0.849773025512695312E+01    0.136685997457350383E+00   -0.199195773380738466E+02    0.405189811076455075E+00    0.947907364544355868E+00    0.439305707754602745E-02    0.135490207893405223E+01   -0.140403703393352330E+01   -0.177531016617871185E+00   -0.992813126380056232E+01   -0.254875207357747768E+00   -0.121391857749771653E+00    0.127920776747830617E+00    0.988457178756792232E-01   -0.110139955499667130E+01
    0.771016674549463918E-02    0.845741217476981078E+01    0.627396502123343525E-01   -0.343798334231612870E+02    0.108781258848344775E+01    0.951003731168836075E+00    0.423324059074262071E-03    0.128770922851706948E+01   -0.160519792909908410E+01    0.388405614975646796E-01   -0.145632418157737109E+01   -0.168146049358913002E+00    0.676873796035890596E-01   -0.437244391705007618E+00   -0.334784870887360975E+00   -0.101369487768421651E+01
    0.759766437757838659E-02    0.844681004115513367E+01    0.110104292210179450E+00   -0.466007602650865138E+01    0.864439024463768413E+00    0.129471297394299256E+01    0.134956420389395863E-01    0.128326054391817168E+01   -0.179275508323005872E+01   -0.398254524671669621E-01   -0.897945026432822502E+01   -0.111431500252603705E+00   -0.271714503604840563E+00   -0.450171746966521624E+00   -0.432022863109123717E-01   -0.107239357792769097E+01
    0.747815085779330278E-02    0.843852070399693055E+01    0.825129868952365481E-01   -0.119754156735959398E+02    0.107994830114379869E+01    0.189064188455539273E+01    0.844949511055871801E-02    0.157261734730960523E+01   -0.147891556242327171E+01   -0.173911998719307681E+00   -0.707195240759429300E+00   -0.317906015641883533E+00   -0.596178254845964178E-01   -0.374135226939010024E+00   -0.477684714642502561E+00   -0.109431880282571270E+01
    0.736120727368778666E-02    0.843004390171596008E+01    0.650231180309884804E-01   -0.708159141091058508E+01    0.151999178426906156E+01    0.115650875738766956E+01    0.955383183387475618E-02    0.144155500548733184E+01   -0.175388025397120684E+01    0.569774319490483627E-01   -0.193879434897745617E+01   -0.877926768523312195E-01   -0.115689730061397766E+00   -0.419761610750483238E+00   -0.369274831475782550E+00   -0.100575309803141444E+01
    0.745475343719438025E-02    0.836478805541992188E+01    0.408773235391708054E-01   -0.764436304672200606E+01    0.176205406442186796E+00    0.962077548830921891E+00    0.102800320531951702E-02    0.209607687922078645E+01   -0.233248852174821009E+01   -0.122842143615119859E+00   -0.975411172491051914E+01   -0.563131454569549161E+00   -0.626591304410358124E-01   -0.418701070253016505E+00   -0.367184075062694126E+00   -0.121924026899755988E+01
    0.773610835346404471E-02    0.825069427490234375E+01    0.552588576545653826E-01   -0.230482396721727412E+02    0.115027959606583119E+01    0.129625413859461602E+01    0.889863969674748248E-02    0.228232808366846784E+01   -0.141292983168760378E+01   -0.187275889625513281E+00   -0.558181279697924104E+01   -0.334539962783321987E+00    0.391501411500719890E-01   -0.202848146888508885E+00   -0.210566738565944322E-01   -0.103401411884496452E+01
    0.763619999295406509E-02    0.823669161115373960E+01    0.667671630860990906E-01   -0.200746309951293860E+02    0.261675222062741575E+00    0.111179735432107019E+01    0.164458153523043583E-01    0.194475354291728086E+01   -0.144632775251810619E+01   -0.133597357074913548E-01   -0.712411013177865371E+01    0.113786660835647951E+00   -0.868150146576689152E-01   -0.715542627493748751E-01   -0.347610339282738545E+00   -0.103222040886030819E+01
    0.757815523362618832E-02    0.821195220947265625E+01    0.155542898272495039E+00   -0.163400831082194067E+02    0.124917654861262695E+01    0.134541654434698188E+01    0.138464558899614332E-01    0.983694752708073161E+00   -0.932796879009795465E+00   -0.157405531442715851E+00   -0.134186013684610081E+02   -0.474017809269566132E-01   -0.460297596649572316E+00   -0.828253487774329389E+00   -0.172385060645212723E+00   -0.101791327072705018E+01
    0.751409132610365155E-02    0.818893160138811460E+01    0.108681352264986528E+00   -0.136433746766562329E+02    0.706145557650967537E+00    0.135040437365897281E+01    0.129609226720581831E-01    0.743317189514277055E+00   -0.137410104449762360E+01   -0.153322185063448746E+00   -0.603489661710326608E+01    0.461681296675478525E-02   -0.873858677017448071E-01   -0.133212345928277631E+00   -0.439883081611348453E-01   -0.105660061102080416E+01
    0.754347326961036114E-02    0.814112636021205383E+01    0.407215868275672063E-01   -0.179064522132187491E+02    0.760288301274400058E+00    0.134242899580540320E+01    0.781425711395278971E-02    0.120647749969677909E+01   -0.969456925641870471E+00   -0.125952835680064379E+00   -0.120385140526560566E+02   -0.260160006747622741E+00   -0.584739318199918173E-01   -0.381029335452467310E+00   -0.229525327288984976E+00   -0.105013879412224198E+01
    0.747492280074557071E-02    0.811938422066824828E+01    0.683422820631577888E-01    0.970497404685518461E+01    0.894039784499011780E+00    0.101816411405788632E+01    0.182553363749253655E-01    0.109555178264357678E+01   -0.801701767990324443E+00    0.303613690574172368E-01   -0.120531379465975501E+02    0.136271952527045603E-01   -0.137358368658428792E+00   -0.439776884906164400E+00    0.303791463230013492E+00   -0.106836621368579410E+01
    0.736665583668857926E-02    0.810856410435267883E+01    0.488627278264550310E-01   -0.203800545465120422E+02   -0.306783755581764517E+00    0.229389336671212662E+01    0.148258533771700365E-01    0.221566563404462746E+01   -0.184837549393068445E+01   -0.154422336395897031E+00    0.402572042367246397E+01   -0.798714996967061358E-01   -0.122595910502293459E+00   -0.117583997722308639E+00   -0.556838665255451337E+00   -0.110780290009597393E+01
    0.730480383749103433E-02    0.808542742047991148E+01    0.494176276914413473E-01   -0.324394997397538276E+02    0.880277470025279118E+00    0.136450313093880315E+01    0.615675580160924846E-02    0.135029713429493659E+01   -0.994490100505368235E+00   -0.113923306653571782E+00    0.213348538207078731E+01   -0.109619573785824057E+00    0.483427707822113514E-01   -0.124849230031870428E-01   -0.129088810927808662E+00   -0.101014661769851943E+01
    0.717727988101839881E-02    0.808065087454659547E+01    0.145790135134316295E+00   -0.272952751072404887E+02    0.156731622222814115E+00    0.845968570931113661E+00    0.831086988014040004E-02    0.123184700360882471E+01   -0.145215070112549904E+01   -0.224714833586067975E+00   -0.442832882193609656E+01   -0.940902196264359336E-03   -0.105409222242840606E+00   -0.580820699370008575E+00   -0.168024294111956518E+00   -0.100707997757905665E+01
    0.704249053636468812E-02    0.807856804983956422E+01    0.747593642308371636E-01   -0.923642510788565652E+01    0.418880141277582274E+00    0.157516520811666560E+01    0.980871295243225354E-02    0.163102458457989496E+01   -0.243095307193321908E+01   -0.221631419515328498E+00   -0.297531997083036659E+01   -0.158759119890191369E+00   -0.112685302432798923E+00   -0.606029613269832845E-01    0.173176906097785965E+00   -0.100693548641921549E+01
    0.720456086644380260E-02    0.799306324550083680E+01    0.921698681708804785E-01   -0.193751727600945323E+02    0.163667376791354169E+01    0.137216753857291840E+01    0.124767586218966012E-01    0.623933114331950311E+00   -0.243831019466528520E+01    0.186167973691059307E-02    0.121007346554729844E+01   -0.207039125364482157E+00   -0.220743494254041633E+00   -0.390370746442027627E+00    0.444783006011781279E+00   -0.103580033735930743E+01
    0.727441155395083458E-02    0.793376595633370574E+01    0.332906611199829949E-01   -0.247322890889754206E+02    0.365100428496781482E+00    0.424711728425707591E+00    0.750276292347833943E-02    0.169481981942943061E+01   -0.891908224684219375E+00    0.152020717675083045E-01   -0.522039753858119582E+01   -0.110082414580403118E+00   -0.155408894914664780E+00    0.411937179763159134E+00   -0.268109972549534059E+00   -0.101550230683613174E+01
    0.713626566285876715E-02    0.793211255754743316E+01    0.151016159326118588E+00   -0.999783668213623855E+01    0.714284565639551450E+00    0.116893529785873507E+01    0.810565877539932457E-02    0.984548299955942063E+00   -0.177050144548367427E+01   -0.155910013441084461E+00   -0.632654204889749217E+01   -0.215724614443732698E+00   -0.505210220972398094E+00    0.128110695304976901E+00    0.546793278814780570E-01   -0.109413874786081333E+01
    0.707384384223199054E-02    0.790968377249581511E+01    0.165721233719387379E-01   -0.232767475636462109E+02    0.720834796501880315E+00    0.152584061817171657E+01    0.138467927533291318E-01    0.132719173774536570E+01   -0.205072454817265326E+01   -0.107624696595134628E+00    0.508297131742758523E+01    0.684947522240561546E-02   -0.191546900699134909E+00   -0.287424251044600565E+00    0.105905200946972644E+00   -0.102458087692616528E+01
    0.697513303863995463E-02    0.789778900146484375E+01    0.116812438082628534E-01   -0.192352814956975564E+02    0.168583497570444218E+00    0.166718027468490870E+01    0.107832553406461452E-01    0.121276203363584267E+01   -0.217496677977118757E+01   -0.922401951040462686E-01    0.915482405569024937E+00    0.272383342381672389E-01   -0.437631773544779057E+00   -0.565752634417782563E+00   -0.541659461286786437E-03   -0.101430302574203823E+01
    0.683717822823212869E-02    0.789774159022739930E+01    0.447160744433020146E-01   -0.334330367017258823E+02    0.594597954041675592E+00    0.183872377460997183E+01    0.135961357636139070E-01    0.144266748919813237E+01   -0.126534906184520279E+01   -0.287613724629559919E+00    0.271749551361834341E+01   -0.147572290134767081E+00   -0.554484859030497726E-01    0.239683727008691810E+00    0.109562734289719133E+00   -0.110793917870424252E+01
    0.705091536002895591E-02    0.779617691040039062E+01    0.278183129858039502E-01   -0.284319870326366377E+02    0.394211073392505829E+00    0.159320840752992066E+01    0.842694727932717137E-02    0.172138643422522430E+01   -0.123974585913292801E+01   -0.145302471067879246E+00    0.407446277941260604E+01   -0.160893781914525108E+00    0.180438793827950195E+00   -0.111664810222945679E+00   -0.906409435674569164E-01   -0.114259784709128764E+01
    0.691393671923670045E-02    0.779541342599051301E+01    0.912202054777378202E-01   -0.225376508829402056E+02    0.468107085982417404E+00    0.156309532674677421E+01    0.147871285875951167E-01    0.214432669421511690E+01   -0.123325197249646878E+01   -0.118890417312221663E+00    0.826697431614551626E+01   -0.161573522897225597E+00   -0.262834820412774284E+00    0.113662006467710186E-01   -0.287868036712109698E+00   -0.101532505014246377E+01
    0.682048217303413400E-02    0.778263146536690886E+01    0.770744466150058427E-01   -0.281773987047880894E+02    0.915927404236850373E+00    0.900203595862793970E+00    0.126622958493680677E-01    0.116314940323797478E+01   -0.163520608837954096E+01   -0.255809863397209181E-02   -0.348384802059196064E+01    0.211044025450603800E-01    0.100688189959524249E+00   -0.205565267420686731E+00   -0.699152093727371388E-01   -0.130786593641869708E+01
    0.669276914899264840E-02    0.778043637956891754E+01    0.134248101807273312E-01   -0.189275729720874288E+02    0.115963202347121297E+01    0.114842579819312696E+01    0.153582948883587509E-01    0.220749891607579718E+01   -0.840486592303720137E+00   -0.281996987845579070E-01   -0.710058184580513085E+01    0.143487748009863969E-01   -0.439365703678344321E+00   -0.200248793374077777E+00   -0.290774751491555294E+00   -0.100598943528079099E+01
    0.671657092770280070E-02    0.773333631243024566E+01    0.125261028765669524E+00   -0.223857625268326217E+02    0.701282614052509023E+00    0.761119626297284690E+00    0.179999926015990200E-01    0.102148412192677274E+01   -0.200811595952939959E+01   -0.626273687672952717E-02   -0.671977544107545377E+01   -0.186469657888271217E+00    0.375479654520184336E+00   -0.740586359303102570E+00   -0.874903559983725598E+00   -0.114237055018179379E+01
    0.660980233939035232E-02    0.772538430350167449E+01    0.105553277664585679E+00   -0.101872662066152913E+02    0.611164389146912845E+00    0.110556967414321505E+01    0.719568883294069688E-02    0.932183728682906221E+00   -0.194106847521411741E+01   -0.441817965580210276E-01   -0.120456085872214302E+02   -0.360574515482253721E+00    0.116383880460501576E+00   -0.420302628791418720E+00    0.736694218522969957E-01   -0.108976395492114064E+01
    0.648786546512902101E-02    0.772262464250837066E+01    0.525728484656044354E-01   -0.173996980288881886E+02    0.937672321300373035E+00    0.817377113308511927E+00    0.859269568989217900E-03    0.166127205505352027E+01   -0.193332230174492214E+01   -0.562905686894180773E-01   -0.519368043548781610E+01   -0.129179767955906355E+00    0.912844133416040870E-01   -0.508114134963929098E+00   -0.115259488915290753E+00   -0.106852576104862607E+01
    0.647528152251406180E-02    0.768650763375418489E+01    0.942819479554624362E-01   -0.108630971866153416E+02    0.133489104491275556E+01    0.161978381288782836E+01    0.998027363304438558E-02    0.143460577149667223E+01   -0.145381457398791292E+01   -0.280764082553933841E-01   -0.260827535767433183E+01    0.782873113698267786E-01   -0.501321647154432393E+00   -0.329240189602882594E+00   -0.608561778508456164E+00   -0.116446456949560928E+01
    0.636634194592264335E-02    0.768044172014508941E+01    0.566206755572069981E-01   -0.260463212942754723E+02    0.787821486000021109E+00    0.111826928421222327E+01    0.138739295490917340E-01    0.148893931150261682E+01   -0.182814497583404423E+01   -0.223742313589427366E+00   -0.135642039432096642E+02   -0.150689891749927279E+00   -0.132095342840916924E+00   -0.232611391247043497E+00   -0.204562382522210262E+00   -0.105948314111495345E+01
    0.624928292342194578E-02    0.767755835396902864E+01    0.560070290160335910E-01   -0.285533598613270421E+02    0.977155478932681065E+00    0.119682045062067210E+01    0.437086037458618570E-02    0.130259781765915816E+01   -0.140893266779625481E+01   -0.101009975156354931E+00   -0.447350781456941604E+01    0.508017409836841183E-01   -0.117773896334554054E-01   -0.156138948470240541E+00   -0.310947693001716152E+00   -0.117327940717535428E+01
    0.619351586509967519E-02    0.765548597063337066E+01    0.561244656678425574E-01   -0.305213788798956784E+02    0.321141499793771934E+00    0.117605988608967160E+01    0.166685158746365178E-01    0.120134678780095783E+01   -0.103956843104248153E+01   -0.237344431662399963E+00   -0.153811211246933843E+01   -0.324321752160653065E+00    0.609609905422992884E-01   -0.103821254417728132E+00   -0.370273995384522159E+00   -0.101089463689341574E+01
    0.615371348646817987E-02    0.762838036673409636E+01    0.317179760530684474E-01   -0.208951313110215544E+02    0.611345403227991135E+00    0.991605340259894108E+00    0.140953804828561485E-01    0.137069509623526065E+01   -0.246334854819266535E+01   -0.676547808240363369E-01   -0.777938756349259464E+01    0.138320608990407351E+00   -0.237003258142742840E+00    0.155461622290474971E+00    0.220099516859244060E+00   -0.100955299147940791E+01
    0.604073527838856848E-02    0.762544032505580383E+01    0.998995787881500064E-01   -0.155077941066891665E+02    0.993672019902367643E+00    0.736244168804055854E+00    0.805645533274158485E-02    0.161190003257310766E+01   -0.217493326872175130E+01   -0.951304168121133858E-01   -0.529002906321283728E+01   -0.175187271833709413E-01   -0.313753979283364626E+00   -0.102171884236681915E+00   -0.447570819210741655E-01   -0.117830252540300284E+01
    0.602330279862828017E-02    0.759122031075613801E+01    0.910716904325212517E-01   -0.168919076104115184E+02    0.519862785662477123E+00    0.689564796324187324E+00    0.825435236834062835E-02    0.137852824443759259E+01   -0.145376526947324414E+01   -0.892768686331626288E-01   -0.111249484010919595E+02    0.141673757340721435E+00   -0.196650564264087779E+00   -0.388540735972127238E+00   -0.342534411143820217E+00   -0.111188584375577038E+01
    0.602497326675535943E-02    0.755066571916852691E+01    0.120854445086425455E+00   -0.158470029834359476E+02    0.964992086188314779E+00    0.331296680006425426E+00    0.157408119983199202E-01    0.119584898675629470E+01   -0.938642216650009464E+00   -0.974296416940141075E-01   -0.295450654177735705E+01   -0.230898575562238639E-01   -0.112976202146041149E+00   -0.335536909558649232E+00    0.399574973306376535E+00   -0.106649102029754417E+01
    0.590621633579045333E-02    0.755048097882951996E+01    0.589776649034110464E-01   -0.610731139888177132E+01    0.127103703460609729E+01    0.124329860169984374E+01    0.140515137975718608E-01    0.158452600099151764E+01   -0.254054279778231873E+01   -0.795686027098095605E-02   -0.959200640597736687E+00    0.233159249004011859E-01   -0.328926839848260544E+00    0.162894792140733907E+00    0.759076968520800976E-01   -0.106682988192026618E+01
    0.589601031889343871E-02    0.751393999372209809E+01    0.335545545378004087E-01   -0.256406004812104840E+02    0.812776543712433908E+00    0.114341498183273882E+01    0.775910585293810781E-02    0.128559433140207879E+01   -0.112594193202439086E+01   -0.108199984852969250E+00   -0.629545852891945579E+01    0.720620982449936831E-01   -0.499667344126075164E-01   -0.156253526114063762E+00   -0.931896973898858061E+00   -0.104585321246718954E+01
    0.579349402043473002E-02    0.750902066911969879E+01    0.159119431311663256E-01   -0.361055913481435908E+01    0.840172439305928220E+00    0.183583888080033231E+01    0.796345589048218748E-02    0.158028780342681907E+01   -0.143495092870297047E+01   -0.973769877060838562E-01    0.198451533625736642E+01   -0.140430562800070324E+00   -0.301550497297216787E-01   -0.461519396694818007E+00   -0.246184843400362646E+00   -0.102573352755466551E+01
    0.573226025833581919E-02    0.749027197701590364E+01    0.114244523907607018E+00   -0.163067375360568754E+02    0.104115244437160670E+01    0.704431527759499465E+00    0.522550767433889278E-02    0.154802113600120061E+01   -0.103087159069583389E+01   -0.850979635387109357E-01   -0.648847608954426569E+01   -0.916932905381000612E-01   -0.809507124594508326E-01   -0.508146058994216165E+00   -0.156624748705175537E+00   -0.107816306576755849E+01
    0.570747122401680206E-02    0.745893968854631684E+01    0.168052898243429977E-01   -0.282952243048834049E+02    0.465151786042595661E+00    0.909246114161365360E+00    0.100256267484848862E-01    0.154313405367655743E+01   -0.887290414564146035E+00   -0.165696439303571252E+00   -0.329841962049512549E+01   -0.173919252773431343E+00    0.105925145610425542E+00   -0.212220086924477386E+00    0.253707998462377737E-01   -0.103784372851887507E+01
    0.561316349071105860E-02    0.745226287841796875E+01    0.844744273984445876E-01   -0.195873046327977995E+02    0.930117376201198276E+00    0.274797848925413035E+00    0.127552860591558237E-01    0.168520473688162276E+01   -0.168615041476236205E+01   -0.102421551963800039E+00   -0.989288226638112356E+01   -0.234536974297681000E+00   -0.223616238150570051E+00   -0.416364562950135075E+00   -0.381318158955233244E+00   -0.105334320395781034E+01
    0.555301254004821662E-02    0.743381064278738801E+01    0.338004538249470771E-01   -0.104053248784614905E+02    0.466680958849871041E-01    0.343281143008602685E+00    0.112073683416135141E-01    0.181676594432136840E+01   -0.210979616176759865E+01   -0.109823568092607599E+00   -0.852457178738105448E+01   -0.264631526335826650E+00   -0.105683599865577266E+00   -0.435498078551807277E-01    0.945673910843918830E-01   -0.100146449229103940E+01
    0.549007493836258225E-02    0.741660799298967621E+01    0.401349601094216774E-01   -0.259297529017560109E+02    0.704544776365994552E+00    0.121420103850730832E+01    0.889555190822645739E-02    0.104498223953416525E+01   -0.943319264583378336E+00   -0.925378509458308768E-01   -0.327403063767027547E+01    0.187532895859884030E-01    0.330338887350810004E-01   -0.621638457350771056E-01   -0.498939314982466631E+00   -0.104272503254210314E+01
    0.539702359125413152E-02    0.741079657418387239E+01    0.109829952725708446E+00   -0.211437462127431317E+02    0.578264680647618601E+00    0.817690366456485518E+00    0.176544747292125270E-01    0.154512889411167520E+01   -0.121915947428861915E+01   -0.653829714215953955E-01   -0.480080043372632659E-02   -0.268699471941376888E+00   -0.353140403655968008E-01   -0.818580125869922681E+00   -0.988968215459421762E-01   -0.101970057675796077E+01
    0.530792944200086849E-02    0.740408815656389496E+01    0.133944428230971996E+00   -0.136389575855843326E+02    0.169297063926281766E+01    0.965366565268838905E+00    0.111780589265106228E-01    0.149059186078196548E+01   -0.930263988387571850E+00   -0.115590098425232324E+00   -0.936779416021986577E+01   -0.947607471059471740E-01   -0.221144024281166612E+00   -0.621274689835806360E+00    0.487553842829615003E-01   -0.107452156682765709E+01
    0.528108010091624287E-02    0.737423052106584809E+01    0.117411560047448793E+00   -0.157722145505319347E+02    0.786298340653183381E+00    0.114124463669991760E+01    0.947003843830802362E-02    0.978864359973790510E+00   -0.196683309674754581E+01   -0.127048144653967576E+00   -0.394983270318351876E+01   -0.232367536879971026E+00    0.648046092864341949E-01   -0.300698987188287636E+00   -0.124717661657784473E+00   -0.106764549972619682E+01
    0.525043373056411494E-02    0.734587042672293489E+01    0.422072841844573082E-01   -0.309234474561495354E+02    0.830739421270345946E+00    0.872364690661709741E+00    0.114516079164055651E-01    0.123492045596542921E+01   -0.175709092041938009E+01   -0.103390791881837057E+00   -0.121979456543445330E+01   -0.354751309208010679E+00    0.855218705457872208E-01    0.480106297748413069E+00   -0.574253741600829204E+00   -0.102154979051249417E+01
    0.515621076028443138E-02    0.734208788190569184E+01    0.108570752110348029E+00   -0.258070795114598681E+02    0.225996165869941090E+00    0.916430042224694041E+00    0.103475971210059553E-01    0.122934470371431281E+01   -0.136691407277751598E+01   -0.104625477779470025E+00   -0.299260183595576512E+01   -0.128981812579398059E+00    0.303061981639078659E+00    0.117258933402738769E+00    0.792776064951263570E-01   -0.116178953000353169E+01
    0.512745827028335439E-02    0.731327165876116059E+01    0.786500699110423973E-01    0.426638774116870678E+01    0.153148086347494461E+01    0.140603161087974171E+01    0.105961322623983577E-01    0.113368326242061568E+01   -0.153823235304192707E+01   -0.122431516067716503E+00   -0.719216318012115075E+01   -0.217178525885130619E+00   -0.137297923538988564E+00   -0.394448524373923859E+00   -0.181217876053353155E+00   -0.102675833813446737E+01
    0.503452299785289801E-02    0.730985423496791320E+01    0.696218383185177869E-01   -0.229263451979705479E+02    0.784710070429628148E+00    0.593689806426546673E+00    0.647554345914093301E-02    0.141001083992706100E+01   -0.210547332150675581E+01    0.343082271035214242E-01    0.251622730847294163E+01   -0.100986154056669511E+00    0.216526390921125342E-01    0.262286449356031737E+00   -0.115596515092028507E-02   -0.110778735021208785E+01
    0.495976320912769764E-02    0.729977580479213195E+01    0.628110354970594087E-01    0.486113208741031499E+01    0.638765645919225022E+00    0.148127107760756882E+01    0.107883389712056989E-01    0.190740520813973657E+01   -0.135685248062485297E+01   -0.710505420494425416E-01   -0.982306094848445444E+00   -0.199135552876511523E-03   -0.238426192726771430E+00   -0.222287693990144225E+00   -0.112330317690097575E+00   -0.109129360467812009E+01
    0.486281324014936536E-02    0.729925755092075867E+01    0.971179952584134143E-01   -0.220074895101755033E+02    0.992221274277875098E+00    0.963255026955606164E+00    0.461997156568667161E-02    0.130301374487014243E+01   -0.194581037817936786E+01   -0.118518759127395817E+00   -0.297143984603166667E+01    0.757317897203078072E-01    0.953575384849036090E-01   -0.875858339564171695E+00   -0.395525106578859087E+00   -0.102711347727070890E+01
    0.487442846635368059E-02    0.725448608398437500E+01    0.138922427607573062E+00   -0.133914536934833830E+02   -0.145373912100271618E+00    0.833112966437613900E+00    0.140535042520290674E-01    0.101848547846137349E+01   -0.176259128167018231E+01   -0.448987962480340841E-01   -0.330946621815430753E+01   -0.784712638904699056E-01    0.109594427131124217E+00   -0.251873542180089227E+00   -0.356936947110431668E-01   -0.108669724719706884E+01
    0.484586594551409712E-02    0.722623988560267883E+01    0.462483317121892487E-01   -0.657788878049424142E+01    0.128966243097053379E+01    0.143827128355698486E+01    0.109219356411055651E-01    0.162491456793386524E+01   -0.164983350754527724E+01   -0.100635241237115550E+00   -0.342044259019183894E+00   -0.193978570239462439E+00   -0.941498527381772199E-01   -0.475102233551937370E+00   -0.175380205260953437E+00   -0.101879784388817352E+01
    0.485427050674156271E-02    0.718277413504464324E+01    0.738590975194704791E-01   -0.189181654598948867E+02    0.136324659254881375E+01    0.827454155264589430E+00    0.870787732190800128E-02    0.593158147701369209E+00   -0.186945057937392645E+01   -0.117934390873176420E+00   -0.666060562524072974E+01    0.237208249982232472E+00   -0.201004751345876170E+00   -0.613675338392473457E+00   -0.380835766170677714E+00   -0.102925563344826343E+01
    0.476911229898890378E-02    0.717817143031528992E+01    0.548275596003247323E-01   -0.195821873420640387E+02    0.666605420652455094E+00    0.128665031758300286E+01    0.365181066043880880E-02    0.586961735966031073E+00   -0.187830027091343621E+01   -0.109878918734234027E-01    0.948248489444162512E+00   -0.817536898379952054E-01    0.414505559139762697E-02    0.905935490216207284E-01   -0.378564139734738014E+00   -0.103351322217943054E+01
    0.474329249068814168E-02    0.714902877807617188E+01    0.105980887584077144E+00   -0.161738265582396927E+02    0.614368121367249942E+00    0.779501635774546564E-01    0.147498804767496085E-01    0.142900670362876303E+01   -0.160670145673862241E+01   -0.108554987814760279E+00   -0.127833015775699188E+01   -0.321227017396764070E+00   -0.187211899290160716E+00   -0.397087895946318992E+00    0.902030099795141649E-01   -0.109435447062522617E+01
    0.470842405359263652E-02    0.712378529139927430E+01    0.554593129877605506E-01   -0.126861296477233818E+02    0.854396046750640736E+00    0.124602793703715209E+01    0.145046611555198716E-01    0.226930542840496052E+01   -0.130721529117563806E+01   -0.191946102491091952E+00   -0.565005010477617198E+00   -0.285351076123969927E+00   -0.156513896726141577E+00   -0.161780655008678109E-02   -0.457233660218788696E+00   -0.103939544392433003E+01
    0.462272478598578247E-02    0.712052318028041320E+01    0.156706359962479280E+00   -0.183168671060707879E+02    0.132089303518857171E+00    0.784054959167819199E+00    0.133348482090225144E-01    0.917595103731411066E+00   -0.123595540785500946E+01   -0.820744804389455795E-01   -0.453389236741337420E+01   -0.557449126804291040E+00    0.214261259527628173E+00   -0.321214730496686696E+00    0.253950520361857002E+00   -0.120236162564417426E+01
    0.458826505223858261E-02    0.709548786708286805E+01    0.138903725634318492E+00   -0.228608552613384894E+02    0.129276466144028479E+01    0.110516722467072981E+01    0.890729634197089462E-02    0.975638209518635557E+00   -0.218976482482293022E+01   -0.567617115159379723E-01    0.294740998237532148E+01   -0.278421148057702184E+00   -0.267904257748424988E-01   -0.161529913314941348E+00   -0.298377873770157953E+00   -0.127263445056979396E+01
    0.450104623644958894E-02    0.709387207031250000E+01    0.124405595730316482E+00   -0.207475443529141188E+02    0.866303404433357849E+00    0.107496778562680584E+01    0.935652294147759633E-02    0.995498364750504128E+00   -0.138333230930631323E+01   -0.135180735771209759E+00   -0.285936213927909488E+01   -0.125734773317133036E+00    0.450042898779066183E-01   -0.175616758319011246E+00   -0.106404714237011006E+00   -0.103219693054710282E+01
    0.445612996262379542E-02    0.707393046787806945E+01    0.114637371805056398E+00   -0.163451195347016913E+02   -0.220758974686051657E+00    0.653266574189733884E+00    0.958389042730713007E-02    0.138467841907765177E+01   -0.983609003428601025E+00   -0.210601306898565516E+00   -0.511803149540495639E+01   -0.216662110394089807E+00   -0.357379937799721548E+00   -0.296843063952023589E+00   -0.758490264489368293E+00   -0.105827620138684098E+01
    0.436946039457240375E-02    0.707321275983537934E+01    0.589987807622649116E-01   -0.142624999852868353E+02    0.163377691661822633E+01    0.198244323855243332E+01    0.821979510483640714E-02    0.180368926726263501E+01   -0.162657617845695257E+01   -0.122926237244611741E+00   -0.315557228753518126E+01   -0.438520377911415238E-01   -0.128303886908844922E+00   -0.261270157516203638E+00    0.314184241996114610E+00   -0.101783730641399184E+01
    0.428667066496727072E-02    0.707147107805524566E+01    0.613075964750016481E-01   -0.246486167154026603E+02    0.664352313751443213E+00    0.576358431249867853E+00    0.108947204462414952E-01    0.157000256781234926E+01   -0.145873282647172586E+01   -0.158012591139955250E+00   -0.460909330318460331E+01   -0.143181447894906139E+00   -0.306279929017261199E+00   -0.557859220678789680E-01   -0.283455603552804136E+00   -0.104218055268086296E+01
    0.420323973313769736E-02    0.707078061785016754E+01    0.721905660552741857E-01   -0.148328909856206987E+02    0.793384208558138293E+00    0.113462514798738523E+01    0.113975299858732858E-01    0.159276531926277909E+01   -0.903129866922435576E+00   -0.169578979545400993E+00   -0.686964094123509206E+01   -0.213797032165935541E+00   -0.120834452912754658E+00   -0.297352004090953970E+00   -0.293469789822268345E+00   -0.101308850574806519E+01
    0.413453861200275934E-02    0.706374032156808074E+01   -0.133061562399917066E-01   -0.291209162908059938E+02    0.682282670498030042E+00    0.120233180180741117E+01    0.115681816256056301E-01    0.167523111167560801E+01   -0.186941055001536549E+01   -0.139345998877618699E+00   -0.225770039229473429E+01   -0.210905399383408354E+00   -0.131870512354129527E+00   -0.712794157585408816E-01   -0.756401491762438427E+00   -0.101154451479073804E+01
    0.418930219570603363E-02    0.699742344447544617E+01    0.314529066486135267E-01   -0.190563732854257104E+02    0.920422455923964655E+00    0.128152963849741530E+01    0.118078453830223785E-01    0.130901921737551485E+01   -0.111998274394629438E+01   -0.108973733604461637E+00   -0.515084555485134299E+01   -0.170572340794242883E+00   -0.235736430829397242E+00    0.998649079726339484E-01   -0.360946805062372533E+00   -0.114111996703980023E+01
    0.413064629019430172E-02    0.698562404087611633E+01    0.987249919768287409E-01   -0.209447701944237892E+02    0.626548388852644855E+00    0.109685174167567601E+01    0.433625107433896224E-02    0.111010344786696469E+01   -0.152713599731519722E+01   -0.917566014140015762E-01   -0.448471100928907962E+01   -0.382651114918952318E+00    0.262117921698410902E-01   -0.116379363156981191E+00   -0.451812210876820219E+00   -0.134317873718097447E+01
    0.408989094612487430E-02    0.696545519147600434E+01    0.816348148311153154E-01   -0.112004634995907022E+02    0.107652948632052636E+01    0.108316643407258728E+01    0.147600050162213035E-01    0.173556476383295433E+01   -0.164765178831464243E+01   -0.215052250674330120E+00   -0.110219836894349168E+02   -0.745871829785376000E-01   -0.181295094379338800E+00    0.146217591842259798E-01   -0.655809336309889496E-01   -0.101280391569768735E+01
    0.402214151947767606E-02    0.695886284964425261E+01    0.711138754166729670E-01   -0.585312955283963987E+01    0.357588052965132075E+00    0.864427507612891111E+00    0.122175281364558068E-01    0.162337981301528345E+01   -0.191278062397509330E+01   -0.537396279968188201E-01   -0.855008605824964363E+01   -0.245328013464075012E+00   -0.269857896435778177E+00    0.192010026973120612E+00   -0.364511748667660451E+00   -0.101677277660749965E+01
    0.394274916267999334E-02    0.695873532976423004E+01    0.121299598847888740E+00   -0.135862347032627593E+02    0.174790632450832317E+00    0.904569522010325477E+00    0.155940855396477021E-01    0.113875497292879313E+01   -0.193877928319627069E+01   -0.110206048525977179E+00   -0.105035675622714404E+02   -0.250068922432117868E+00   -0.114459233149685896E+00   -0.552548025897130202E-01   -0.215968500486070580E+00   -0.110615349841424648E+01
    0.389275938624262987E-02    0.694425528390066926E+01    0.572686167110682404E-01   -0.838802706395010489E+01    0.125829398431176642E+01    0.143331181663565443E+01    0.159897453110449811E-01    0.145160879483885275E+01   -0.187560719113591112E+01   -0.825204578390876936E-01   -0.331450119553814337E+01   -0.236472404921760415E+00   -0.142064493876638859E+00    0.182657832143678284E+00   -0.656874983396520534E-01   -0.105269887325664535E+01
    0.526301161129601007E-02    0.634095164707728820E+01    0.611491408372417389E-01   -0.992953466427478304E+01    0.914280552285768433E+00    0.794203361448981404E+00    0.122845101982050238E-01    0.104419029548243003E+01   -0.297258623080311324E+01   -0.129081934733521780E+00   -0.668548864232372253E+01   -0.394416770773973246E+00   -0.142388109799769347E+00   -0.224732003609909969E+00   -0.289747223523290631E+00   -0.100511176902124655E+01
    0.502549683831612741E-02    0.643330982753208680E+01    0.338239573248018885E-01   -0.350797386416205725E+01    0.146733355361725071E+01    0.145943057735030002E+01    0.106207868035253020E-01    0.176836077637923661E+01   -0.220968669806177820E+01   -0.127191673167586783E+00   -0.290710012878414714E+01   -0.671579957415437828E-01   -0.119650253509103188E+00    0.991072676972214739E-01    0.210945461556764080E+00   -0.103529531881398373E+01
    0.431173798009975694E-02    0.673967633928571441E+01    0.661986484144269638E-03   -0.246890897843611867E+01    0.995570843862830124E+00    0.132175498886515475E+01    0.667557106589638117E-02    0.144554032699576429E+01   -0.219162507476027590E+01   -0.121538519904348441E+00   -0.358449535319097823E+01    0.231429364225194917E+00   -0.172510159415311393E+00   -0.299265266827816789E+00    0.340023637163708037E-01   -0.102270874522066135E+01
    0.491416825117825962E-02    0.647811344691685242E+01    0.713613629914985892E-02   -0.185282836362679220E+02    0.464557865456120933E+00    0.590418126167150170E+00    0.894587049773258071E-02    0.153020672881475206E+01   -0.235416794255078887E+01   -0.116624136383650628E+00   -0.168551118152843649E+01   -0.256888094891527641E+00   -0.110823691213612019E+00    0.299209328761823268E+00   -0.946454065286100321E-01   -0.105458477596891398E+01
    0.575646277988589496E-02    0.616171210152762239E+01    0.127423204959742076E+00   -0.225008278469329568E+02    0.626096301273959210E+00    0.662709236017191783E+00    0.945312964147370684E-02    0.640886831689896574E+00   -0.212309509947793407E+01   -0.135801077785966756E+00   -0.185549396975174319E+01   -0.247133855360517879E+00   -0.104625661591945751E+00    0.115335576600705231E+00   -0.250804221807245487E+00   -0.107052806440634996E+01
    0.424638416480153415E-02    0.677022280011858246E+01    0.795670543784945117E-01   -0.260190288519314876E+02    0.112572517654455861E+01    0.466068703909010007E+00    0.106870030011901422E-01    0.288324277314246036E+00   -0.934649754953414180E+00   -0.620585737208291313E-01   -0.935450231959560785E+00   -0.212869845943674169E+00    0.100311231462167944E+00   -0.822506875969430673E-01   -0.235188250523499953E+00   -0.107193693692463299E+01
    0.403290020957935546E-02    0.687338692801339324E+01    0.117726050238684654E+00   -0.160042126864665448E+02    0.754475489870027105E+00    0.912246859419930889E+00    0.240555070678367348E-02    0.963974770028973138E+00   -0.207336968831667567E+01   -0.770584023304629051E-01   -0.133760129390908222E+01    0.972794759804657128E-01    0.772177773219857172E-02    0.153591947354951769E+00   -0.352787961292668262E+00   -0.112352983110895521E+01
    0.523497473936486608E-02    0.635163443429129426E+01    0.104017662214814732E+00   -0.176861782308084550E+02    0.827465360393832672E+00    0.845968203299958921E+00    0.110293225777626409E-01    0.617042283491050614E+00   -0.200174609762499944E+01    0.695352422099242140E-01   -0.115181560883627343E+01   -0.429302772290532153E+00    0.224832947214637507E+00   -0.418580797102937163E+00   -0.367625343501546409E-01   -0.114374500217076536E+01
    0.474556843123726761E-02    0.654793603079659636E+01    0.631558584180263172E-01   -0.225157309249387687E+02    0.725297353522890376E+00    0.918471351965834959E-01    0.179440331355893191E-01    0.124679033235138093E+01   -0.184024865650519920E+01   -0.101538401777737097E+00   -0.225628266742208616E+01   -0.103788740279936870E+00    0.510740177873779747E-01   -0.528741397814849745E+00   -0.171453040253788380E-01   -0.107078303941151076E+01
    0.406676950518543735E-02    0.685666057041713195E+01    0.575942987351363359E-01   -0.204692917949771882E+02    0.396970325303691918E+00    0.106113497033673676E+01    0.111137924563756135E-01    0.960509481311625946E+00   -0.170725563576655248E+01   -0.121140280520847243E+00   -0.584500298328421319E+01   -0.412217947867700163E-01    0.846443876941865292E-01    0.359564255088566931E-01   -0.211215753068433820E+00   -0.101581897713857683E+01
    0.513133251983342257E-02    0.639162772042410676E+01    0.162322745523939826E+00   -0.143842752287535944E+02    0.773219860636225831E+00    0.877958694371132720E+00    0.873431179377862077E-02    0.635017451651135989E+00   -0.144237237004820940E+01   -0.784934658611115554E-01   -0.455879289602394522E+01   -0.547824497947625111E+00   -0.162623902728823627E+00    0.122007559108216562E+00   -0.171104208277330638E+00   -0.117672658810714337E+01
    0.445803439814002837E-02    0.667294257027762239E+01    0.601728288140620307E-01   -0.188338993007071025E+02    0.461764889742760198E+00    0.113822748156209475E+01    0.166368640905270107E-01    0.976413350314280337E+00   -0.192698460183708331E+01   -0.396287454201060263E-01    0.108818457516267175E+01   -0.397171324514363655E+00   -0.130330908193168976E+00    0.257729842315797875E+00   -0.187913920730271411E+00   -0.109854377546622550E+01
    0.510575391547418971E-02    0.640162222726004426E+01    0.101204261576499976E+00   -0.222061573837321511E+02    0.597123725922025672E+00    0.929789621594990678E+00    0.116073187758004032E-01    0.451080983594879470E+00   -0.192555640308057097E+01   -0.820377918039397330E-01    0.107058462072096017E+00   -0.179237786661595622E+00    0.108110193878493049E+00   -0.182750553341871791E+00   -0.171227980489689902E-01   -0.102678504638040224E+01
    0.422973572739151343E-02    0.677807944161551301E+01    0.548670328901182461E-01   -0.205188586583069608E+02    0.436016241049181519E+00    0.112368338092194664E+01    0.111638734998845534E-01    0.142720952536146006E+01   -0.241070036054038095E+01   -0.149657624818957280E+00   -0.234305332922953102E+01   -0.150376652143317635E+00   -0.139857228097308328E+00   -0.293023009081836872E+00   -0.453865396190869852E+00   -0.105597582411662327E+01
    0.447198778977674592E-02    0.666669246128627258E+01    0.438183385735812433E-01   -0.190514094920861510E+02    0.726741370970160228E+00    0.101981667438561341E+01    0.150178362437331722E-01    0.764542098412396509E+00   -0.260919596065109749E+01   -0.110205379522495317E+00   -0.512172068394506397E+01   -0.796114124163538467E-01    0.113172220878657609E+00   -0.193972272553446207E+00   -0.440352163946618302E+00   -0.103871323548401095E+01
    0.396844418814283183E-02    0.690561022077287934E+01    0.113663266579387370E+00   -0.198996870989938444E+02    0.808088749643331106E+00    0.461258259638580803E+00    0.146990511431869964E-01    0.738377092558595849E+00   -0.192359919979301242E+01   -0.107371049412638350E+00   -0.263493464675169387E+01    0.308245879551185986E+00    0.148865399015301048E+00   -0.184206005214374219E+00    0.158262836595319756E+00   -0.109924682200679613E+01
    0.393654131439749155E-02    0.692175347464425261E+01    0.118195624586580797E+00   -0.249100584009291737E+02    0.104582979247667485E+01    0.106815888239045220E+01    0.693108023700264413E-02    0.846773559208990334E+00   -0.168196474155323883E+01   -0.106765903296752313E+00   -0.237565635864936109E+01   -0.647359665669831830E+00   -0.858702145719528465E-01   -0.479969087797125493E-01   -0.407376831692570385E+00   -0.103922837878037244E+01
    0.457977715273137197E-02    0.661905779157366059E+01    0.146199925888278875E+00   -0.193489021045892251E+02    0.982929499583718336E+00    0.685088266713652305E+00    0.539939183804083803E-02    0.108818206182635979E+01   -0.163773912957215328E+01   -0.327022395214012274E+00   -0.546949507599091689E+01   -0.347884220514186826E+00    0.131583208187500328E+00   -0.144754060469060392E+00   -0.115666947258995789E+00   -0.105975554175199727E+01
    0.395496474936732258E-02    0.691241509573800261E+01    0.229099084868068098E-01   -0.240182818476321245E+02    0.108584235740187385E+01    0.906183544576829259E+00    0.824097849640860469E-02    0.151280114851301861E+01   -0.286143217153421237E+01   -0.929418115040986093E-01   -0.163161628847337359E+01   -0.174918146743510444E+00    0.715200741936303230E-03   -0.151674100744958101E+00   -0.840570833112739835E-01   -0.101261892946623355E+01
    0.456983727824982096E-02    0.662340327671596008E+01    0.869135212427708664E-01   -0.180122173565572368E+02    0.649276199524431941E+00    0.495197363221480336E+00    0.823681782924012146E-02    0.127601133536361555E+01   -0.236587726587064306E+01   -0.179851707025574126E+00   -0.210097545882063397E+01    0.985820472889235022E-01   -0.201518956353132994E+00   -0.905728002663622883E-01   -0.303801235400565972E+00   -0.109321235533680805E+01
    0.505569486729823617E-02    0.642132786342075867E+01    0.143863377136316223E+00   -0.147093795156174014E+02    0.911530146708537492E+00    0.620672863810442288E+00    0.232098108091360455E-02    0.790051936137912247E+00   -0.980191219738073438E+00   -0.787783783618431488E-01   -0.262123603330008770E+01   -0.237143587942822698E+00   -0.935066291156896601E-01    0.256764339187154800E+00   -0.286283015305982824E+00   -0.113773942751056722E+01
    0.421917579060848962E-02    0.678307887486049133E+01   -0.254510297765587479E-01   -0.263074786996910035E+02    0.533978704412423455E+00    0.715587981738863288E+00    0.982503712179898757E-02    0.921394044375941079E+00   -0.180352117133311651E+01   -0.100675065540957190E+00   -0.374449194212827852E+01    0.104420352472586492E+00    0.614257330190271997E-01    0.228156647708052024E+00   -0.129832278811622293E+00   -0.104443935653242792E+01
    0.453957911802134635E-02    0.663668986729213195E+01    0.127693480027974593E+00   -0.168157267465479734E+02    0.667462649379257922E+00    0.901943480407650378E+00    0.190818924473827450E-01    0.930172742390668494E+00   -0.217772164525185374E+01   -0.138631868294874755E+00   -0.551494206814260224E+01   -0.138832317339477734E+00   -0.773111268636050980E-01   -0.734792552674642496E+00   -0.391618780942635358E+00   -0.101300969593437773E+01
    0.390016936048848996E-02    0.694031851632254426E+01    0.772196796807846503E-01   -0.262554454504706101E+02    0.126450986107176755E+01    0.632206621728953810E+00    0.117076048420014876E-01    0.140121669969109774E+01   -0.199035576258325708E+01   -0.908274638003819385E-01    0.312313204680522771E+01    0.217267663477910544E-01    0.131395226526913045E-01   -0.376151668016364737E+00   -0.531931523044647664E-01   -0.105685346177438433E+01
    0.426360810504191733E-02    0.676212692260742188E+01    0.934428715134208859E-01   -0.197615018781194998E+02    0.515303816814302262E+00    0.920698399173642157E+00    0.111753133190650219E-01    0.129340408498623161E+01   -0.181266126332484223E+01   -0.170331052118947807E+00   -0.271072748195855162E+01   -0.144423219578661027E+00    0.638686573941347480E-01   -0.304913266446511233E-01   -0.421854991628147824E+00   -0.105794705479533468E+01
    0.421323636641493526E-02    0.678589630126953125E+01    0.405222397662665865E-01   -0.255622900012562333E+02    0.415049610979282946E+00    0.115731474304853998E+01    0.815008581001450648E-02    0.157207945467516308E+01   -0.205535613258397287E+01   -0.153131835479000417E+00   -0.116857974591143066E+01   -0.187670870533722112E+00   -0.112590749366859838E+00   -0.596696996037970051E-01   -0.440933607165430119E+00   -0.111788224793132240E+01
    0.425244331504322313E-02    0.676737104143415191E+01   -0.357765897536670291E-01   -0.301561905644505615E+02    0.447016255367111315E+00    0.106625438133758776E+01    0.126469486378282866E-01    0.103563817893517207E+01   -0.188957402530905361E+01   -0.741162649433965426E-01    0.889291900000369839E+00   -0.714533952244200132E-01    0.112835630120847019E+00    0.214380402890023136E-01   -0.320371164533064579E+00   -0.104646887170467862E+01
    0.495938160146431901E-02    0.645979636056082551E+01    0.216627951364914834E-01   -0.155616932718379459E+02    0.995814135786409760E+00    0.102486587642696714E+01    0.117721845122351725E-01    0.129459262163630351E+01   -0.184938738725930940E+01   -0.155424209254306889E+00   -0.319011779318609401E+01   -0.164885202424313260E+00   -0.100018801082989134E+00   -0.383718630456928833E+00   -0.515880855028554741E+00   -0.103335275781931135E+01
    0.610548474904794389E-02    0.604398345947265625E+01    0.298545276891453437E-01   -0.546890879022836707E+01    0.127317193968835918E+01    0.214279749096304872E+01    0.840458825892890019E-02    0.198336837046110159E+01   -0.101598180484491429E+01   -0.299173338335602002E+00   -0.269234526965794574E+01   -0.302028445097559772E+00    0.118723690112594066E+00   -0.566924507963633584E+00    0.250753020782139513E+00   -0.100994668544870247E+01
    0.398328589122845869E-02    0.689814431326729949E+01    0.585745120214062331E-02   -0.167086597380317770E+02    0.504885153233379125E+00    0.114456414109665894E+01    0.160759450721327524E-01    0.185990579943437995E+01   -0.143509941629047111E+01   -0.830321306295315198E-01   -0.132329855563583010E+01   -0.197358561036992286E+00   -0.256796243468404184E+00   -0.418896634130130896E+00   -0.337671747486588514E+00   -0.106538928417520418E+01
    0.399643605587290084E-02    0.689155251639229949E+01    0.482076015401496222E-01   -0.244810532413904447E+02    0.117573072238145526E+01    0.135292783305892694E+01    0.137859659499035211E-01    0.214538200393242118E+01   -0.116260472468810194E+01   -0.183349145841698341E+00   -0.244538178047026866E+01    0.185394059874958911E+00   -0.249508295115715983E+00   -0.225094833463892030E+00   -0.252347603431526624E+00   -0.110196034292806799E+01
    0.428074793898872239E-02    0.675410297938755555E+01    0.913669515628502821E-01   -0.129233424579695573E+02    0.754846693667300506E+00    0.100220168225638417E+01    0.159905136394954198E-01    0.139293126377015808E+01   -0.137393081887244106E+01   -0.196326210958726377E+00   -0.622221789568930816E+01   -0.115374190258437898E+00   -0.399933684923058419E+00   -0.418492249419865348E+00   -0.385316878536094864E+00   -0.103055199441141832E+01
    0.762358934328411647E-02    0.559986386980329254E+01   -0.923330593559995583E-02    0.220140278364035780E+01    0.753973917301654639E+00    0.146462986922532767E+01    0.111839384555986361E-01    0.191509641112158424E+01   -0.174194137534823579E+01   -0.169228993900534946E+00    0.428691921409174981E+01   -0.236032175539656525E+00   -0.130360134348657952E+00   -0.795732925710422589E-01   -0.106290642895752768E+00   -0.103150526358845429E+01
    0.390681271003282937E-02    0.693691471644810242E+01    0.303977229109614611E-01   -0.639540829841465985E+01    0.863585839824324575E+00    0.125857546102686557E+01    0.149707011098619384E-01    0.164249158966478048E+01   -0.151153749325139586E+01   -0.123363466218417428E+00    0.422705786692740393E+00   -0.503703263627955783E-01   -0.307383148802615580E+00   -0.237216600703258396E+00   -0.373869888064560452E+00   -0.104791930158043733E+01
    0.516539421190846497E-02    0.637839562552315886E+01    0.734714659799896863E-02   -0.119952934436800902E+02    0.121348873634710364E+01    0.178449019656217445E+01    0.102787518394197499E-01    0.148747123189110364E+01   -0.105339626621204885E+01   -0.267149674222186495E+00    0.179421428432123120E+01   -0.209680596182932888E+00   -0.819959078716837597E-01   -0.225653898313355195E+00   -0.731001410297963616E+00   -0.103369323244580613E+01
    0.399356772245807942E-02    0.689298847743443055E+01    0.443856043791229088E-01   -0.151844865746352848E+02    0.711557300666558867E+00    0.134325444254447413E+01    0.220796586750206247E-01    0.197401030393775101E+01   -0.119486174254428223E+01   -0.188600399934094165E+00   -0.364388556872828584E+01   -0.330499424750564874E+00   -0.994676947777891618E-01   -0.637823988006937959E+00   -0.331654624644200785E-01   -0.104332813870319674E+01
    0.397197408871146577E-02    0.690383202689034636E+01    0.226565004403169457E-01   -0.221985291092004147E+02    0.646499611978949229E+00    0.122559347966905485E+01    0.123904367188642471E-01    0.168836296900408422E+01   -0.158654693216564491E+01   -0.113352120031782022E+00   -0.138884039152372152E+01   -0.193829830923554380E+00   -0.170651389282611032E+00   -0.116634225416214210E+00   -0.198341458943308985E+00   -0.103778294843777563E+01
    0.442394316732128406E-02    0.668829563685825867E+01   -0.928320622191182443E-02   -0.145844192417531637E+02    0.447287568994129192E+00    0.137290191426199137E+01    0.920317394932124340E-02    0.230921045753989862E+01   -0.151054846840240553E+01   -0.710433158841955320E-01    0.123894897901044265E+01   -0.358650956363108619E+00   -0.832346259263441191E-01    0.495611411874924745E+00   -0.376675003705752465E+00   -0.106745078670771743E+01
    0.483805759295836014E-02    0.650933183942522309E+01    0.147829051834552500E-01   -0.178736193612690677E+02    0.107264038617030355E+01    0.966105293310505431E+00    0.132114185470099173E-01    0.131333716979244652E+01   -0.245009920931881275E+01   -0.147289946095284063E+00   -0.484992525387763074E+01   -0.239116798183983459E+00   -0.172515923828295559E+00   -0.339303152395564855E+00   -0.213377175429652594E+00   -0.101374496113453905E+01
    0.490544168176680704E-02    0.648166819981166320E+01    0.275110991387755022E-01   -0.125094645605303505E+02    0.786672034447654323E+00    0.101644632961091785E+01    0.114785343613038569E-01    0.165438442994281076E+01   -0.103578072098518215E+01   -0.191315423431342835E+00   -0.713599034404425758E+01   -0.296445653466886339E+00   -0.813698305069129463E-01   -0.183596933256434641E+00   -0.368929801536959312E+00   -0.103250664718993246E+01
    0.427661267694326528E-02    0.675603594098772309E+01    0.568630716316461740E-01   -0.215284453318524633E+02    0.349240658638519663E+00    0.108559484524731187E+01    0.921907925038449594E-02    0.119701374944987049E+01   -0.131778053633013892E+01   -0.541476652032228251E-01   -0.314444740344489038E+01   -0.127846203836351840E+00   -0.193466281948318497E+00   -0.161314814055058625E+00   -0.517139241943587069E+00   -0.103810829891973078E+01
    0.437624299683390689E-02    0.670997728620256684E+01    0.466179593332850251E-01   -0.205615798869542665E+02    0.834322744880372613E+00    0.585061432416552396E+00    0.867949783445404709E-02    0.126682860204452652E+01   -0.156523695363615745E+01    0.282324311506268327E-01    0.284175145492772385E+01    0.101543192011549793E+00    0.723802362497023011E-01   -0.712655325369216941E+00   -0.279936570960463427E+00   -0.102096941616447312E+01
    0.419605470253796731E-02    0.679406901768275695E+01    0.613035755455417705E-01   -0.280795683621117860E+02    0.106763936340193610E+01    0.103337888119549293E+01    0.136552269888545255E-01    0.128541660585098505E+01   -0.143029152710565954E+01   -0.306202918517121253E-01    0.601347901375223870E+01   -0.143080172441733544E+00   -0.609845458845339472E-01    0.625288967247547567E-02   -0.570894414337459244E+00   -0.102315951385406878E+01
    0.549876574748690925E-02    0.625331115722656250E+01    0.837266173820658266E-01   -0.228120822000887316E+02    0.814323335893542444E+00    0.532633638685794719E+00    0.208638458550687023E-01    0.128969310387052816E+01   -0.195606623803773538E+01   -0.106704426578199396E-01    0.372464435115899173E+01   -0.246254956664023833E+00   -0.158631034088007522E+00   -0.258295150967147336E+00   -0.411474138582330451E+00   -0.113130560236226252E+01
    0.432824803023023393E-02    0.673203277587890625E+01    0.682554578874665779E-01   -0.201662611569159012E+02    0.718545916715337518E+00    0.799830735561851913E+00    0.860547717558356531E-02    0.145037689225701327E+01   -0.136507386310779499E+01   -0.117851033792466808E+00   -0.210729205463626368E+01   -0.307490083568130068E+00   -0.712531753719090194E-01   -0.359855577356677503E-01   -0.106784362465012814E+00   -0.102194084347240977E+01
    0.486117704090649645E-02    0.649979727608816926E+01    0.344323832635536828E-01   -0.215767178786359359E+02    0.619778110456858045E+00    0.865406530782638406E+00    0.151068648607306979E-01    0.140158487992235403E+01   -0.186373895333685491E+01   -0.517644981254341413E-01   -0.260283505229594692E+01   -0.214178947159474137E+00   -0.776322829341510867E-01   -0.195535282902743579E+00   -0.319799318155923551E+00   -0.100492043545092558E+01
    0.618242177443562458E-02    0.601893833705357117E+01    0.867375872241226697E-01   -0.241058991421824445E+02    0.600273875599166451E+00    0.258179444385642887E+00    0.229469124458327178E-01    0.106539702757662624E+01   -0.955219745391181818E+00   -0.161735491938200457E-01    0.293032367156574658E+00   -0.616058908519793169E+00   -0.154227333125883048E+00   -0.320920993022779821E+00   -0.233363750820990756E+00   -0.112116164192302059E+01
    0.400572353131084958E-02    0.688691002982003386E+01    0.506440706029405649E-01   -0.197207139201056094E+02    0.158675157672356648E+01    0.962319072539935316E+00    0.163813035972622811E-01    0.138882394818650567E+01   -0.162674349623136516E+01   -0.294231288118714518E-01   -0.220948460809379821E+01   -0.350420533864094330E+00   -0.707155235417587236E-01   -0.540565958135339142E+00   -0.390537126211452201E+00   -0.102128841241762713E+01
    0.410318327495361266E-02    0.683883231026785676E+01    0.219898060592567252E-01   -0.304361177067958266E+02    0.105482301022830938E+01    0.545471352171403523E+00    0.120955907447572331E-01    0.157679113857767916E+01   -0.230128804218894256E+01   -0.310344930304876504E-01    0.318920940794062036E+01   -0.849946038374658208E-01   -0.166041586602044683E+00   -0.606034207454274887E-01   -0.466068988319506938E+00   -0.101082698824848771E+01
    0.538035453190214164E-02    0.629684993198939758E+01    0.458130601809551841E-02   -0.185603458836433006E+02    0.835879489415184640E+00    0.709748724780274287E+00    0.101395250396590815E-01    0.146600845806466973E+01   -0.136796867451352733E+01   -0.116270058026237008E+00   -0.235201822590592968E+00   -0.177342601545985912E+00   -0.839636786055054235E-01   -0.515816349192059320E+00   -0.311925177215015337E+00   -0.100680559543731563E+01
