    0.215967715568154361E+00   -0.491402012810770685E+02    0.164554860823737581E+01    0.715635707575158819E+00    0.180175788602273367E-01    0.228832138437842003E+01   -0.279316109482595554E+01   -0.109960922305208028E+00   -0.413474736036762636E+01   -0.166861758562294529E-01    0.622545348272982441E-01   -0.241710891668153321E+00   -0.259904492460506786E+00   -0.114587128066922839E+01   -0.418360185507606772E+02   -0.391195633965034517E+01    1
    0.216636863441472205E+00   -0.487054614581547796E+02    0.164647927046670484E+01    0.689659477805000032E+00    0.179304553555716048E-01    0.228865401549638170E+01   -0.281958972437405997E+01   -0.102716634008902699E+00   -0.506615269546703928E+01    0.563723808414648836E-01    0.361170539955998418E-01   -0.156610296898566481E+00   -0.281204405314062045E+00   -0.114287247989401686E+01   -0.418050048592940655E+02   -0.393195633965034208E+01    1
    0.218133891297557031E+00   -0.485765155014818077E+02    0.164477113433694999E+01    0.690307243842361085E+00    0.179430296279744876E-01    0.228817165100063447E+01   -0.281158538404923464E+01   -0.836576306252470037E-01   -0.443626231535093574E+01    0.427618023756275098E-01    0.119962991387364812E+00   -0.227075663415371859E+00   -0.247030754233249022E+00   -0.115407990809829974E+01   -0.417933735433746989E+02   -0.395195633965034165E+01    1
    0.217767516834576735E+00   -0.487772442783129989E+02    0.164601454689294435E+01    0.684805564636187580E+00    0.183265316408675570E-01    0.228787264735226392E+01   -0.281615877964782824E+01   -0.121076698301102847E+00   -0.399866214197553083E+01    0.417680315416785811E-01   -0.198078708489676097E-01   -0.255458350922596167E+00   -0.293147537949457859E+00   -0.113713610741907090E+01   -0.417925249730319095E+02   -0.397195633965034300E+01    1
    0.218122570482625705E+00   -0.490351492422501565E+02    0.164396336855167613E+01    0.658899069949791971E+00    0.178424925631417049E-01    0.228875013261597404E+01   -0.281969652391331449E+01   -0.772473251722375631E-01   -0.353785582778591046E+01    0.466779406760998924E-01   -0.100791550352762271E+00   -0.966189969354193379E-01   -0.295078113072762993E+00   -0.114529047799305306E+01   -0.417922189117580842E+02   -0.399195633965034391E+01    1
    0.218203709795333600E+00   -0.485640397901065910E+02    0.164563310183316736E+01    0.691842218338933668E+00    0.181247114009213429E-01    0.228806788472491540E+01   -0.283594825377123572E+01   -0.948174838936626796E-01   -0.442469416862791665E+01    0.124299759802677934E-01   -0.898394530607944143E-02   -0.348345009572825604E+00   -0.265117772935646479E+00   -0.115582239395001052E+01   -0.417878476303109565E+02   -0.401195633965034215E+01    1
    0.216559941383541010E+00   -0.486697905230545800E+02    0.164438455540088890E+01    0.695215641114108274E+00    0.180926774314318743E-01    0.228848849804009502E+01   -0.282388422896732960E+01   -0.126765157130785261E+00   -0.409031180470322830E+01    0.549281248523794050E-01    0.119757025958190474E+00   -0.165378308382967021E+00   -0.269958225955417519E+00   -0.114697700692994098E+01   -0.417868714911585784E+02   -0.403195633965034173E+01    1
    0.217588126605125581E+00   -0.487734781656498768E+02    0.164576976801594532E+01    0.693936630976192625E+00    0.181599194813538839E-01    0.228788176188647840E+01   -0.281963898971615690E+01   -0.833384195751394746E-01   -0.488566805479027355E+01    0.125426831097043556E-01   -0.542319544346538257E-01   -0.345275520417649251E+00   -0.258078621273699682E+00   -0.114721725207433867E+01   -0.417847106326056448E+02   -0.405195633965034396E+01    1
    0.216855827952570468E+00   -0.487135445613731619E+02    0.164579268953310254E+01    0.693257289307277036E+00    0.179736330272732697E-01    0.228816078204570772E+01   -0.279999478600563645E+01   -0.101815936004316376E+00   -0.602237964065195097E+01    0.109412345126816468E+00   -0.729655650012252660E-01   -0.194489410998903933E+00   -0.246129165646147618E+00   -0.115199849021334710E+01   -0.417838826359309223E+02   -0.407195633965034443E+01    1
    0.217588911943345537E+00   -0.491539110957318144E+02    0.164769693199057521E+01    0.677073026666605293E+00    0.181399386243960813E-01    0.228863492486656783E+01   -0.281898005459106038E+01   -0.127836865073691380E+00   -0.396451811956640432E+01    0.353370592591436827E-01   -0.290304629372684642E-01   -0.328057011457956182E+00   -0.277656711740046247E+00   -0.114151729933215029E+01   -0.417828569723603920E+02   -0.409195633965034400E+01    1
    0.216141772582451763E+00   -0.489237853836721968E+02    0.164562282522015857E+01    0.686115588608236626E+00    0.182758648284883744E-01    0.228810371141093727E+01   -0.279548039143113680E+01   -0.125999634142865496E+00   -0.364797795850577344E+01    0.360960516433975198E-02   -0.123438065164114000E+00   -0.139207251463706660E+00   -0.263691656978367106E+00   -0.115413344951308372E+01   -0.417816703865587513E+02   -0.411195633965034357E+01    1
    0.216271485615522868E+00   -0.489454880344524526E+02    0.164467444974121002E+01    0.695943147382054317E+00    0.180735456065913153E-01    0.228840014356525545E+01   -0.282388419128237578E+01   -0.132556494318736257E+00   -0.439252148694873501E+01    0.224282979368374928E-01    0.228789585282062544E-01   -0.147824929767635505E+00   -0.278751874018405066E+00   -0.115562680503019610E+01   -0.417805481076728782E+02   -0.413195633965034226E+01    1
    0.216524356489062098E+00   -0.489180293220563343E+02    0.164420305086683682E+01    0.703454206391759485E+00    0.179743587235308838E-01    0.228861589143832500E+01   -0.282936740451231961E+01   -0.109099321916507008E+00   -0.429339377157489377E+01    0.709375969226869185E-01   -0.105649811434981020E+00   -0.996395897312674916E-01   -0.278244604062511725E+00   -0.113469601362839945E+01   -0.417773288283402024E+02   -0.415195633965034450E+01    1
    0.217352977734929453E+00   -0.491015655276134737E+02    0.164785130623692910E+01    0.687305884615647344E+00    0.185474206477355373E-01    0.228801114922771642E+01   -0.281535493584037733E+01   -0.137845386847376850E+00   -0.522790816067255992E+01    0.529517307338258497E-01    0.116942480574123917E+00   -0.270980877368309836E+00   -0.249316665365854867E+00   -0.114793976814693388E+01   -0.417769000808321991E+02   -0.417195633965034762E+01    1
    0.216552122031285404E+00   -0.492952577209661413E+02    0.164471377082717951E+01    0.701655032329641881E+00    0.182078150283950767E-01    0.228837793764822539E+01   -0.279273928133551141E+01   -0.108334774963585345E+00   -0.535631704889675575E+01    0.107728546574191564E+00   -0.593036184348530102E-01   -0.215277452983015927E+00   -0.280388912984520955E+00   -0.112147156888525412E+01   -0.417758270910607123E+02   -0.419195633965034720E+01    1
    0.216707433684300899E+00   -0.493262390102775541E+02    0.164545249403765381E+01    0.713099059005427138E+00    0.183177650067562446E-01    0.228819935761382887E+01   -0.281112411608976531E+01   -0.119196701675503947E+00   -0.415154893499778765E+01    0.966713986841648970E-01   -0.481184014475786043E-01   -0.335972850856051164E+00   -0.271391394487234261E+00   -0.115375689589004082E+01   -0.417749119973836613E+02   -0.421195633965034677E+01    1
    0.217354947911748281E+00   -0.489743568487125387E+02    0.164354337164159636E+01    0.698326578196712955E+00    0.179892149182591873E-01    0.228793112301410728E+01   -0.281903107380761631E+01   -0.109036928649632131E+00   -0.573399127672790598E+01    0.911428914831466930E-01    0.496299474427972509E-01   -0.176377537736155554E+00   -0.303484880448572303E+00   -0.115199169156969772E+01   -0.417722035185608220E+02   -0.423195633965034279E+01    1
    0.216666863592790609E+00   -0.486724825910516614E+02    0.164453395442017580E+01    0.719979780614751319E+00    0.182661445686328992E-01    0.228866725970843765E+01   -0.280013290179395158E+01   -0.630641846079321028E-01   -0.564863387908833658E+01    0.636805239294722381E-01   -0.718562412884131974E-01   -0.217005402189093005E+00   -0.265673271220482399E+00   -0.116814829034974021E+01   -0.417705279667071636E+02   -0.425195633965034059E+01    1
    0.216420432363813781E+00   -0.488619710045713944E+02    0.164327989989837087E+01    0.686451440600726825E+00    0.181277826589230397E-01    0.228820980551152342E+01   -0.281385088410590400E+01   -0.754902156053107176E-01   -0.385967352410096209E+01    0.298335895029792353E-01   -0.413652864288684766E-01   -0.325902131714656096E+00   -0.269740078732526145E+00   -0.114787009983316191E+01   -0.417682103378018610E+02   -0.427195633965034727E+01    1
    0.216806713399475715E+00   -0.488505165594252020E+02    0.164488364133405773E+01    0.694870230752097973E+00    0.180804045949945723E-01    0.228868342417928572E+01   -0.281562293359045679E+01   -0.110443222729316892E+00   -0.437126183860500284E+01    0.814726558554762781E-01    0.960203698157771277E-02   -0.252559437406399356E+00   -0.265855667715714339E+00   -0.114199828208233312E+01   -0.417668507038686130E+02   -0.429195633965034329E+01    1
    0.216956579959000917E+00   -0.487507089560222084E+02    0.164396319132828994E+01    0.677734585380676324E+00    0.180901126183545050E-01    0.228853432605942553E+01   -0.281886260905089392E+01   -0.804199949838408090E-01   -0.343299744076254809E+01    0.873835558846871308E-01   -0.958637272673446839E-01   -0.951003302464434042E-01   -0.290007206291873931E+00   -0.113634119201165085E+01   -0.417662066406666668E+02   -0.431195633965034109E+01    1
    0.217099625279368741E+00   -0.494203139662334863E+02    0.164806018431982126E+01    0.704131199138670505E+00    0.182356893739787605E-01    0.228869768754624925E+01   -0.281866998342062924E+01   -0.943012477676860583E-01   -0.471172517729593476E+01    0.440560694467867497E-01    0.271237931097513749E-01   -0.410074878957759736E+00   -0.251977635172629111E+00   -0.116294692587499471E+01   -0.417624936041456678E+02   -0.433195633965034244E+01    1
    0.217551802056322879E+00   -0.489697829261005495E+02    0.164459521580271772E+01    0.691896488730225134E+00    0.180505790004864969E-01    0.228824918195751037E+01   -0.282980975034683002E+01   -0.117989656462389320E+00   -0.457056551075208262E+01   -0.583303207969208815E-02   -0.899053338286465165E-01   -0.112609174916319138E+00   -0.270420000734162114E+00   -0.114557111634770759E+01   -0.417609105118286479E+02   -0.435195633965034201E+01    1
    0.216877739756190679E+00   -0.494577939183353408E+02    0.164463454260889019E+01    0.699633490347201015E+00    0.179267453747898910E-01    0.228812870494575460E+01   -0.280481299084646407E+01   -0.982810781867605593E-01   -0.418831014356555364E+01    0.441702849196265873E-01   -0.614788746239368286E-01   -0.204450431333482535E+00   -0.285890527812788453E+00   -0.114036333557911540E+01   -0.417596104176672540E+02   -0.437195633965034336E+01    1
    0.216419945278760767E+00   -0.492958067420043236E+02    0.164549502817757887E+01    0.684112400861440650E+00    0.180696854371725051E-01    0.228862000311979896E+01   -0.283175882886752639E+01   -0.150046664975369587E+00   -0.553840877809426768E+01    0.479163829898149665E-01    0.118063577528434993E-01   -0.295558409321592386E+00   -0.257814730318674357E+00   -0.114305017184460134E+01   -0.417593942728608383E+02   -0.439195633965034649E+01    1
    0.217617083791247695E+00   -0.492195765022459142E+02    0.164648958142556157E+01    0.679351639477395963E+00    0.180592427692134391E-01    0.228792888645993653E+01   -0.279638575360593311E+01   -0.103032480079844807E+00   -0.378428525459808185E+01    0.173656771648724451E-01    0.118581171386838019E-01   -0.254935281738188857E+00   -0.261548970611796883E+00   -0.115668921898029287E+01   -0.417585459570765991E+02   -0.441195633965034784E+01    1
    0.217973673291057130E+00   -0.490659622589495683E+02    0.164560397060251828E+01    0.714430449807018975E+00    0.182518915960051265E-01    0.228853126988476996E+01   -0.282869508540734405E+01   -0.103722053066630765E+00   -0.507548345515023236E+01    0.307054042833098811E-01   -0.763140578462415398E-01   -0.217830694526330831E+00   -0.258266935412386101E+00   -0.112449296671005428E+01   -0.417576560325700683E+02   -0.443195633965034474E+01    1
    0.217930062393234592E+00   -0.490368688482859554E+02    0.164522319036072817E+01    0.705841155159259603E+00    0.178421839016055794E-01    0.228881605363535678E+01   -0.279548756426329081E+01   -0.961711772592560438E-01   -0.327148030779544019E+01    0.801329075400550733E-01    0.253616582012043054E-01   -0.277903894548857278E+00   -0.259789485851957158E+00   -0.115284661885164308E+01   -0.417569335432926891E+02   -0.445195633965034343E+01    1
    0.216282593218414171E+00   -0.489482576710244572E+02    0.164543584761650563E+01    0.683554286921827958E+00    0.180736747658629231E-01    0.228877065996300333E+01   -0.281175660565567220E+01   -0.761466108719338619E-01   -0.494947513914380544E+01    0.383750234596954912E-01   -0.269595103461377633E-01   -0.279336353865921427E+00   -0.297669600124122746E+00   -0.117131593639935239E+01   -0.417568191213375712E+02   -0.447195633965034745E+01    1
    0.217920067951167445E+00   -0.491789934948851766E+02    0.164333423289125324E+01    0.689836651261427680E+00    0.179427575846117064E-01    0.228871716173586881E+01   -0.281903093051391007E+01   -0.120411269244888333E+00   -0.572227818015454393E+01    0.922034735654889970E-01   -0.423243264447732692E-01   -0.375239450653389650E+00   -0.279004124020082844E+00   -0.113519477107875910E+01   -0.417556250449225317E+02   -0.449195633965034435E+01    1
    0.216669219622978165E+00   -0.491770199515132660E+02    0.164426903018046766E+01    0.705171192286803028E+00    0.183962979929776470E-01    0.228802142267385822E+01   -0.283228376764085610E+01   -0.145645876179768791E+00   -0.551621002045294162E+01    0.699060278735009338E-01   -0.535438649234547190E-01   -0.284282070755593752E+00   -0.257232798854264366E+00   -0.115801934017903396E+01   -0.417540603049716950E+02   -0.451195633965034482E+01    1
    0.216412548134848198E+00   -0.492999687065726064E+02    0.164576936129646700E+01    0.669202377048236041E+00    0.181912290637993301E-01    0.228787729212203717E+01   -0.281479539862516059E+01   -0.124751991544058541E+00   -0.500769506866484360E+01    0.692445568061542116E-01    0.663252091269378105E-02   -0.283634241339383864E+00   -0.274820167033258345E+00   -0.115224643449483755E+01   -0.417512551056829224E+02   -0.453195633965034705E+01    1
    0.216860800075742682E+00   -0.490245139698378267E+02    0.164563913320838617E+01    0.707453317578037644E+00    0.183656412163194123E-01    0.228855919039637801E+01   -0.282814031681393452E+01   -0.984872142419175173E-01   -0.563293935088921494E+01    0.436617143611065794E-01   -0.186446434053132770E+00   -0.271295168169968293E+00   -0.271377185742296856E+00   -0.116309895229332572E+01   -0.417501090326097923E+02   -0.455195633965034396E+01    1
    0.217161093019682172E+00   -0.491945145740482630E+02    0.164523384135303941E+01    0.684665373188577231E+00    0.179842464735732940E-01    0.228781614838564895E+01   -0.280011759712824793E+01   -0.906459880924024852E-01   -0.351060689521169378E+01    0.821346007689609248E-01    0.938368879241307033E-02   -0.221791574676353326E+00   -0.244781614051158364E+00   -0.114018311356732283E+01   -0.417496793353650020E+02   -0.457195633965034354E+01    1
    0.216366656963173171E+00   -0.493830881964973827E+02    0.164603269526458029E+01    0.699126009135357052E+00    0.182962775937899752E-01    0.228876911919765336E+01   -0.284845884111989900E+01   -0.971284933670673728E-01   -0.600879269193464971E+01    0.412216861240382523E-01   -0.101353755020138978E-01   -0.350968640991574210E+00   -0.248969276165513675E+00   -0.113306605763400881E+01   -0.417496736096533496E+02   -0.459195633965034666E+01    1
    0.217258303040704787E+00   -0.490305476298327676E+02    0.164582376005380726E+01    0.684344699436637782E+00    0.180886195251134425E-01    0.228853476936055023E+01   -0.279895708831926138E+01   -0.107345547057900920E+00   -0.401365061853465299E+01    0.343763551875486614E-01   -0.261621852411065836E-01   -0.329833129870954755E+00   -0.266034858966941901E+00   -0.117489549995080833E+01   -0.417492904366156381E+02   -0.461195633965034801E+01    1
    0.216933908787800028E+00   -0.489485749327644442E+02    0.164464290632071397E+01    0.680106597327330364E+00    0.180717146031063591E-01    0.228840570313243896E+01   -0.284364080067873459E+01   -0.103678090590849883E+00   -0.389422856252229144E+01    0.730257950543192758E-01    0.435422403510441619E-01   -0.236027449158578650E+00   -0.279848080586949988E+00   -0.115139218146414235E+01   -0.417490560486301590E+02   -0.463195633965034759E+01    1
    0.217286134814840076E+00   -0.492715362072979275E+02    0.164176943576131351E+01    0.701374269097876035E+00    0.180297038433060788E-01    0.228792852304082972E+01   -0.278542563523960096E+01   -0.103533892685092083E+00   -0.545194988510146139E+01    0.596981606689139799E-01   -0.120507318624870102E+00   -0.296919463561963581E+00   -0.263892872785917443E+00   -0.113774392383930656E+01   -0.417489061448265701E+02   -0.465195633965034716E+01    1
    0.217531843250008655E+00   -0.487193361768494384E+02    0.164457832198665943E+01    0.665170453093175129E+00    0.182835640323779705E-01    0.228918919567248391E+01   -0.282592466310627977E+01   -0.798639062639273645E-01   -0.545342888568537543E+01    0.700621965301156807E-01   -0.141765457792647043E+00   -0.240280489380134410E+00   -0.273665795137932044E+00   -0.115120592452940063E+01   -0.417486999695219438E+02   -0.467195633965034407E+01    1
    0.217690397081439307E+00   -0.487884624802668370E+02    0.164388127156814012E+01    0.676327840451050544E+00    0.182046080199798690E-01    0.228793257832535435E+01   -0.282189169857269651E+01   -0.125212830790718488E+00   -0.460153690814568339E+01    0.536850498627340356E-01   -0.389483403077713758E-01   -0.117919960250690084E+00   -0.260841262896862436E+00   -0.115520108435962143E+01   -0.417476660405645887E+02   -0.469195633965034364E+01    1
    0.216356288995934565E+00   -0.492085012297120414E+02    0.164420029550048352E+01    0.696804535333668373E+00    0.181109444042722341E-01    0.228831556134841740E+01   -0.280018217500669531E+01   -0.848817247152795634E-01   -0.509757690866792679E+01    0.105977432060744697E-01    0.832170266999001651E-01   -0.175078977199114083E+00   -0.269902287950739173E+00   -0.116074481562634801E+01   -0.417467573144691571E+02   -0.471195633965034677E+01    1
    0.217208617076940308E+00   -0.485550598699565086E+02    0.164442193897988309E+01    0.699127083851656117E+00    0.183110647078808635E-01    0.228894946798337884E+01   -0.283053608031900916E+01   -0.125961874326071838E+00   -0.434488965508041591E+01    0.347570508504694564E-01    0.130622268248634932E-01   -0.240200008085192068E+00   -0.248139185333641571E+00   -0.117001812692596885E+01   -0.417460632997738372E+02   -0.473195633965034634E+01    1
    0.218086616270744604E+00   -0.487210090879560980E+02    0.164397247283979553E+01    0.673979599524659023E+00    0.182741403638336311E-01    0.228841899412025418E+01   -0.281525993363476701E+01   -0.818446399336870134E-01   -0.576885049658317062E+01    0.737484379009826357E-01   -0.219181369490017604E-01   -0.168001580215385860E+00   -0.287577200602484928E+00   -0.115306478043126925E+01   -0.417446716820472901E+02   -0.475195633965034325E+01    1
    0.217868805441537083E+00   -0.490699488358506386E+02    0.164550508254940175E+01    0.688554989498757042E+00    0.183049417138586856E-01    0.228800652936297677E+01   -0.280899277125317948E+01   -0.919269166333046284E-01   -0.488965713548004732E+01    0.722110409675730258E-01   -0.862905525551618258E-01   -0.243816286090702355E+00   -0.269943519714261115E+00   -0.113011126338868428E+01   -0.417431841413690918E+02   -0.477195633965034460E+01    1
    0.217320333141717170E+00   -0.490398278674597208E+02    0.164310319762407464E+01    0.686122261150416524E+00    0.180374799296685838E-01    0.228833901844679843E+01   -0.279267638095277837E+01   -0.807379577186759234E-01   -0.509331102459236806E+01    0.841293142344468614E-01   -0.339925586748078198E-02   -0.226395769880944508E+00   -0.280259577414281147E+00   -0.114368932423094694E+01   -0.417429459426582383E+02   -0.479195633965034506E+01    1
    0.216573817657021161E+00   -0.490858130197467020E+02    0.164331491434764532E+01    0.689994355583965047E+00    0.183606184674437074E-01    0.228789940252364943E+01   -0.281911509601127541E+01   -0.131244662557788105E+00   -0.517323967781730243E+01    0.522306864118615710E-01   -0.117549543852770319E+00   -0.250932750499119228E+00   -0.263046560296811116E+00   -0.114863094408604760E+01   -0.417423619766296525E+02   -0.481195633965034641E+01    1
    0.217277919605799147E+00   -0.492308015526333804E+02    0.164514274413001083E+01    0.684335773219188925E+00    0.179653139864356347E-01    0.228832770004181052E+01   -0.280190099863047637E+01   -0.858418412446647905E-01   -0.450729361331464595E+01    0.655613547682244169E-01    0.113379587880310245E-01   -0.313813660482584689E+00   -0.283260927744313995E+00   -0.116275357612419983E+01   -0.417407433057040649E+02   -0.483195633965034776E+01    1
    0.216979877551627481E+00   -0.493210284690019094E+02    0.164582819654622692E+01    0.675136871810915418E+00    0.181642742892339400E-01    0.228768147691487034E+01   -0.282563047070365814E+01   -0.913645413739414963E-01   -0.560778394162514537E+01    0.775668037338818478E-01   -0.139836436398277197E+00   -0.232613256281830744E+00   -0.274977990739060318E+00   -0.113858010583573899E+01   -0.417402389737617696E+02   -0.485195633965034734E+01    1
    0.218164752731253825E+00   -0.488776757769721613E+02    0.164439486677037450E+01    0.693015371789587387E+00    0.183279436514651901E-01    0.228842186483478160E+01   -0.280732672679977258E+01   -0.101876002887540396E+00   -0.449087612663250724E+01    0.384871312469221294E-01    0.403934024736893049E-01   -0.219028082728634138E+00   -0.280616433499953355E+00   -0.114364287710447043E+01   -0.417397631393206794E+02   -0.487195633965034602E+01    1
    0.216627958234388296E+00   -0.492245048677123691E+02    0.164309761285134659E+01    0.705451241966599807E+00    0.183243017166631154E-01    0.228796198657657168E+01   -0.281144226375577411E+01   -0.822366823008689740E-01   -0.504653884127320573E+01    0.200769333767376879E-02    0.917779126896817038E-01   -0.193374554667000847E+00   -0.267391000883384689E+00   -0.116101219885510121E+01   -0.417396134755762205E+02   -0.489195633965034382E+01    1
    0.218136447962137825E+00   -0.488747098211051352E+02    0.164563046091225873E+01    0.693776558834506396E+00    0.181284347654470483E-01    0.228871206841046870E+01   -0.283455282851161616E+01   -0.100103644764137925E+00   -0.542376550232506460E+01    0.894704600997481558E-01    0.443328122072555730E-01   -0.366453464918951699E+00   -0.256420325981839059E+00   -0.115677368044860307E+01   -0.417395286084235764E+02   -0.491195633965034428E+01    1
    0.216868936055054917E+00   -0.493596093300581416E+02    0.164744804906745035E+01    0.697585450653368633E+00    0.181904882070344602E-01    0.228916599707817214E+01   -0.281122797261716340E+01   -0.549223468332072640E-01   -0.616162483796481375E+01    0.433100915476026527E-01   -0.403216881018724216E-01   -0.293621181957626376E+00   -0.250624939358645937E+00   -0.115739933337224987E+01   -0.417395070954764194E+02   -0.493195633965034563E+01    1
    0.216702421046307853E+00   -0.491320801106913123E+02    0.164491210494976969E+01    0.703088824918788102E+00    0.181983969579982176E-01    0.228892172408535322E+01   -0.282844853265398033E+01   -0.113357398432882020E+00   -0.529381419806896591E+01    0.599145232213341913E-01    0.139685091871874015E-01   -0.186096856304717978E+00   -0.261529274814818691E+00   -0.114143964611849902E+01   -0.417388953675720629E+02   -0.495195633965034610E+01    1
    0.217189354665558082E+00   -0.490612333306457984E+02    0.164305114888817694E+01    0.696045634490058629E+00    0.180403892878508131E-01    0.228884869263921154E+01   -0.283804986230046197E+01   -0.114023984252626692E+00   -0.487070003905606352E+01    0.187311789288225825E-01    0.434576692635801065E-01   -0.231783450527501461E+00   -0.264350923479702515E+00   -0.114583291491103534E+01   -0.417385231807053856E+02   -0.497195633965034567E+01    1
    0.216087332342216831E+00   -0.492915630227687345E+02    0.164319319550164944E+01    0.700717423484420676E+00    0.182382921845814366E-01    0.228839045541466968E+01   -0.282810848820986660E+01   -0.629457850397871499E-01   -0.374621997619256053E+01    0.501756142741401970E-01   -0.579865725569110521E-01   -0.353172467848883787E+00   -0.275234979502080146E+00   -0.114850023718887773E+01   -0.417384662625284264E+02   -0.499195633965034435E+01    1
    0.217056770147339373E+00   -0.491769303318784878E+02    0.164449488541985978E+01    0.679914975546110134E+00    0.180996780454697991E-01    0.228804852110240731E+01   -0.280226422360395233E+01   -0.919161442668520734E-01   -0.410742221961575993E+01    0.413477149597373667E-01   -0.512003159698446245E-02   -0.202092271337627472E+00   -0.240474890436659122E+00   -0.114223456305426230E+01   -0.417381191310894408E+02   -0.501195633965034304E+01    1
    0.217569435558558566E+00   -0.491165764952513939E+02    0.164468704432781632E+01    0.689573268847332721E+00    0.181328492143372662E-01    0.228910378664494063E+01   -0.280159628029093399E+01   -0.100134945109572202E+00   -0.517694200556768713E+01    0.219599853867441762E-01    0.629117221590644315E-01   -0.273799032691885713E+00   -0.267092317016415226E+00   -0.114713614925038554E+01   -0.417368227201183828E+02   -0.503195633965034617E+01    1
    0.217619070978840201E+00   -0.490401415866473442E+02    0.164394671675006165E+01    0.690328116767273237E+00    0.182192528456929237E-01    0.228823454924102831E+01   -0.279946981279477702E+01   -0.848147740309271037E-01   -0.382142523674279655E+01    0.319253794858971179E-01   -0.722762946160496605E-01   -0.206476930240373335E+00   -0.241779416983787188E+00   -0.113625726510690228E+01   -0.417366137965786308E+02   -0.505195633965034840E+01    1
    0.216513072604942236E+00   -0.493218995869383505E+02    0.164427178388691941E+01    0.687462782442206488E+00    0.180645520121572867E-01    0.228866499852151195E+01   -0.283229359163000582E+01   -0.113733339297616559E+00   -0.446602650888580754E+01    0.499645330301440732E-01   -0.277563563067368957E-01   -0.221674070938646078E+00   -0.281967170512528342E+00   -0.114279207015262685E+01   -0.417365665356002751E+02   -0.507195633965034709E+01    1
