    0.170017477452961918E+00   -0.692496062871970253E+01    0.767374888518528531E+00    0.136343459803774469E+01    0.145333605381969041E-01    0.206610057674100833E+01   -0.196611791816927872E+01    0.240692062460707429E-01   -0.984902035526240116E+00   -0.148936656075016327E+00   -0.301925075497171402E-01   -0.191771764224088009E+00   -0.395950655001600760E+00   -0.106676504006642636E+01   -0.125541632516043524E+02
    0.735091462148865366E-01   -0.128935970474922375E+02    0.447599492638365959E+00    0.127600496789868956E+01    0.999585096887716310E-02    0.212394925849630711E+01   -0.118389009736985384E+01    0.866615656266130074E-02   -0.479801994140432431E+01   -0.131747274206782172E+00   -0.171098081498912730E+00   -0.545762059868095117E+00   -0.389246924895244151E+00   -0.103257134636854242E+01   -0.103349009922572552E+02
    0.831839349450724658E-01   -0.112545029709073994E+02    0.980889785971639450E+00    0.143921551759157129E+01    0.660008489824773139E-02    0.207060954327074587E+01   -0.185301200355795803E+01   -0.101740079453985846E+00    0.460984105774875808E+01   -0.159184181842922018E+00   -0.120875743608643171E+00   -0.203754106272734464E+00   -0.138383828335835762E+00   -0.107554016391175278E+01   -0.103289871215820312E+02
    0.830482218229139368E-01   -0.118105052035365503E+02    0.372931084004510083E+00    0.121117732778342879E+01    0.103003277609905707E-01    0.212594794440988055E+01   -0.204611013036215539E+01    0.869409900354022047E-02    0.160471091935129939E+01   -0.170922094992696894E+00   -0.184549158057497081E+00   -0.305757135948986847E+00   -0.377071728140695339E+00   -0.101447135794106402E+01   -0.100705315726143976E+02
    0.499496459375998667E-01   -0.613838099510781809E+01    0.282672452187182399E+00    0.128142529487032708E+01    0.538833568650648638E-02    0.203685870994503926E+01   -0.108518826242842303E+01   -0.144789810595402635E+00   -0.913458431367285684E+01   -0.661732833354671535E-01   -0.201110710563120826E+00   -0.697565925917010610E+00   -0.220826459401897768E+00   -0.103149701851321240E+01   -0.979715401785714235E+01
    0.123667928325378651E+00   -0.226930524735026431E+02    0.771085679254008616E+00    0.997666605846644128E+00    0.108135336554164331E-01    0.202853058927419960E+01   -0.195809012321184750E+01   -0.489141541974359439E-01   -0.114636108888964872E+01   -0.378153713297555538E+00    0.608780763237621661E-01    0.296602114636442260E-01   -0.975938916060093697E-01   -0.105181867354992220E+01   -0.967909131731305727E+01
    0.123973637709814816E+00   -0.222340271322850711E+02    0.991093834713219213E+00    0.137981988122237431E+01    0.815941690025165541E-02    0.210808453716253563E+01   -0.134622579781425467E+01   -0.173302830995932911E+00   -0.347459420076356373E+01   -0.216411651847027098E+00   -0.172731777946643322E+00   -0.206636339204468444E+00   -0.245221281434183924E+00   -0.109188880380139564E+01   -0.958586665562221008E+01
    0.839776367040029337E-01   -0.111141864413485596E+02    0.435927408961553908E+00    0.104496968610264274E+01    0.960199970738257955E-02    0.209164737524312905E+01   -0.194975074095960865E+01    0.149723929192569050E+00   -0.179650544004215562E+01    0.796231522442311934E-01   -0.105081757417617341E+00   -0.651043989900611852E+00   -0.388746801665082020E+00   -0.103600540259363516E+01   -0.955445643833705383E+01
    0.113220995343754724E+00   -0.144544600905159566E+02    0.691034831168145125E+00    0.105185558222610687E+01    0.870673954588587103E-02    0.203162616791010553E+01   -0.153067223845327938E+01   -0.203433201288234999E+00   -0.118459792755208149E+01   -0.146469693418860042E+00    0.558412071210248953E-01   -0.757038366689322451E+00   -0.251204085922522719E-01   -0.104913243418496194E+01   -0.922601427350725523E+01
    0.142107138528680232E+00   -0.252603228822484915E+02    0.642724251797930912E+00    0.110083218732409116E+01    0.131029000354027769E-01    0.211854484936031628E+01   -0.128579759707803509E+01   -0.131292177299926621E+00   -0.212808243803526409E+01   -0.166956109412817216E+00   -0.186608857228334535E+00   -0.526727031198134577E+00   -0.262906567833115723E+00   -0.107555688674867156E+01   -0.908644812447684203E+01
    0.119884584893879445E+00   -0.151318587848894612E+02    0.779623082342840945E+00    0.149793306351937372E+01    0.989711031337374252E-02    0.203363214066073406E+01   -0.163513382576536426E+01   -0.107451696416060588E-01   -0.711402751330581573E+01   -0.980712962660579279E-01    0.525174556424402236E-01   -0.420323226053751275E+00   -0.262486857647550476E+00   -0.103454537017371129E+01   -0.890263203212193055E+01
    0.164342022747457517E+00   -0.279638259411942620E+02    0.991151227774040633E+00    0.888104287564658978E+00    0.776384217883796524E-02    0.204793524864136511E+01   -0.107040810610742154E+01   -0.176103841093850078E+00   -0.134292950648582643E+02   -0.165103396445971939E-01   -0.198970614675846452E+00   -0.634856952313790468E+00   -0.364105341546191175E-01   -0.109125059767497601E+01   -0.871455437796456422E+01
    0.338555837970404838E-01   -0.180501326637961803E+02    0.686626738168944151E+00    0.110258275647456161E+01    0.342619438464017260E-02    0.215066631175716161E+01   -0.185328028136146394E+01   -0.104926746666219678E+00   -0.797269040352807323E+01   -0.174310483170198816E+00   -0.835110703082876937E-01   -0.944197035696211773E-01   -0.228587159768697257E+00   -0.106637228542406670E+01   -0.869021006992885070E+01
    0.105423365482226833E+00   -0.141820360721893639E+02    0.865067390811312786E+00    0.141134488070240804E+01    0.926878262933383650E-02    0.206539069112015250E+01   -0.127497642508475351E+01    0.520994751069060735E-01   -0.111905419272801199E+01   -0.136191139976008763E+00    0.175425395086167335E+00   -0.350743239008112107E+00   -0.235539550699280426E+00   -0.105073217778417227E+01   -0.868262536185128297E+01
    0.622275520202056273E-01   -0.244652517063283312E+02   -0.890182532098978685E-01    0.958394268460445398E+00    0.613085039685729982E-02    0.215237826548046440E+01   -0.121387308329054577E+01   -0.220512611568601274E+00    0.175722338151854940E+01   -0.249958090381703135E+00   -0.199161219962508657E+00   -0.371991476280292277E-02   -0.123304298945165841E+00   -0.111320827696854074E+01   -0.864131818498883852E+01
    0.139583766758378303E+00   -0.352354728404260982E+02    0.660406506732277188E+00    0.124837271589321275E+01    0.104045227729945948E-01    0.210526665548709868E+01   -0.135781291909858504E+01   -0.148196661920298539E+00   -0.480566442076836253E+01   -0.130454669246142019E+00   -0.237692607821372609E+00   -0.162970153374172838E+00   -0.151620945017115955E+00   -0.105747128152698822E+01   -0.849374444144112672E+01
    0.397590766858797948E-01   -0.133155994542814540E+02    0.593176543323281624E+00    0.124407788615144699E+01    0.694098379539720943E-02    0.212653810631956075E+01   -0.175431338907778334E+01    0.140502302179087574E+00   -0.812587119734084151E+00   -0.176758095370913387E+00   -0.157158106015910320E+00   -0.360904805836771980E-01   -0.276435533460593019E+00   -0.106220014458566814E+01   -0.845581708635602602E+01
    0.561838560796854500E-01   -0.127266958939147923E+02    0.402044340299289371E+00    0.114218872354029899E+01    0.103366643440336754E-01    0.210525845106830456E+01   -0.165784620340110522E+01   -0.142550527687389961E+00    0.165110909800291994E+01   -0.192771844128200726E+00   -0.905159652834557904E-01   -0.102107065656048546E-01   -0.119696788632080081E+00   -0.102641821143055889E+01   -0.841912623814174133E+01
    0.997422789786941988E-01   -0.365965278441126429E+01    0.465393529943877615E+00    0.123013801928808930E+01    0.125813199543424858E-01    0.205905461959818981E+01   -0.222035627619430986E+01   -0.428790131249213655E-01   -0.504135763000248271E+01   -0.843467342323423325E-01   -0.178267751686237486E+00   -0.171840671554693236E+00   -0.249168817015600008E+00   -0.108134610562712763E+01   -0.831695066179547915E+01
    0.895644822495628989E-01   -0.218127749682624312E+02    0.919321384129900387E+00    0.142322358976671781E+01    0.790812682911977427E-02    0.208661052933331437E+01   -0.216476479751887263E+01    0.833624978635215952E-01    0.839246672238425795E+01   -0.215380652109715409E+00   -0.750330630706982360E-01    0.178828869759275616E+00   -0.329973896371180464E+00   -0.104003847997699594E+01   -0.828062057495117188E+01
    0.975548746242045628E-01   -0.971646443179300334E+01    0.519777866407093114E+00    0.930763559982360045E+00    0.973252480803313801E-02    0.202563922000913621E+01   -0.955662316608941298E+00   -0.146701345956699675E+00   -0.322927877203294322E+01   -0.291571948868890263E+00    0.795006251043261780E-01   -0.352315442707021531E+00   -0.161238245757511639E+00   -0.107407863373117940E+01   -0.827610615321568055E+01
    0.130283218469781886E+00   -0.199243137655441380E+02    0.740571441760824123E+00    0.944161343655458785E+00    0.980873094294745611E-02    0.204664642334609415E+01   -0.229649161677782443E+01   -0.746134790958217220E-01   -0.424498690821005553E+01   -0.540092337964756641E+00   -0.103682464083301049E+00   -0.309164046268104231E+00   -0.214105352834203233E+00   -0.107069816098095338E+01   -0.826478413173130555E+01
    0.640617912253580168E-01   -0.190072201803434417E+02    0.101874110479679292E+01    0.159927822913371331E+01    0.639620550535918014E-02    0.206766323232102600E+01   -0.244860860786494383E+01    0.178633515456934761E-01   -0.114448218616945976E+02   -0.856989141377168667E-01   -0.832116522740990461E-01   -0.614515653238457693E-01   -0.190104585604477738E+00   -0.101891138306655082E+01   -0.823635046822684203E+01
    0.912071930400933928E-01   -0.126267306780751980E+02    0.683870763197489850E+00    0.101676034447285457E+01    0.524081041102012965E-02    0.202070154152114112E+01   -0.178068100112996208E+01    0.542424187943804370E-01    0.158714935457117479E+01   -0.433596872898188157E-01   -0.912578754285517657E-01   -0.183796430214410778E+00   -0.251644588913082834E+00   -0.105238379136748539E+01   -0.813236836024693055E+01
    0.747700892853513932E-01   -0.155928858973115148E+02    0.953570012773925058E+00    0.106709306924607650E+01    0.740287655435484509E-02    0.209945522733682610E+01   -0.106343209341628198E+01   -0.190998461811205777E+00    0.129981346739324222E+01   -0.201337081653377575E+00   -0.544297880950607160E-01   -0.160608481750153881E+00   -0.237169400576010270E+00   -0.101266703572200023E+01   -0.810874012538364930E+01
    0.773007002132332782E-01   -0.136345104573917020E+02    0.452547550730873327E+00    0.162267108767886103E+01    0.786522483734600902E-02    0.207739915615864046E+01   -0.220695534603882448E+01    0.128166797651138309E-01   -0.387205602456203835E+01   -0.257012161153990781E-01   -0.978134458402452889E-01   -0.134649888194568995E+00   -0.299863132363389462E+00   -0.108595290571682335E+01   -0.805701010567801390E+01
    0.100962310241696787E+00   -0.172915221980034950E+02    0.945905458063757809E+00    0.106039915594729539E+01    0.120234219351657949E-01    0.212118568388171447E+01   -0.201090596803541644E+01   -0.425578607412499463E-01   -0.201910540162493746E+01   -0.144245533353150601E-01    0.138199725716586813E+00    0.120348718638871727E+00   -0.156829096391388867E+00   -0.106748635550798787E+01   -0.802772249494280210E+01
    0.119209414629641464E+00   -0.363296455764413864E+02    0.101293084490543794E+01    0.113274626956545821E+01    0.721742601143167753E-02    0.210284923575836835E+01   -0.162816735608173380E+01   -0.180745698846538655E+00   -0.713973935043980479E+01   -0.195109144874147072E+00   -0.106274093474165693E+00   -0.507006451952760340E-01   -0.124358848321652199E+00   -0.105132273920446329E+01   -0.791641943795340364E+01
    0.712641945928230852E-01   -0.178870437628399017E+02    0.532036381459846552E+00    0.789491297610453113E+00    0.560666046697813093E-02    0.208380598050700794E+01   -0.229298878965132547E+01   -0.149831371571600092E+00   -0.303110978409240728E+01   -0.105700910545233479E+00    0.163450160115912319E+00   -0.129427649165869962E-01   -0.409599184574005043E-01   -0.102641062501335756E+01   -0.790967287336076996E+01
    0.424002976936830242E-01   -0.111656835200073523E+02    0.364024792997965807E+00    0.120286481648966648E+01    0.771862036306983357E-02    0.209942949050044270E+01   -0.226203551176802309E+01   -0.961880378544535397E-01   -0.483791673626445284E+01   -0.436885525565229998E-01   -0.118367739757287233E+00   -0.274269938860048079E-01   -0.242602271362418853E+00   -0.109965141751508710E+01   -0.789074271065848176E+01
    0.856480543812291606E-01   -0.145525123636021814E+02    0.890871092679144772E+00    0.357512145391208902E+00    0.575149956887912716E-02    0.204607218041585970E+01   -0.144565859477918246E+01   -0.678036517711060743E-01   -0.731870896944997185E-01   -0.198412513628119791E+00    0.293974749273034422E-01   -0.280060401182529284E+00   -0.244532883027285680E+00   -0.106312475921444727E+01   -0.788167081560407379E+01
    0.967782505992203779E-01   -0.102890500675930969E+02    0.916045468430175536E+00    0.114112180350129910E+01    0.775320249465152184E-02    0.202423637362287900E+01   -0.162391225108776838E+01   -0.363233473168149759E-01   -0.501507889432498466E+01   -0.147272146007457888E+00   -0.660226002968544168E-01   -0.401931099108788659E+00   -0.977940821001898608E-01   -0.102185263109521318E+01   -0.783945465087890625E+01
    0.955876383642874916E-01   -0.783476349172233988E+01    0.360334920154229355E+00    0.107596921941794554E+01    0.129427536737425526E-01    0.205307250334344005E+01   -0.154242881544759358E+01   -0.505865223399983438E-01   -0.560634474804385263E+01   -0.725487260482275270E-01   -0.110672970073138338E-01    0.196473846992915230E+00   -0.698846624538926597E-01   -0.102109950377116743E+01   -0.783690098353794617E+01
    0.884313066880834803E-01   -0.728557782253552233E+01    0.428571871705394791E+00    0.103996166824751901E+01    0.114460780371849324E-01    0.201757697840554062E+01   -0.181861097950069084E+01    0.133861059884833711E+00   -0.592631742594914002E+01   -0.459617956016442064E-01    0.885369771855695487E-01   -0.235376100553354312E+00   -0.219859537017186052E+00   -0.101157622170818451E+01   -0.781722858973911805E+01
    0.149363035091814200E+00   -0.212655775086986942E+02    0.706598497209589338E+00    0.133611365305612173E+01    0.111559544467048667E-01    0.204757154692939913E+01   -0.145017670731048942E+01   -0.233630855237294544E+00   -0.643755198001554607E+01   -0.382543568855763905E+00   -0.169492590375144164E-02   -0.450131855673172154E+00   -0.176961790200993840E+00   -0.111633105506077190E+01   -0.780520956856863801E+01
    0.921536802406707073E-01   -0.224961477194752781E+02    0.769594724138895847E+00    0.100486097802810526E+01    0.546487370911933126E-02    0.209344374098546515E+01   -0.176191575574908676E+01   -0.638858203700887750E-01   -0.687574878851919369E+01   -0.117415861035202726E+00    0.143019912540551380E-01    0.274980448936645971E+00   -0.867698185484578888E-01   -0.107301417748848626E+01   -0.774290629795619445E+01
    0.908853332904568240E-01   -0.103376074723718574E+02    0.101560892032803496E+01    0.112580253451554135E+01    0.304781808430704560E-02    0.200831649634407006E+01   -0.161204110132053424E+01   -0.226657219420047462E+00    0.391766473730886267E+01   -0.175296929479259372E+00    0.117413718990948324E+00   -0.449171434632461841E+00   -0.548650931000649739E-01   -0.106984596303028945E+01   -0.763713618687221008E+01
    0.956432443312504460E-01   -0.178331146201362074E+02    0.533034290455319137E+00    0.857323593183311639E+00    0.504890899602841899E-02    0.203944132897711761E+01   -0.137908487020252601E+01   -0.171431504062726170E+00    0.560412894543285578E+00   -0.342488795398355583E+00    0.356294066278152952E-01   -0.656910006386560053E+00   -0.464461072984874296E-01   -0.100902553258056549E+01   -0.763505990164620574E+01
    0.773171290767253466E-01   -0.168314836285552580E+02    0.491237996765073792E+00    0.108321979715582639E+01    0.916807164695480209E-02    0.211513210571265420E+01   -0.201520561418814736E+01   -0.773707735455611417E-01   -0.273560725310459052E+00   -0.322871025495374830E-02    0.926919958242505837E-02   -0.323101851382843197E-01   -0.282279487156279874E+00   -0.106018496480290669E+01   -0.762836347307477691E+01
    0.809236728012144163E-01   -0.177081238946679527E+02    0.684404723924341374E+00    0.116640563799032670E+01    0.105774970725905533E-01    0.212941042582486562E+01   -0.158992624472709831E+01   -0.171101866499815847E+00   -0.293144824803337656E+01    0.261977638081816289E+00   -0.325799334191201606E-01   -0.438368326811462983E-01   -0.204998488509838428E+00   -0.107863299576370086E+01   -0.762674767630440886E+01
    0.128256351178075240E+00   -0.163514017508289591E+02    0.980385596577633800E+00    0.164718087641806621E+00    0.959829793029864584E-02    0.204426638711663777E+01   -0.179999744342533563E+01   -0.734422095513017764E-01   -0.113599533120586971E+01   -0.376393674324803806E+00    0.374199877632861375E-01   -0.344624622202716058E-01   -0.213471616392573227E+00   -0.101551953993173028E+01   -0.758596147809709809E+01
    0.104111262472819752E+00   -0.170524506980981485E+02    0.717978162809415732E+00    0.714331204266479447E+00    0.784003978725814239E-02    0.206851706833574633E+01   -0.173582293208261373E+01   -0.308744357954952031E+00   -0.137681745672802780E+01   -0.104878443315152059E+00    0.907340575407723504E-01    0.146148013689090278E+00    0.384841197137361923E-01   -0.103103461843305233E+01   -0.755687931605747742E+01
    0.763703657589299006E-01   -0.172612767290943054E+02    0.473237331742749123E+00    0.191804111318099801E+01    0.618729446329551337E-02    0.203489438841816916E+01   -0.159194006392216658E+01   -0.692776026909031895E-01   -0.113764048765174985E+01   -0.102761910177821963E+00   -0.262901469001237342E+00   -0.161726688415250758E+00   -0.197978935713306603E+00   -0.105276795522521094E+01   -0.754954038347516754E+01
    0.749399711954227554E-01   -0.143066883437119952E+02    0.278810114235673145E+00    0.128847844562247049E+01    0.839186470173122062E-02    0.208402928888794836E+01   -0.107841774678052182E+01   -0.426196079326678495E-01   -0.663868427425938812E+01   -0.160623094569936481E+00   -0.117135799749316094E+00   -0.586745836855189773E+00   -0.142337638918005466E+00   -0.106543798614439056E+01   -0.749874932425362761E+01
    0.991449112777970099E-01   -0.276018541276539757E+02    0.810747880704783652E+00    0.110990450125298157E+01    0.232183342077925490E-02    0.208230568907455060E+01   -0.160081604696252455E+01   -0.875370673827109147E-01   -0.530487300273064921E+01    0.185018474839684921E-01   -0.667538857487140203E-01   -0.338293760033520186E+00   -0.103737491970617310E+00   -0.105500112862274520E+01   -0.737176241193498871E+01
    0.731192115823513372E-01   -0.706517727190202649E+01    0.808816000730570805E+00    0.812273002967896507E+00    0.554406489508393711E-02    0.203735110985361167E+01   -0.105396236257818199E+01   -0.619131326662219830E-01    0.525511801155705527E+01   -0.338336247076812036E+00    0.758806122389880378E-01   -0.335584384419304327E+00   -0.250214642397905918E+00   -0.102729233064285630E+01   -0.732510920933314758E+01
    0.109375285827451582E+00   -0.210570412124610300E+02    0.102238873395267138E+01    0.913549116932107497E+00    0.840357320964864318E-02    0.205465619240220487E+01   -0.193811480498718769E+01   -0.641576326845346018E-01   -0.144739872417394189E+02   -0.783898746323681284E-01    0.287600611858952818E-01    0.259838750998808155E-01   -0.201593917845703907E+00   -0.100775899087663046E+01   -0.731313596452985504E+01
    0.683419628206690943E-01   -0.295194358385391382E+02    0.161500141315593537E+00    0.133719529980435548E+01    0.403052691127114750E-02    0.211881408881820876E+01   -0.173999499278927505E+01   -0.116177289452017760E+00   -0.299571945953569552E+01   -0.288648430945780299E+00   -0.214616882260326408E+00   -0.812583791686509849E+00   -0.221807418941051798E+00   -0.113303351022021159E+01   -0.724644361223493316E+01
    0.794037264086365768E-01   -0.154590314393994319E+02    0.763185876964822318E+00    0.160000603931960739E+01    0.773896052511570572E-02    0.206546966837132873E+01   -0.873897086200813300E+00   -0.108342032410094213E+00   -0.674300062025201719E+01    0.137704499850648282E+00   -0.429893111731501409E+00   -0.634237521779130453E-01   -0.124714606626770641E+00   -0.104878785125299179E+01   -0.720781653267996614E+01
    0.794037264086365768E-01   -0.154590314393994319E+02    0.763185876964822318E+00    0.160000603931960739E+01    0.773896052511570572E-02    0.206546966837132873E+01   -0.873897086200813300E+00   -0.108342032410094213E+00   -0.674300062025201719E+01    0.137704499850648282E+00   -0.429893111731501409E+00   -0.634237521779130453E-01   -0.124714606626770641E+00   -0.104878785125299179E+01   -0.720781653267996614E+01
    0.136240659970882388E+00   -0.246568028731651125E+02    0.535566764144977947E+00    0.863012605558934442E+00    0.136260369343425870E-01    0.209447963608979437E+01   -0.211609203197207130E+01   -0.941816034370277222E-01   -0.181909914564944786E+01   -0.573077664663302788E+00    0.309153176550736708E+00   -0.245261033160191211E-01   -0.141366896222765909E+00   -0.107841385101014864E+01   -0.716402598789760070E+01
    0.105088653499385259E+00   -0.141840197869312608E+02    0.507611164993034714E+00    0.993075872526332559E+00    0.140841033655227099E-01    0.209230592896436107E+01   -0.163652236353554437E+01   -0.383616772532846956E-01   -0.660242123596611208E+01   -0.553913781582340697E-01    0.696100664317968187E-02   -0.250553130813288394E+00   -0.154497612052928723E+00   -0.100736720957889325E+01   -0.716143635341099305E+01
    0.105088653499385259E+00   -0.141840197869312608E+02    0.507611164993034714E+00    0.993075872526332559E+00    0.140841033655227099E-01    0.209230592896436107E+01   -0.163652236353554437E+01   -0.383616772532846956E-01   -0.660242123596611208E+01   -0.553913781582340697E-01    0.696100664317968187E-02   -0.250553130813288394E+00   -0.154497612052928723E+00   -0.100736720957889325E+01   -0.716143635341099305E+01
    0.104158808026916502E+00   -0.303613138313297526E+02    0.109992128714000881E+01    0.108750340156982461E+01    0.397625636747767682E-02    0.210803509622669560E+01   -0.856130624483182001E+00   -0.908384812509358541E-01    0.265334147004382404E+01   -0.303116427245065156E+00    0.196028506289539148E-01   -0.156797938316726115E+00   -0.142755746133973294E+00   -0.108565922125688119E+01   -0.706500625610351562E+01
    0.104158808026916502E+00   -0.303613138313297526E+02    0.109992128714000881E+01    0.108750340156982461E+01    0.397625636747767682E-02    0.210803509622669560E+01   -0.856130624483182001E+00   -0.908384812509358541E-01    0.265334147004382404E+01   -0.303116427245065156E+00    0.196028506289539148E-01   -0.156797938316726115E+00   -0.142755746133973294E+00   -0.108565922125688119E+01   -0.706500625610351562E+01
    0.391076593204831430E-01   -0.239852433657227273E+02    0.565381238755290005E+00    0.149218604672424004E+01    0.447407683824747968E-02    0.212109296898175570E+01   -0.112729724350352489E+01   -0.135064661143998566E+00   -0.604573597462846291E+01   -0.116763015011533217E+00   -0.265633802028282205E-01    0.732666485351272934E-01   -0.173510868124192363E+00   -0.105543530157458743E+01   -0.702367401123046875E+01
    0.732458035283715531E-01   -0.225419693244254162E+02    0.583212917751476101E+00    0.638059930593242175E+00    0.689705545272964200E-02    0.210605018807768651E+01   -0.120380522899241038E+01   -0.136570112768742702E+00   -0.627092711386623236E+01   -0.221235939541696430E+00   -0.620661528205515914E-01   -0.230837345099896618E+00   -0.122098692169927719E+00   -0.104756854028827795E+01   -0.702357809884207551E+01
    0.732458035283715531E-01   -0.225419693244254162E+02    0.583212917751476101E+00    0.638059930593242175E+00    0.689705545272964200E-02    0.210605018807768651E+01   -0.120380522899241038E+01   -0.136570112768742702E+00   -0.627092711386623236E+01   -0.221235939541696430E+00   -0.620661528205515914E-01   -0.230837345099896618E+00   -0.122098692169927719E+00   -0.104756854028827795E+01   -0.702357809884207551E+01
    0.986331991946685221E-01   -0.178800828194198829E+02    0.263129359624693082E+00    0.143200573282211008E+01    0.847035584004984105E-02    0.205437425182006228E+01   -0.216368251351824181E+01    0.491356799072197592E-01   -0.704795160828876099E+01   -0.298750917217025069E+00   -0.297630834060657490E+00   -0.187842256055314183E+00   -0.204710025307951210E+00   -0.108225444083341782E+01   -0.698680005754743316E+01
    0.135316204757344488E+00   -0.315467166560600987E+02    0.109413430121138644E+01    0.125192569993625025E+01    0.707997546038713170E-02    0.204680190545224461E+01   -0.198426103152562150E+01    0.968588582757871075E-01    0.735356853687343381E-01   -0.389708265862494380E-01   -0.114389746347524385E+00   -0.181937008561210228E+00   -0.251116882240401129E+00   -0.104181675509610550E+01   -0.698509761265346008E+01
    0.135316204757344488E+00   -0.315467166560600987E+02    0.109413430121138644E+01    0.125192569993625025E+01    0.707997546038713170E-02    0.204680190545224461E+01   -0.198426103152562150E+01    0.968588582757871075E-01    0.735356853687343381E-01   -0.389708265862494380E-01   -0.114389746347524385E+00   -0.181937008561210228E+00   -0.251116882240401129E+00   -0.104181675509610550E+01   -0.698509761265346008E+01
    0.624114307302978816E-01   -0.130637334496167927E+02    0.389913047645770672E+00    0.108928151818977947E+01    0.721699220862086818E-02    0.205508251603577641E+01   -0.133687675452947263E+01   -0.721670441570150256E-01    0.109598491117982588E+01   -0.194366450995177631E+00   -0.974023878587558234E-01   -0.596953857069960403E+00   -0.150469369968272759E+00   -0.102118048813426121E+01   -0.697891126360212066E+01
    0.810138743348062934E-01   -0.125534372677953368E+02    0.608326388680879071E+00    0.105018311113480145E+01    0.843360393822202570E-02    0.208167307398272561E+01   -0.201142980147988348E+01   -0.262955873973352988E-01   -0.101556279562066631E+01    0.359730959129052619E-01    0.223424814979562847E-02    0.353798394947102968E+00   -0.244244936634315180E+00   -0.101095043315581701E+01   -0.696874346051897309E+01
    0.120903947558308744E+00   -0.197886693947116470E+02    0.676308927951471794E+00    0.907674063122982600E+00    0.111535255246186689E-01    0.207894624731128719E+01   -0.150043136619886375E+01    0.612410388896150182E-01   -0.583272824669776746E+01   -0.480478916906549536E+00    0.313257099289725935E-01   -0.424603992853966772E+00   -0.246651489467632823E+00   -0.103303535189776796E+01   -0.694579206194196441E+01
    0.813866745258458313E-01   -0.113336522283301591E+02    0.702522880378190884E+00    0.125060666515679575E+01    0.752006722314889787E-02    0.207450334836244776E+01   -0.227611875033808175E+01    0.709891357821537394E-01    0.140324446733088637E+01    0.846580016309923522E-01   -0.611252998499085959E-01   -0.205698216895003588E+00   -0.320662352242814419E+00   -0.109712034039571549E+01   -0.691652515956333680E+01
    0.119158680055416744E+00   -0.129751717534225719E+02    0.839633533703929569E+00    0.126970591258842846E+01    0.109463594495160573E-01    0.206105999790441352E+01   -0.245390746297586926E+01    0.259594240321346648E-01   -0.707936960818632333E+00   -0.850371619939976758E-01    0.151849435940324268E+00   -0.205332337824692096E+00   -0.347677156433961798E+00   -0.105052785565836326E+01   -0.686987795148576996E+01
    0.768278812588340937E-01   -0.644435076254477224E+01    0.543004458856039318E+00    0.571520212679330064E+00    0.102613691814289840E-01    0.205655744418344932E+01   -0.147013892695640402E+01   -0.296223695302496454E-01   -0.836017044736425241E+01    0.186846367203686275E+00   -0.129822841695941327E+00   -0.457275732076225516E-01   -0.159377366749329841E+00   -0.100317118929007831E+01   -0.680569076538085938E+01
    0.768278812588340937E-01   -0.644435076254477224E+01    0.543004458856039318E+00    0.571520212679330064E+00    0.102613691814289840E-01    0.205655744418344932E+01   -0.147013892695640402E+01   -0.296223695302496454E-01   -0.836017044736425241E+01    0.186846367203686275E+00   -0.129822841695941327E+00   -0.457275732076225516E-01   -0.159377366749329841E+00   -0.100317118929007831E+01   -0.680569076538085938E+01
    0.607699696241474768E-01   -0.150701981047700624E+02    0.136944639311228467E+00    0.842740627399470421E+00    0.363954654159269562E-02    0.210764789846458855E+01   -0.169495670322603820E+01   -0.218352405760699031E+00   -0.402234498209924407E+00   -0.198787425205058738E+00   -0.777191533577230309E-01   -0.610358767672046221E+00   -0.112807737552196113E+00   -0.108560238070059789E+01   -0.680254364013671875E+01
    0.797638750835480415E-01   -0.650680028418122980E+01    0.539916903690518479E+00    0.136395899485178385E+01    0.109552839834575356E-01    0.209106747978541918E+01   -0.164927729014640501E+01    0.102861061771463841E-01   -0.108815375914263583E+02   -0.128982135282627475E+00   -0.786392964621131785E-01   -0.537215880144347457E-01   -0.273465129132976270E+00   -0.104616331486012148E+01   -0.678184781755719879E+01
    0.990887812429481485E-01   -0.122487778347861536E+02    0.109418910177983020E+01    0.131045036996097108E+01    0.743916470470512917E-02    0.203758841427089266E+01   -0.143424048902892221E+01    0.617344270232263181E-02   -0.399672404778921653E+01   -0.566418642514639054E-01   -0.872013529060178677E-01   -0.370671438779422768E+00   -0.198849996720370625E+00   -0.104155262329219722E+01   -0.674803652082170746E+01
    0.990887812429481485E-01   -0.122487778347861536E+02    0.109418910177983020E+01    0.131045036996097108E+01    0.743916470470512917E-02    0.203758841427089266E+01   -0.143424048902892221E+01    0.617344270232263181E-02   -0.399672404778921653E+01   -0.566418642514639054E-01   -0.872013529060178677E-01   -0.370671438779422768E+00   -0.198849996720370625E+00   -0.104155262329219722E+01   -0.674803652082170746E+01
    0.759148859932394227E-01   -0.282632907820347370E+02    0.102557216150202546E+01    0.108339397054197106E+01    0.740029781204620644E-03    0.209955607864448224E+01   -0.169362953191793064E+01   -0.845116646466723825E-01   -0.579353890434946006E+01   -0.116520033384537189E+00   -0.372260424984762611E-01   -0.238196533892155421E+00   -0.225749997125002044E+00   -0.121749024770528047E+01   -0.665996606009347136E+01
    0.125136102681600248E+00   -0.215833436990621124E+02    0.789397900603599378E+00    0.109374545702052739E+01    0.141098059326778373E-01    0.212159294651100705E+01   -0.213287129560206523E+01    0.193186507682116537E-02   -0.170819108753952476E+01   -0.142704313634117119E+00   -0.201894775221647949E+00   -0.442303833835516302E+00   -0.246082993355707963E+00   -0.108848275075357792E+01   -0.664786257062639496E+01
    0.125136102681600248E+00   -0.215833436990621124E+02    0.789397900603599378E+00    0.109374545702052739E+01    0.141098059326778373E-01    0.212159294651100705E+01   -0.213287129560206523E+01    0.193186507682116537E-02   -0.170819108753952476E+01   -0.142704313634117119E+00   -0.201894775221647949E+00   -0.442303833835516302E+00   -0.246082993355707963E+00   -0.108848275075357792E+01   -0.664786257062639496E+01
    0.514690217123929608E-01   -0.175800864075090075E+02    0.317059393295353653E+00    0.169572881286445853E+01    0.617816227154957716E-02    0.208942909124401144E+01   -0.146152495850017572E+01   -0.271317095055218616E+00   -0.346048139763568896E+01    0.173160738780034268E+00   -0.257627806610187471E+00   -0.101393678698505046E+00   -0.971694798757568867E-01   -0.116207618006391611E+01   -0.662964030674525695E+01
    0.534965785889086401E-01   -0.119238491829127504E+02    0.679237751713883564E+00    0.136739804270784870E+01    0.500114906282876290E-02    0.202017869480126633E+01   -0.152868079117780620E+01   -0.424885050354937566E-01   -0.245862971469989988E+01   -0.322198122997375602E+00   -0.330502192132666600E-01   -0.343306736602505047E+00   -0.203038320568808772E+00   -0.102253827585719326E+01   -0.661480113438197570E+01
    0.534965785889086401E-01   -0.119238491829127504E+02    0.679237751713883564E+00    0.136739804270784870E+01    0.500114906282876290E-02    0.202017869480126633E+01   -0.152868079117780620E+01   -0.424885050354937566E-01   -0.245862971469989988E+01   -0.322198122997375602E+00   -0.330502192132666600E-01   -0.343306736602505047E+00   -0.203038320568808772E+00   -0.102253827585719326E+01   -0.661480113438197570E+01
    0.803249127979885624E-01   -0.814456083072010095E+01    0.676167586625874173E+00    0.111136566354031729E+01    0.964001201075827090E-02    0.204788975354732594E+01   -0.112621167870600014E+01   -0.113329697116435507E+00   -0.227189890821530538E+01   -0.507217636000333177E-01   -0.635952351359499179E-01   -0.203318923658193595E+00   -0.223485694643209776E+00   -0.101009717720342729E+01   -0.661222512381417449E+01
    0.803249127979885624E-01   -0.814456083072010095E+01    0.676167586625874173E+00    0.111136566354031729E+01    0.964001201075827090E-02    0.204788975354732594E+01   -0.112621167870600014E+01   -0.113329697116435507E+00   -0.227189890821530538E+01   -0.507217636000333177E-01   -0.635952351359499179E-01   -0.203318923658193595E+00   -0.223485694643209776E+00   -0.101009717720342729E+01   -0.661222512381417449E+01
    0.637164570160869831E-01   -0.199520618805328311E+02    0.109500324573967922E+01    0.126732529299927243E+01    0.144302541929304182E-03    0.206520322832868564E+01   -0.144210817008834513E+01   -0.107732712135391484E+00    0.298308963728914067E+01   -0.138032225855450108E+00    0.308476980618188068E+00    0.102194601821744474E+00   -0.228229233097845124E+00   -0.104226562961291380E+01   -0.656938607352120574E+01
    0.964072493719555501E-01   -0.224731445848782201E+02    0.646214366965278786E+00    0.125854979705334347E+01    0.754375006721789542E-02    0.207692315576721409E+01   -0.174572760552377648E+01    0.173695878611770382E+00   -0.529622566024569519E+01   -0.284823192236099643E+00    0.133339200877150843E-01    0.120911695256590568E-01   -0.321631605427176837E+00   -0.111862768497655285E+01   -0.655785751342773438E+01
    0.864912647468601276E-01   -0.104251514903782638E+02    0.869162784332866756E+00    0.876144462576912697E+00    0.760400961886131387E-02    0.205424076599200234E+01   -0.170159115673206629E+01   -0.154870366546437793E-01   -0.204033469550823821E+01    0.835050478542707086E-01   -0.130538932676986935E-01   -0.626443160250977016E+00   -0.260986469941154986E+00   -0.108214466977529566E+01   -0.654055295671735504E+01
    0.919286452658766018E-01   -0.305250308166458666E+02    0.312613152728506372E+00    0.107620802722883968E+01    0.429321370740775102E-02    0.211689086817118000E+01   -0.207445586312915609E+01   -0.551107807031770563E-01   -0.483781795700607642E+00   -0.453588616013546164E+00   -0.453218739584694136E-01   -0.109361840235252403E+00   -0.176595971202545915E+00   -0.107809394067645381E+01   -0.651885332380022309E+01
    0.109127549921995720E+00   -0.206695270930116308E+02    0.861679407537700892E+00    0.747288117056963741E+00    0.652308458815691224E-02    0.207988409752260628E+01   -0.148552324391483559E+01   -0.118296380515928667E+00   -0.688346316712044093E+01   -0.406290541610966338E-01    0.820954373067976362E-01   -0.406488342483346310E+00   -0.118202756837675643E+00   -0.103844854274416076E+01   -0.648673902239118316E+01
    0.109127549921995720E+00   -0.206695270930116308E+02    0.861679407537700892E+00    0.747288117056963741E+00    0.652308458815691224E-02    0.207988409752260628E+01   -0.148552324391483559E+01   -0.118296380515928667E+00   -0.688346316712044093E+01   -0.406290541610966338E-01    0.820954373067976362E-01   -0.406488342483346310E+00   -0.118202756837675643E+00   -0.103844854274416076E+01   -0.648673902239118316E+01
    0.973171446286759945E-01   -0.261216476131256421E+02    0.894373922391340725E+00    0.112713649524594928E+01    0.231820221833806475E-02    0.207049027234697114E+01   -0.173556880139886460E+01   -0.548481634046007194E-01   -0.786321616222792841E+01   -0.506813929294909760E-01    0.557936679174305741E-01   -0.425730267017941255E+00   -0.213742331455132828E+00   -0.114834120119634853E+01   -0.645428139822823699E+01
    0.725796411147691112E-01   -0.183263690965591657E+02    0.102845862728667070E+01    0.874109731890416075E+00    0.347560264667975787E-02    0.209947427896731753E+01   -0.195048899642402640E+01   -0.125496865538102187E+00   -0.307209246530483204E+01    0.175307861631013723E+00   -0.652936858174710810E-01   -0.354221061743451138E+00   -0.138821149516209885E+00   -0.107964146984142828E+01   -0.644375610351562500E+01
    0.461287638569954916E-01   -0.167892219617638787E+02    0.685266926606393989E+00    0.122960858485795255E+01    0.280919997090837894E-02    0.209134159164241185E+01   -0.178857067183696739E+01   -0.639532319848283293E-01   -0.620363841183315223E+00   -0.262466743787488077E-01   -0.139347922815611536E+00   -0.200315870203156415E+00   -0.146974790770334290E+00   -0.101899978257888191E+01   -0.643155234200613801E+01
    0.461287638569954916E-01   -0.167892219617638787E+02    0.685266926606393989E+00    0.122960858485795255E+01    0.280919997090837894E-02    0.209134159164241185E+01   -0.178857067183696739E+01   -0.639532319848283293E-01   -0.620363841183315223E+00   -0.262466743787488077E-01   -0.139347922815611536E+00   -0.200315870203156415E+00   -0.146974790770334290E+00   -0.101899978257888191E+01   -0.643155234200613801E+01
    0.797200839247120402E-01   -0.277934064537960666E+02    0.888601591336365293E+00    0.105699409744015815E+01    0.272980766616635635E-02    0.208570953430076500E+01   -0.182545690531198113E+01   -0.179318709460658809E-02   -0.547816383519880112E+01   -0.229580595456004288E+00   -0.199658643579206097E+00   -0.290157738628132322E+00   -0.165713884893005037E+00   -0.106760851779506627E+01   -0.640884344918387239E+01
    0.797200839247120402E-01   -0.277934064537960666E+02    0.888601591336365293E+00    0.105699409744015815E+01    0.272980766616635635E-02    0.208570953430076500E+01   -0.182545690531198113E+01   -0.179318709460658809E-02   -0.547816383519880112E+01   -0.229580595456004288E+00   -0.199658643579206097E+00   -0.290157738628132322E+00   -0.165713884893005037E+00   -0.106760851779506627E+01   -0.640884344918387239E+01
    0.132714853522749920E+00   -0.155272571380945852E+02    0.105653056132434431E+01    0.118604607030246378E+01    0.945333235231652323E-02    0.204690938380869358E+01   -0.142832047013562558E+01   -0.814024216030324738E-01   -0.805776277019159970E+01   -0.165248526989146466E+00    0.526905180606803067E-01   -0.155950810683026464E+00   -0.200279303374792328E+00   -0.121299339947748774E+01   -0.640673828125000000E+01
    0.132714853522749920E+00   -0.155272571380945852E+02    0.105653056132434431E+01    0.118604607030246378E+01    0.945333235231652323E-02    0.204690938380869358E+01   -0.142832047013562558E+01   -0.814024216030324738E-01   -0.805776277019159970E+01   -0.165248526989146466E+00    0.526905180606803067E-01   -0.155950810683026464E+00   -0.200279303374792328E+00   -0.121299339947748774E+01   -0.640673828125000000E+01
    0.956350934287193144E-01   -0.231442136368418119E+02    0.634813482586743194E+00    0.118930798531651227E+01    0.875470355505808713E-02    0.211244660870735279E+01   -0.163257622338583608E+01   -0.187591558627074606E+00   -0.934855173624187152E+01   -0.413944428121430508E-01   -0.144131320817524888E+00   -0.269147567643974572E+00   -0.150542624926610441E+00   -0.108141779469799859E+01   -0.640187563214983246E+01
    0.956350934287193144E-01   -0.231442136368418119E+02    0.634813482586743194E+00    0.118930798531651227E+01    0.875470355505808713E-02    0.211244660870735279E+01   -0.163257622338583608E+01   -0.187591558627074606E+00   -0.934855173624187152E+01   -0.413944428121430508E-01   -0.144131320817524888E+00   -0.269147567643974572E+00   -0.150542624926610441E+00   -0.108141779469799859E+01   -0.640187563214983246E+01
    0.693294522325504786E-01   -0.172173469299791684E+02    0.188778217258318226E+00    0.124690125528582363E+01    0.546901628326858322E-02    0.205111172356219917E+01   -0.162027242255269499E+01   -0.132540728894149390E+00   -0.134528962728148294E+01   -0.125467694982239558E+00   -0.159737104039777672E+00   -0.101705290924701430E+00   -0.108340455021520482E+00   -0.100351595367815927E+01   -0.639849744524274566E+01
    0.693294522325504786E-01   -0.172173469299791684E+02    0.188778217258318226E+00    0.124690125528582363E+01    0.546901628326858322E-02    0.205111172356219917E+01   -0.162027242255269499E+01   -0.132540728894149390E+00   -0.134528962728148294E+01   -0.125467694982239558E+00   -0.159737104039777672E+00   -0.101705290924701430E+00   -0.108340455021520482E+00   -0.100351595367815927E+01   -0.639849744524274566E+01
    0.108711636598040062E+00   -0.135181558648567801E+02    0.107065797535360785E+01    0.927252829840336634E+00    0.104774250671748233E-01    0.203506110423869391E+01   -0.149287218774394193E+01   -0.846297129904038659E-01   -0.412690837937670540E+01   -0.432527583362295576E+00    0.240869480564055410E+00   -0.330660951042699325E+00   -0.150058742516736565E+00   -0.103014707971738573E+01   -0.637080982753208680E+01
    0.142741669466859677E+00   -0.213574717489335661E+02    0.806649680323360485E+00    0.104165199775974338E+01    0.141547027271426359E-01    0.208436108278827881E+01   -0.141346451839791909E+01   -0.208559734561912652E+00   -0.146746963077039538E+01   -0.302214690108770112E+00    0.106390756889979149E+00   -0.582806474568012822E+00   -0.181411005390327340E+00   -0.111008787284610033E+01   -0.635028130667550261E+01
    0.915366985587394572E-01   -0.229726891411703562E+02    0.635218783276679133E+00    0.123748334255039105E+01    0.610148369178420413E-02    0.208443502177677775E+01   -0.220667599876520981E+01    0.377296759883581634E-02   -0.373990600874197154E+01    0.178619955818774795E+00   -0.660511164306960136E-01   -0.377083044631839948E+00   -0.181901034624957408E+00   -0.106254597938934592E+01   -0.633055714198521180E+01
    0.915366985587394572E-01   -0.229726891411703562E+02    0.635218783276679133E+00    0.123748334255039105E+01    0.610148369178420413E-02    0.208443502177677775E+01   -0.220667599876520981E+01    0.377296759883581634E-02   -0.373990600874197154E+01    0.178619955818774795E+00   -0.660511164306960136E-01   -0.377083044631839948E+00   -0.181901034624957408E+00   -0.106254597938934592E+01   -0.633055714198521180E+01
    0.117053695563751919E+00   -0.170342797050785784E+02    0.618500842295068520E+00    0.111279951053445969E+01    0.140752417310728434E-01    0.208664222802206956E+01   -0.146430281117570193E+01   -0.812405816535166914E-01   -0.967741053173717880E+01   -0.655793351350825171E-01    0.666106216738802659E-01   -0.336759934273093420E-01   -0.207468371900677573E+00   -0.101941847796227103E+01   -0.631848035539899566E+01
    0.117053695563751919E+00   -0.170342797050785784E+02    0.618500842295068520E+00    0.111279951053445969E+01    0.140752417310728434E-01    0.208664222802206956E+01   -0.146430281117570193E+01   -0.812405816535166914E-01   -0.967741053173717880E+01   -0.655793351350825171E-01    0.666106216738802659E-01   -0.336759934273093420E-01   -0.207468371900677573E+00   -0.101941847796227103E+01   -0.631848035539899566E+01
    0.849365692537328298E-01   -0.143717737361853537E+02    0.519530213935442076E+00    0.116092615775301278E+01    0.794704006977480990E-02    0.205136472096044509E+01   -0.144930949549669896E+01   -0.416519234858725440E-02   -0.102079086127491721E+02   -0.152780199208890077E-01   -0.411981573990120031E-01   -0.171511373798384215E+00   -0.203922973586704415E+00   -0.106631205870091961E+01   -0.630484553745814758E+01
    0.634498968268411706E-01   -0.218537504552529853E+02    0.342605001523646979E+00    0.125863980196666647E+01    0.386323655284084942E-02    0.210633006739173956E+01   -0.191387173253625598E+01   -0.906048535098095964E-02   -0.888411335092675714E+01    0.166879841431221004E+00   -0.284847685197968437E+00   -0.563811557283449283E-01   -0.197011034332496282E+00   -0.112061843347777401E+01   -0.630249622889927430E+01
    0.122706297737827860E+00   -0.238383858968194779E+02    0.854093608985279529E+00    0.104451999695040687E+01    0.994668331903663695E-02    0.209289106639452882E+01   -0.171843541550180268E+01   -0.529339378775142561E-01   -0.230040293673899310E+01   -0.335123652018246232E+00   -0.164594447742504341E+00   -0.247484087420548726E+00   -0.235362232177615927E+00   -0.101830666696544370E+01   -0.630159650530133941E+01
    0.602153269309907077E-01   -0.157552331926738240E+02    0.715520779381762950E+00    0.128417145104523733E+01    0.693627824574632491E-02    0.211009365195262610E+01   -0.143092375168868680E+01   -0.631537421537761434E-01   -0.240720817180582047E+01   -0.518345945714881601E-01   -0.197520512366272133E+00   -0.467158802696824194E+00   -0.253192853826432529E+00   -0.108816704694688493E+01   -0.625847516741071441E+01
    0.602153269309907077E-01   -0.157552331926738240E+02    0.715520779381762950E+00    0.128417145104523733E+01    0.693627824574632491E-02    0.211009365195262610E+01   -0.143092375168868680E+01   -0.631537421537761434E-01   -0.240720817180582047E+01   -0.518345945714881601E-01   -0.197520512366272133E+00   -0.467158802696824194E+00   -0.253192853826432529E+00   -0.108816704694688493E+01   -0.625847516741071441E+01
    0.155664916986467866E+00   -0.242786189140500923E+02    0.913716817997603958E+00    0.113017356999959317E+01    0.130302085037216631E-01    0.206848172285222942E+01   -0.221938511029439889E+01   -0.150770351160221250E+00   -0.822313517767108060E+01   -0.533191599942647448E-01   -0.162359102255224153E+00    0.174478786995359431E+00   -0.159181546596409401E+00   -0.104915798666885518E+01   -0.625572531563895051E+01
    0.155664916986467866E+00   -0.242786189140500923E+02    0.913716817997603958E+00    0.113017356999959317E+01    0.130302085037216631E-01    0.206848172285222942E+01   -0.221938511029439889E+01   -0.150770351160221250E+00   -0.822313517767108060E+01   -0.533191599942647448E-01   -0.162359102255224153E+00    0.174478786995359431E+00   -0.159181546596409401E+00   -0.104915798666885518E+01   -0.625572531563895051E+01
    0.709397328531570781E-01   -0.927813133114567989E+01    0.532963520829274784E+00    0.480993947564695823E+00    0.959523917818208213E-02    0.207779752945747775E+01   -0.185421036104289327E+01    0.393653156436134521E-01    0.143711060920385369E+01   -0.199918880009226724E+00   -0.975158128315644912E-01   -0.785012866700946166E+00   -0.276594840315824708E+00   -0.102254219373195432E+01   -0.623420824323381684E+01
    0.105675104581712087E+00   -0.269912265652826306E+02    0.711618238330649966E+00    0.130544920262132003E+01    0.676110423190575457E-02    0.206754386328372508E+01   -0.144821252142351065E+01   -0.795627856283693952E-01   -0.341259852469910507E+01   -0.385706186940111162E+00   -0.101456601936751628E+00   -0.452866998832105461E+00   -0.154678762330044711E+00   -0.104283641570237240E+01   -0.621250370570591492E+01
    0.100468811380320724E+00   -0.139557100763040491E+02    0.345455901317620662E+00    0.131130389424102711E+01    0.979931865842073244E-02    0.208166692034025669E+01   -0.207065293547621465E+01   -0.237791843684118376E-01   -0.704377888467417890E+00   -0.268587105421152605E+00   -0.117426357466078601E+00   -0.130914157464943531E+00   -0.238266773886084943E+00   -0.114206510489960222E+01   -0.620863396780831511E+01
    0.127637937311595534E+00   -0.188685790609211246E+02    0.100724849177348630E+01    0.135316199484414090E+01    0.824798913694173123E-02    0.200520323414741153E+01   -0.172502046573467860E+01   -0.149222180424186113E+00   -0.474967568135827456E+01   -0.179229966045895278E+00    0.331332294860645152E-01   -0.348896864752380076E+00   -0.989803622704789748E-01   -0.107914846754219318E+01   -0.619772338867187500E+01
    0.108396143272173742E+00   -0.224976903371509884E+02    0.763919110080937491E+00    0.143833407552399217E+01    0.764170810532512849E-02    0.206413590503964972E+01   -0.170617012378179189E+01   -0.456990018706234791E-01    0.270838106309662541E+01   -0.319487098044290097E+00    0.107486528379391211E+00   -0.390802101736777319E+00   -0.299028303889140701E+00   -0.112547641417855249E+01   -0.619615282331194184E+01
    0.108396143272173742E+00   -0.224976903371509884E+02    0.763919110080937491E+00    0.143833407552399217E+01    0.764170810532512849E-02    0.206413590503964972E+01   -0.170617012378179189E+01   -0.456990018706234791E-01    0.270838106309662541E+01   -0.319487098044290097E+00    0.107486528379391211E+00   -0.390802101736777319E+00   -0.299028303889140701E+00   -0.112547641417855249E+01   -0.619615282331194184E+01
    0.765071930550803581E-01   -0.159142944088641016E+02    0.738168437646803510E+00    0.920162796400562977E+00    0.743768642964537808E-02    0.206397373800145933E+01   -0.178800913299374908E+01   -0.250973601296868520E+00   -0.177496799281861706E+01    0.312300198543731256E-01   -0.193460973264514530E+00   -0.612409650830109897E+00   -0.103784499798687702E+00   -0.109015357644362854E+01   -0.619408307756696441E+01
    0.765071930550803581E-01   -0.159142944088641016E+02    0.738168437646803510E+00    0.920162796400562977E+00    0.743768642964537808E-02    0.206397373800145933E+01   -0.178800913299374908E+01   -0.250973601296868520E+00   -0.177496799281861706E+01    0.312300198543731256E-01   -0.193460973264514530E+00   -0.612409650830109897E+00   -0.103784499798687702E+00   -0.109015357644362854E+01   -0.619408307756696441E+01
    0.100975742438288038E+00   -0.302750931360216633E+02    0.885404011151544768E+00    0.113024722528220289E+01    0.166377262932476937E-02    0.207740532299968894E+01   -0.186941228875878673E+01   -0.176490626760945540E+00    0.245187978232149506E+01   -0.145677226612962868E+00   -0.531998120320972961E-01   -0.179068653554135315E+00   -0.165228225869405693E+00   -0.107735096068029312E+01   -0.618822969709123871E+01
    0.841997168826088549E-01   -0.112282014827447441E+02    0.646536667442545343E+00    0.106481500094358617E+01    0.772659748600763689E-02    0.203071039584492175E+01   -0.121419418436262427E+01   -0.147007480407648911E+00    0.157832926378887350E+00   -0.301550126028725107E+00    0.919359570819991700E-01   -0.724994322918090961E+00   -0.144357689580646431E+00   -0.101148013190869968E+01   -0.616052191598074739E+01
    0.965592554377157353E-01   -0.115412846965921307E+02    0.903021048333241150E+00    0.988221194735994679E+00    0.660841465379373612E-02    0.202089412111586508E+01   -0.135560719716200939E+01   -0.262395706659754036E-01   -0.571674449789576933E+01   -0.161918412363274589E+00   -0.712634737628428383E-01    0.168496478511832942E+00   -0.999661341698910577E-01   -0.109763131889622256E+01   -0.614906474522181945E+01
    0.965592554377157353E-01   -0.115412846965921307E+02    0.903021048333241150E+00    0.988221194735994679E+00    0.660841465379373612E-02    0.202089412111586508E+01   -0.135560719716200939E+01   -0.262395706659754036E-01   -0.571674449789576933E+01   -0.161918412363274589E+00   -0.712634737628428383E-01    0.168496478511832942E+00   -0.999661341698910577E-01   -0.109763131889622256E+01   -0.614906474522181945E+01
    0.116226359231912102E+00   -0.218392421347178924E+02    0.504694050975802000E+00    0.128776494535649610E+01    0.922197067597815834E-02    0.206898292541271145E+01   -0.218531031852077451E+01   -0.720270124053704330E-01   -0.187950628981224854E+01   -0.234573148797646569E+00   -0.319512683369000683E+00   -0.840733386867237309E-01   -0.135519813540800338E+00   -0.103605558809724774E+01   -0.613088335309709809E+01
    0.116226359231912102E+00   -0.218392421347178924E+02    0.504694050975802000E+00    0.128776494535649610E+01    0.922197067597815834E-02    0.206898292541271145E+01   -0.218531031852077451E+01   -0.720270124053704330E-01   -0.187950628981224854E+01   -0.234573148797646569E+00   -0.319512683369000683E+00   -0.840733386867237309E-01   -0.135519813540800338E+00   -0.103605558809724774E+01   -0.613088335309709809E+01
    0.976392085821907035E-01   -0.247015322684175445E+02    0.407911910603844352E+00    0.109665814782142768E+01    0.611833056952452298E-02    0.208787624662992943E+01   -0.208875655343753497E+01    0.558546641584319603E-01   -0.346162668251461580E+01    0.272754037535390403E-01   -0.325969444270368044E-01   -0.351197184492387238E+00   -0.210248502209218591E+00   -0.109076265872963063E+01   -0.612502234322684114E+01
    0.500968066177469515E-01   -0.146129208417904817E+02    0.564413175251483379E+00    0.730609737263663628E+00    0.299390743725972113E-02    0.208676004842843454E+01   -0.822932960980435890E+00   -0.184300487513352318E+00    0.278463525857002425E+01   -0.355796590754467401E+00    0.503188500641081546E-01   -0.179512023382215030E+00   -0.149568918963684072E+00   -0.101182056124695108E+01   -0.610075323922293489E+01
    0.500968066177469515E-01   -0.146129208417904817E+02    0.564413175251483379E+00    0.730609737263663628E+00    0.299390743725972113E-02    0.208676004842843454E+01   -0.822932960980435890E+00   -0.184300487513352318E+00    0.278463525857002425E+01   -0.355796590754467401E+00    0.503188500641081546E-01   -0.179512023382215030E+00   -0.149568918963684072E+00   -0.101182056124695108E+01   -0.610075323922293489E+01
    0.792460814658570017E-01   -0.201179989835008470E+02    0.422298676735347489E+00    0.679644105889165018E+00    0.680432612768317076E-02    0.209645276357715060E+01   -0.181931344380311089E+01   -0.229348088396864852E+00   -0.351614403974589740E+01   -0.174099039224539620E+00   -0.132643221043423493E+00   -0.206841615829996439E+00   -0.115000738649200088E+00   -0.108847955356843040E+01   -0.608645139421735504E+01
    0.115609771892981009E+00   -0.103039013607518761E+02    0.815820877272506961E+00    0.108175919698362688E+01    0.150107607349722009E-01    0.205948343043963966E+01   -0.132004583350347415E+01   -0.138862775301452190E+00   -0.149622465338933930E+01   -0.238912800186160817E+00    0.128308281897395182E-01    0.212342783186512202E+00   -0.164261844500149690E+00   -0.107297781816253468E+01   -0.608406175885881684E+01
    0.123430010087100472E+00   -0.207382519054732732E+02    0.103173334541593631E+01    0.118127886154438366E+01    0.865836876033795888E-02    0.203037701565564177E+01   -0.199511510287473337E+01   -0.133429392504350819E+00   -0.436239587234498938E+01   -0.159283720171704557E-02    0.110439308223338473E-01   -0.624703271933207127E-01   -0.145867065958178527E+00   -0.110354761114958078E+01   -0.608206176757812500E+01
    0.824950541360722767E-01   -0.217350191809683260E+02    0.662648885634071982E+00    0.134700224576951433E+01    0.486509432943163077E-02    0.205500533901225424E+01   -0.148274268244504692E+01   -0.270789013969403469E+00   -0.142210820039045016E+01   -0.215851445031520706E+00    0.148138520632605186E+00   -0.112644489275111323E+00   -0.800260772045993385E-01   -0.107421380730440119E+01   -0.607667105538504426E+01
    0.554043510534588252E-01   -0.168149396575723209E+02    0.307069555386853821E+00    0.119832441523123201E+01    0.359655703409361878E-02    0.206519647322940658E+01   -0.182360543407238906E+01   -0.791718055600956344E-01   -0.286463471154132332E+01   -0.190398664911639093E+00    0.112441828656455911E+00    0.223672858236625499E+00   -0.124096858227869700E+00   -0.102525263965760027E+01   -0.607083729335239930E+01
    0.711177189542955834E-01   -0.763387639133657991E+01    0.512198830325783283E+00    0.114270299244681417E+01    0.108121707727952179E-01    0.207085119775559479E+01   -0.123654278436485199E+01   -0.208734419422597045E+00   -0.160323081462080119E+01   -0.187077384908194838E+00   -0.187607151211451079E+00   -0.214330574860010475E+00   -0.171102020615384709E+00   -0.105552358205211672E+01   -0.606787436349051301E+01
    0.846670893414247366E-01   -0.266665501507142935E+02    0.360612600649212411E+00    0.885723808002534363E+00    0.352444028061668028E-02    0.209893068780332648E+01   -0.191090620868763694E+01   -0.221191815912464840E-01   -0.104523634818023368E+02   -0.820991725309367093E-01   -0.182150838914183905E+00   -0.339109967483487484E+00   -0.179803699634527803E+00   -0.103434699024884513E+01   -0.605886241367885070E+01
    0.134608342412553816E-02   -0.118896604503345600E+02    0.215763951591364245E+00    0.127562146310068303E+01    0.147798220489304185E-02    0.208432263930145911E+01   -0.903189734805633027E+00   -0.122645305176542638E+00   -0.173797073081729780E+01   -0.155521886478242805E+00   -0.478836689017331230E-01   -0.114834077065746817E+00   -0.200488295775555603E+00   -0.111129145467915613E+01   -0.605254908970424133E+01
    0.506540988144348822E-01   -0.992177025330179774E+01    0.352598930340792094E+00    0.102451974491037223E+01    0.434146289945769575E-02    0.205370534550612183E+01   -0.123163904568812654E+01   -0.255664870548487577E+00   -0.432993982738178929E+01   -0.194744885665434492E+00   -0.390891615275090309E+00   -0.223951665356776297E+00   -0.483087504054091621E-01   -0.132585188786507868E+01   -0.604424122401646180E+01
    0.138507198163162537E+00   -0.308913456534640929E+02    0.887972844783736059E+00    0.128727296732013841E+01    0.855745432831587181E-02    0.206788365366173599E+01   -0.198583916721067322E+01   -0.389362992834378294E-01   -0.428234364110759813E+01    0.309518100009652519E-01    0.366957278900314279E-01   -0.256869953559606456E+00   -0.184326339519803789E+00   -0.105568363421418132E+01   -0.601150403703962066E+01
    0.455420836348442021E-01   -0.141549064036078516E+02   -0.149612472904540939E+00    0.111668351117473064E+01    0.461789938520044789E-02    0.209982492780962682E+01   -0.192204599986408398E+01   -0.110946028299189203E+00   -0.504371761692545917E+01   -0.132724377717123976E+00   -0.708623973431073140E-01   -0.560062024813661630E+00   -0.200018554995348458E+00   -0.115524525799364364E+01   -0.600882829938616059E+01
    0.594985027470251171E-01   -0.116423834564138602E+02    0.181328893584461304E+00    0.115139964074127121E+01    0.628481486459228460E-02    0.207495316080639158E+01   -0.136496764930495051E+01   -0.219851137022387955E+00    0.974869856856537265E+00   -0.328075332835235156E+00   -0.226303657301280964E+00   -0.939877445499347763E-01   -0.128925607808440895E+00   -0.104482178114863911E+01   -0.600317273821149566E+01
    0.921458224621758415E-01   -0.228820088824765406E+02    0.742662429589645012E+00    0.395530731963812165E+00    0.198025253553275968E-02    0.208171502513052031E+01   -0.202004760836964214E+01   -0.493625417000935207E-01   -0.469287890439583677E+01   -0.166653336738523589E+00    0.850628961687936169E-01   -0.538997561845304396E-01   -0.202824549228837359E+00   -0.105940893497188271E+01   -0.599362291608537934E+01
    0.655931529012626080E-01   -0.138834154956159956E+02    0.287434040430109838E+00    0.133475093896582697E+01    0.607493062076704116E-02    0.206472628955802229E+01   -0.150321271798244660E+01   -0.101670962470685564E+00    0.379941059726714458E+01   -0.182656933977914215E+00    0.387607590658193488E-01    0.675372181519185155E-01   -0.201972622338922159E+00   -0.102306058682707945E+01   -0.598906980242048004E+01
    0.112267045147050062E+00   -0.223784667874859835E+02    0.931319193117601696E+00    0.133471943875062982E+01    0.932592072032984928E-02    0.208418265167880357E+01   -0.161340174112595380E+01   -0.102547555962132164E+00    0.230826941407776021E+01    0.778318580132019155E-01   -0.293598119687422887E+00   -0.356550383893174561E+00   -0.202094255113673071E+00   -0.105849285648444513E+01   -0.597410583496093750E+01
    0.103857989088535677E+00   -0.165948531311194500E+02    0.804475952248222437E+00    0.104918124129133372E+01    0.696346588778338528E-02    0.203298201997989603E+01   -0.206777458552461635E+01   -0.125782657993529667E+00   -0.139942281759405773E+01    0.685252083652758137E-01    0.162657532332599775E+00   -0.342754574386927024E+00   -0.141668863415416513E+00   -0.104910567265403132E+01   -0.592541176932198699E+01
    0.765503123867169039E-01   -0.224922132415961116E+02    0.997115249474800125E+00    0.123608944438278234E+01    0.169058318717987821E-02    0.203664543497426775E+01   -0.187408563377001647E+01   -0.145477484045248018E-01   -0.590824973715237967E+01    0.567447981486968733E-01   -0.481249087788785043E-01   -0.129146382319627329E+00   -0.113037765708891139E+00   -0.105148475283300269E+01   -0.592211750575474305E+01
    0.813454521186201263E-01   -0.180595539171488255E+02    0.534192372946908245E+00    0.130428393497637929E+01    0.657535957455629427E-02    0.207057682833328505E+01   -0.245264426869064955E+01   -0.376893385724070690E-01   -0.186470290599764743E+01   -0.795038703855486251E-01   -0.265195067433727560E+00   -0.291572930909684946E+00   -0.220149676786857873E+00   -0.114515919992904180E+01   -0.591424179077148438E+01
    0.145037787350261294E+00   -0.238455868873507910E+02    0.815183874156919730E+00    0.134179467028838983E+01    0.104149022877320016E-01    0.207001108467095429E+01   -0.152980934076762209E+01   -0.135243526004067527E+00    0.740667666249103895E+01   -0.153261460184354437E+00   -0.781275059653717407E-01   -0.320322069114745034E+00   -0.150607235165943293E+00   -0.111646228605311326E+01   -0.590863691057477691E+01
    0.145037787350261294E+00   -0.238455868873507910E+02    0.815183874156919730E+00    0.134179467028838983E+01    0.104149022877320016E-01    0.207001108467095429E+01   -0.152980934076762209E+01   -0.135243526004067527E+00    0.740667666249103895E+01   -0.153261460184354437E+00   -0.781275059653717407E-01   -0.320322069114745034E+00   -0.150607235165943293E+00   -0.111646228605311326E+01   -0.590863691057477691E+01
    0.120734922806373920E+00   -0.206544916644647785E+02    0.885876898701726145E+00    0.118978254143908191E+01    0.102530552955278978E-01    0.209678754369411191E+01   -0.177520937389716216E+01    0.421505689653209198E-01    0.440352252026746882E+01   -0.114265565378353168E+00   -0.914446143792563837E-01   -0.277997241135037321E+00   -0.293905514900901221E+00   -0.105311365508519739E+01   -0.590447071620396180E+01
    0.139898681343025216E+00   -0.242582079587741539E+02    0.783898164255200536E+00    0.107453545781736226E+01    0.120322575903659152E-01    0.208108170893441402E+01   -0.113545195832029533E+01   -0.595412548068303266E-01   -0.733122888186457367E+01   -0.318948580618944433E+00    0.118538813061033810E+00   -0.277575270012297537E+00   -0.159231985433213097E+00   -0.101321215879694049E+01   -0.589819553920200867E+01
    0.135113646468736193E+00   -0.240740202947442583E+02    0.106882221056505045E+01    0.123291210903574644E+01    0.920762943644924670E-02    0.206272431964334135E+01   -0.175751220944413178E+01   -0.169988282308467575E+00   -0.132676460761022419E+01   -0.249096434011248424E+00   -0.380697199464426830E-01   -0.163340634786097283E+00   -0.573407357226173447E-01   -0.112150834674154942E+01   -0.588348552158900695E+01
    0.125999031466154349E+00   -0.150923517686368811E+02    0.113190881991041703E+01    0.142284440611143159E+01    0.732059616968561665E-02    0.199638065890340655E+01   -0.173912371583653158E+01   -0.141621625003644142E+00   -0.372744419822559925E+01   -0.201995559635946786E+00   -0.102219916028360863E-01   -0.155540300289230993E+00   -0.149813234265540274E+00   -0.110812199093044761E+01   -0.587964848109653992E+01
    0.990986832434744697E-01   -0.228349931411974154E+02    0.753284248749081509E+00    0.755097143858505571E+00    0.687464404180441677E-02    0.209791935813588770E+01   -0.177391305288761947E+01   -0.867231202563125136E-01    0.822101574395740275E+00   -0.158408251243700005E+00    0.244840937612553558E-01   -0.688168823339842195E+00   -0.195806306138144648E+00   -0.103732859806051270E+01   -0.587874221801757812E+01
    0.125349726226539920E+00   -0.118531216094730407E+02    0.903905655584001821E+00    0.104270799725762187E+01    0.176050009810130859E-01    0.206952876400328512E+01   -0.170464958921280929E+01    0.242914875380081247E-01    0.183248444865091287E+00   -0.603163471307937432E-01    0.108078221205019642E+00   -0.705501727667185663E+00   -0.267748855477447811E+00   -0.101576611911331538E+01   -0.587167630876813629E+01
    0.827300284022365745E-01   -0.241632747500442875E+02    0.561856057898023953E+00    0.116451225131426583E+01    0.324106766458346403E-02    0.207623709257264855E+01   -0.286688893265644928E+01    0.316341584707026946E-01   -0.396155987093406425E+01   -0.345234858923190391E+00    0.314410945470669431E-01   -0.147835156362869841E+00   -0.205715642685427524E+00   -0.103570078426136103E+01   -0.585853140694754426E+01
    0.819226326497084212E-01   -0.258427347165256229E+02    0.678916510023505393E+00    0.994270063281596284E+00    0.295435562730591000E-02    0.210424270667833113E+01   -0.156699317656163539E+01   -0.122832540191756476E+00   -0.520725743366755456E+01    0.776168768552267241E-01    0.409127697353017863E-01   -0.489820294998644434E+00   -0.153194307550415854E+00   -0.111409749366397870E+01   -0.585282026018415191E+01
    0.822588479780264892E-01   -0.211760523710445696E+02    0.594275523636388137E+00    0.153199992405933050E+01    0.648234189785734313E-02    0.206504186267142265E+01   -0.196890295014360417E+01   -0.853238975769690378E-01   -0.249890508490894980E+01   -0.423631495079490494E+00    0.103678674798426657E+00   -0.267026237958152890E+00   -0.238746730308088573E+00   -0.118289474963996399E+01   -0.583967263357979949E+01
    0.452232953017063996E-01   -0.136450629530227356E+02    0.273650023698605749E+00    0.154593285825311333E+01    0.580671159581937560E-02    0.205253632042647638E+01   -0.142942079393404198E+01   -0.125006657231622437E+00    0.882386724924382637E+00   -0.106716170575761021E+00   -0.321400451952961241E+00    0.213319602065352693E+00   -0.151821172900267809E+00   -0.104570920651007304E+01   -0.583194296700613801E+01
    0.992988364083263325E-01   -0.260628654025485673E+02    0.408508018897880909E+00    0.887019426840102709E+00    0.711815336266701654E-02    0.209510675228816989E+01   -0.194970244704217310E+01   -0.390073832791108313E-01   -0.398756644977385655E+01   -0.209220007435976518E+00    0.761751781713246312E-01   -0.243085205502399898E+00   -0.196458054573549923E+00   -0.107845041996508573E+01   -0.582375717163085938E+01
    0.109975011220591834E+00   -0.201728018233808939E+02    0.804273935915788885E+00    0.874494447850322376E+00    0.103617173791681096E-01    0.205319769244537387E+01   -0.230905021795441323E+01   -0.901627702257842834E-02   -0.898449062903750484E+00   -0.758283632075018865E-01   -0.205374404666311232E-01   -0.615049908088036168E+00   -0.198505011676648052E+00   -0.100316711018846472E+01   -0.579624176025390625E+01
    0.916659909466041728E-01   -0.234035358682055801E+02    0.595862947561145107E+00    0.105730625815786161E+01    0.531450090893994566E-02    0.208679895235937973E+01   -0.155577716689494872E+01   -0.622662267383486401E-03   -0.788149889036327878E+01   -0.150588581608630478E+00   -0.176334606284306611E+00   -0.349043614407909319E+00   -0.175389058761426631E+00   -0.108375591410846317E+01   -0.577277537754603820E+01
    0.480697683548704166E-01   -0.955952307000251622E+01    0.370188904721388545E+00    0.114174952203719049E+01    0.809542297290361847E-02    0.209765086369345299E+01   -0.141831426799921934E+01    0.551302560410741049E-01    0.782104216077298187E+00   -0.212376042968837803E+00    0.164000683026183619E+00   -0.407533726560132092E+00   -0.311536883781910023E+00   -0.102874879522106499E+01   -0.577192742483956511E+01
    0.616209643733723056E-01   -0.190585016349748670E+02    0.791921201707685762E+00    0.113262539040528720E+01    0.484906456461606933E-02    0.209898390807994062E+01   -0.141820212961296521E+01   -0.168510942022004534E+00   -0.128474490836088151E+01    0.429646599367575988E+00   -0.608583678421210361E-01   -0.171985408848457810E+00   -0.104803980861930046E+00   -0.107472345444513318E+01   -0.576935686383928559E+01
    0.117282446294971004E+00   -0.281588779861955487E+02    0.104359456476185652E+01    0.109739904745790429E+01    0.795345635662407166E-02    0.209709066991055737E+01   -0.174103326252287149E+01   -0.114022229041806172E+00   -0.270758797384977434E+00    0.217782890012625213E+00   -0.193852308893651876E+00   -0.348500434697716521E+00   -0.200570890237800448E+00   -0.111219346047440126E+01   -0.575982502528599305E+01
    0.108012657788500263E+00   -0.271598377667232995E+02    0.674363775093814177E+00    0.104654226694465269E+01    0.528707896018228325E-02    0.208319267788608231E+01   -0.174204210872566656E+01   -0.174748444178442375E+00    0.941421473425819944E+00    0.300489722433978867E+00    0.280165456355448497E-01   -0.258012134532286663E+00   -0.145491552114305284E+00   -0.121806589792213260E+01   -0.574071993146623871E+01
    0.106122441211240884E+00   -0.228309149887450360E+02    0.714694925876363740E+00    0.587424585776575858E+00    0.652493368359267044E-02    0.206976541292562732E+01   -0.117620479835692948E+01   -0.267825064121137088E-01   -0.822723510995988327E+01   -0.445377651129037933E+00   -0.123822919568643580E+00   -0.210919231025167242E+00   -0.138271686724724840E+00   -0.106195786501349554E+01   -0.573197283063616059E+01
    0.128002480484005865E+00   -0.237947383957214278E+02    0.804143146404277420E+00    0.113758054487896199E+01    0.862767930360928623E-02    0.205603629057992299E+01   -0.121696820994003474E+01   -0.160803792207946716E+00   -0.489821779188210105E+01   -0.464187196015630327E-01   -0.229133387113540810E+00   -0.240283324160171674E+00   -0.109258572056231906E+00   -0.114848524238553718E+01   -0.572756522042410676E+01
    0.139125146938101157E+00   -0.183505123299569384E+02    0.113014846551334380E+01    0.963198258475887581E+00    0.136629720382824560E-01    0.206099657548260584E+01   -0.180937814822606668E+01    0.110159827957370726E+00   -0.732303587482535967E+01    0.309691278478293197E-01    0.194809085202997945E+00   -0.205772514216709612E+00   -0.238166948239412535E+00   -0.103319376086443970E+01   -0.572116143362862761E+01
    0.711285044232332492E-01   -0.164571548783570982E+02    0.574311293100287612E+00    0.649934092241821193E+00    0.698327664883936598E-02    0.208298595787334762E+01   -0.147538924062234500E+01   -0.146413430247945148E+00   -0.224733206419603704E+01   -0.161676054935827318E+00    0.306328599289831471E+00   -0.359016993397540118E+00   -0.126223027560382089E+00   -0.106538826078322968E+01   -0.572055326189313629E+01
    0.735100037092127206E-01   -0.201433299242098514E+02    0.640434353355076036E-01    0.908323245333147455E+00    0.495343628939261781E-02    0.209803299677102784E+01   -0.177284203897455361E+01   -0.587091970167276239E-01   -0.131653245789838458E+01   -0.120569357592425638E+00   -0.632210842619502500E-01    0.578010616033164670E-01   -0.186264405378073483E+00   -0.102511329994275568E+01   -0.571984263828822570E+01
    0.126535947063495691E+00   -0.178646620979063400E+02    0.112063403772469439E+01    0.977213504794474108E+00    0.102534014685380977E-01    0.203047319740213084E+01   -0.181106174419111854E+01   -0.473492245574906601E-02   -0.157864784441084161E+01   -0.740881958124426782E-01   -0.241386391250194371E+00   -0.253536059354758259E+00   -0.174572094184886645E+00   -0.105848496443651041E+01   -0.567569514683314758E+01
    0.149138786193546730E+00   -0.116599101549323443E+02    0.758418590922482982E+00    0.114151049738943300E+01    0.158979830230860444E-01    0.203620222148573315E+01   -0.219766683701869425E+01   -0.115659642966755488E+00    0.819478672496498284E+01   -0.233594466621021124E+00    0.765567306637421618E-01   -0.233796094021920309E+00   -0.176938874678991248E+00   -0.101540326927067492E+01   -0.566551426478794617E+01
    0.833482875776307836E-01   -0.190524504995607131E+02    0.673939990284047608E+00    0.123986791078886505E+01    0.622068703444359113E-02    0.207073953498546937E+01   -0.178439363650936356E+01   -0.471808742246786206E-02   -0.287041043909490279E+01   -0.444265693308984466E-02   -0.628452287786015751E-01   -0.448541134018566046E+00   -0.238817120894614598E+00   -0.102094388705460282E+01   -0.566501453944614930E+01
    0.611618362611591679E-01   -0.129417093308236666E+02    0.574203396378962339E+00    0.123556313203388335E+01    0.710065481364708859E-02    0.209582924816323857E+01   -0.145287914227253512E+01   -0.135400317741891763E+00   -0.469372139066126337E+01    0.147864239244594187E-01    0.354562369075164030E+00   -0.141368536735114597E+00   -0.172817011138676480E+00   -0.100184763514086339E+01   -0.566021674019949739E+01
    0.815751663440427988E-01   -0.232012072754637728E+02    0.655258580819907621E+00    0.976768865361629102E+00    0.448158541325120729E-02    0.208888982501513132E+01   -0.157606769296688021E+01   -0.128075917889607399E+00   -0.170889983930976874E+01    0.411673945342032332E-01   -0.954317994937826930E-01    0.883846342967690435E-01   -0.127957079613425867E+00   -0.102000022827227221E+01   -0.565885816301618316E+01
    0.124681584699295953E+00   -0.287056150345545475E+02    0.106604060784185761E+01    0.117868698879375566E+01    0.263594245494704754E-02    0.202917698666262591E+01   -0.155222080214768265E+01   -0.441137534727877034E-01   -0.381363817339478706E+01   -0.211114943337218058E+00    0.373786977662410938E-01   -0.583594146730620489E-01   -0.131057616222061468E+00   -0.127980059532730261E+01   -0.565784999302455383E+01
    0.103884278116206180E+00   -0.104219023284579180E+02    0.575081886800464348E+00    0.109815579015571774E+01    0.157264441582520564E-01    0.208648132072532366E+01   -0.189390063104595185E+01   -0.164770019360507253E+00    0.584313850411500368E+01   -0.124996762354255941E+00   -0.359560214887412952E-01   -0.519015919192492681E+00   -0.227736052222109020E+00   -0.104936972823090646E+01   -0.561908503941127258E+01
    0.120027871300127903E+00   -0.186401785276855527E+02    0.852504565764489186E+00    0.975540659079738082E+00    0.106603876653383299E-01    0.206475900554860825E+01   -0.182533757245998673E+01   -0.177320772887732014E+00   -0.321899067878920908E+01   -0.272724296147507594E+00   -0.106608256704626495E+00   -0.645384534362543283E+00   -0.149782242748751571E+00   -0.109261298358490722E+01   -0.561021259852818055E+01
    0.582886493520692953E-01   -0.127067454945895371E+02    0.724338532706403915E+00    0.934316545265349241E+00    0.710408993377712773E-02    0.209173657810249169E+01   -0.202682289820541772E+01   -0.618851785092086396E-01   -0.556819216317228083E-01    0.999392980012817900E-01    0.807838999347436082E-01   -0.495609064424964718E-01   -0.173359664032623068E+00   -0.109338251205114134E+01   -0.557872935703822570E+01
    0.783435824105388756E-01   -0.163428685802110785E+02    0.597304019517028717E+00    0.798111880114359740E+00    0.101226181771417040E-01    0.209592291282955845E+01   -0.125337181039547918E+01   -0.110695636351228269E+00   -0.619196027221985723E+01    0.870122131448425595E-01   -0.173168241173583676E-01   -0.496202688308494122E+00   -0.168169206115173581E+00   -0.101916616490733936E+01   -0.557734189714704254E+01
    0.748888419509541187E-01   -0.140334192875455983E+02    0.753178656319402728E+00    0.107322848422934869E+01    0.480108140464215096E-02    0.205222564057784584E+01   -0.881039480236654127E+00   -0.174421433055180708E+00   -0.406920440306350084E+01    0.676904611871652906E-01   -0.462792142495646874E-01   -0.450208719260280610E+00   -0.134095112606436112E+00   -0.108678892816041062E+01   -0.553908974783761199E+01
    0.562267945692559723E-01   -0.695671352221785355E+01    0.400337719133790793E+00    0.132827317003225454E+01    0.813536287634161054E-02    0.207000675320085259E+01   -0.151850294439362266E+01    0.717400980317008385E-01    0.505790794166957713E+00   -0.221578150031114668E+00    0.115249415636704017E+00   -0.132096260531830184E+00   -0.312999275256211629E+00   -0.103760609197065845E+01   -0.551824624197823699E+01
    0.659383937992455010E-01   -0.152545731756515650E+02    0.792510974516333011E+00    0.733489744395098842E+00    0.213659367677545946E-02    0.207970471916315880E+01   -0.110369697562713798E+01   -0.201727134105663397E-01   -0.642401132809378694E+01   -0.102770023335547273E+00    0.905728632585001414E-01    0.848347619780710216E-01   -0.183136989809715323E+00   -0.106086845834360743E+01   -0.494983400617326996E+01
    0.566650702319726682E-01   -0.899121582269754782E+01    0.665998700495998519E+00    0.945129252304911516E+00    0.703827179858373432E-02    0.206638460316601646E+01   -0.122981113852467683E+01    0.164202013121627077E-01   -0.299181148634399685E+01    0.881092568446274482E-01   -0.242086428816344519E-01   -0.501676166228295806E+00   -0.248263111163853023E+00   -0.102612957813021533E+01   -0.542436272757394011E+01
    0.922323586024729747E-01   -0.271974800250876569E+02    0.111968081853571833E+01    0.130882754803865775E+01    0.353516643935692602E-02    0.207583130892098922E+01   -0.134723107641061501E+01   -0.853964891375562224E-01   -0.569546581634393512E+01   -0.100660564161196953E+00   -0.167703693878679894E+00   -0.386055873800012939E+00   -0.130683494065860356E+00   -0.107097824304365097E+01   -0.495873968941824739E+01
    0.100642644568128492E+00   -0.204287771777216527E+02    0.972541325713284333E+00    0.973906782813612426E+00    0.215461230908616571E-02    0.204405785752095381E+01   -0.154279046152874955E+01   -0.164045463819922327E+00   -0.952323519960077292E+01   -0.708119886467526993E-01    0.255710805598124369E+00    0.275588062484794505E-01   -0.138138301976445999E+00   -0.108137502194650614E+01   -0.549565342494419617E+01
    0.119297629016027570E+00   -0.161998709485937127E+02    0.889792927252714527E+00    0.120086747021933848E+01    0.105481526719663557E-01    0.204818249933865371E+01   -0.998872864099392355E+00   -0.126878907084322728E+00   -0.940024683325302135E+01    0.825002423339556978E-01   -0.153231653219228964E+00    0.710411886869080911E-01   -0.641798896708104388E-01   -0.107158978201358712E+01   -0.515649577549525695E+01
    0.127473404865360990E+00   -0.187974923746348885E+02    0.943941179748282844E+00    0.111150568054381438E+01    0.122380419773812574E-01    0.206535751045797689E+01   -0.147409610634231569E+01   -0.677710479278319233E-01    0.161131446282178903E+00   -0.365470974058677955E+00   -0.824121822867357606E-01    0.463278253469105172E-01   -0.137160843282506467E+00   -0.101242865411401950E+01   -0.508259364536830383E+01
    0.145398028858328865E+00   -0.293510613398074227E+02    0.104117299652983708E+01    0.102724242618477946E+01    0.896446132323879853E-02    0.206274921905317532E+01   -0.128144332831070829E+01   -0.121215294722358313E+00   -0.396343411957374681E+01   -0.101783346308548198E+00   -0.195665104538799206E+00   -0.489021623032117603E-01   -0.123535534803767819E+00   -0.107653220621288259E+01   -0.480683135986328125E+01
    0.107535285032438671E+00   -0.146255359081729068E+02    0.768163014255139109E+00    0.104982159147333021E+01    0.120423657711377502E-01    0.205577445091346123E+01   -0.891750740755044680E+00   -0.136018738000488970E+00   -0.805449685350684774E+01    0.109487285319854383E+00   -0.204267588927318028E+00   -0.364928596388415682E+00   -0.108333462695247920E+00   -0.101237291377016048E+01   -0.510515049525669617E+01
    0.107902024288482723E+00   -0.251169313179487688E+02    0.102998399228944471E+01    0.136514111670735194E+01    0.560070166963854213E-02    0.203696028706996302E+01   -0.120907068686677266E+01   -0.410294928013940630E-01   -0.483386635162450773E+01    0.228007707109181307E+00    0.620494298716692261E-02   -0.935882277015780556E-01   -0.137071775511532989E+00   -0.103964382451048643E+01   -0.537535040719168489E+01
    0.682377197728037954E-01   -0.180267136568425563E+02    0.935651529241828372E+00    0.120130647818060599E+01    0.883336427320840362E-03    0.203535661115854216E+01   -0.171684856067229719E+01   -0.113773894311048729E+00   -0.886163233300236364E+01   -0.228425419343246283E+00    0.605835469253967404E-01   -0.172636406459171055E+00   -0.972311554117226140E-01   -0.102708830049305022E+01   -0.543533815656389496E+01
    0.118180690829159843E+00   -0.157864674941697167E+02    0.934594018100133761E+00    0.491857410912108217E+00    0.106651195227462116E-01    0.202402612164171725E+01   -0.129310371135936708E+01   -0.196339636399012890E+00   -0.282227671725390472E+01   -0.320312902638025976E+00   -0.248408410745046271E+00   -0.360563271666004881E+00   -0.339635436587870237E-01   -0.105679201602260409E+01   -0.541126305716378386E+01
    0.865297004642355400E-01   -0.151041428744318349E+02    0.811986508897520887E+00    0.117484013647400620E+01    0.754464128695934034E-02    0.205173585184960316E+01   -0.132387178347979173E+01   -0.862120111437867515E-01   -0.644188795724978114E-01    0.168165763915827410E+00   -0.132698553765569383E+00    0.224719134143089277E+00   -0.114676030924857619E+00   -0.101166845578464870E+01   -0.514660317557198699E+01
    0.103191815205921661E+00   -0.261245578787547075E+02    0.108410705360739379E+01    0.140871432053793288E+01    0.479728772333863282E-02    0.203919088010111071E+01   -0.126687652891948943E+01   -0.121424297173179430E+00   -0.183900462833069156E+01   -0.939840209039961016E-01   -0.134726147282598435E+00   -0.598571563296745768E+00   -0.122725879547965835E+00   -0.113210272687803659E+01   -0.470160348074776824E+01
    0.103191815205921661E+00   -0.261245578787547075E+02    0.108410705360739379E+01    0.140871432053793288E+01    0.479728772333863282E-02    0.203919088010111071E+01   -0.126687652891948943E+01   -0.121424297173179430E+00   -0.183900462833069156E+01   -0.939840209039961016E-01   -0.134726147282598435E+00   -0.598571563296745768E+00   -0.122725879547965835E+00   -0.113210272687803659E+01   -0.470160348074776824E+01
    0.114482722729936565E+00   -0.203630062673192498E+02    0.845992150440231017E+00    0.971410010953546177E+00    0.939605326378344270E-02    0.205114922706783087E+01   -0.161450271212555996E+01   -0.214414311697959575E+00   -0.211249714221114049E+01   -0.469817725272784981E+00   -0.161250627753094539E+00   -0.143461165783740463E+00   -0.782178487684231510E-01   -0.110199956468161453E+01   -0.540952464512416320E+01
    0.886293230904405815E-01   -0.127833709792681667E+02    0.876136743679141849E+00    0.580677731839470579E+00    0.841314468796308668E-02    0.204644825512640027E+01   -0.144246186696741940E+01   -0.257253730916858978E-01   -0.159086814228704521E+01   -0.216147920759983070E+00   -0.493626814739326694E-01   -0.505077952986083156E+00   -0.182836604619343812E+00   -0.112233822232232283E+01   -0.492964444841657379E+01
    0.957075576021454988E-01   -0.232031259574012800E+02    0.851561982884467605E+00    0.129183290840448839E+01    0.612384612049760545E-02    0.207531291427548403E+01   -0.177349684085616488E+01   -0.139763552435442751E+00   -0.825072335471582718E+01   -0.230891915081031879E+00    0.193319547101160311E+00   -0.378180533954619091E+00   -0.183933708872360269E+00   -0.101211637472187754E+01   -0.527974646432059114E+01
    0.108689844917042297E+00   -0.185622615579868118E+02    0.101403831496012797E+01    0.869842728243168550E+00    0.770471323698211988E-02    0.205985123295932615E+01   -0.209164401994681581E+01   -0.178494489621407293E+00   -0.157810729284090989E+01   -0.160379259976773048E+00   -0.576055614218593040E-01    0.142805957298119540E+00   -0.760948575745228478E-01   -0.117996093273150815E+01   -0.471486009870256684E+01
    0.108689844917042297E+00   -0.185622615579868118E+02    0.101403831496012797E+01    0.869842728243168550E+00    0.770471323698211988E-02    0.205985123295932615E+01   -0.209164401994681581E+01   -0.178494489621407293E+00   -0.157810729284090989E+01   -0.160379259976773048E+00   -0.576055614218593040E-01    0.142805957298119540E+00   -0.760948575745228478E-01   -0.117996093273150815E+01   -0.471486009870256684E+01
    0.500722036449473412E-01   -0.147237492407865140E+02    0.688566919580313797E+00    0.121646139512162899E+01    0.353154486427479774E-02    0.207997450754379098E+01   -0.203694326576708118E+01   -0.546811063573491851E-01   -0.158329225042664890E+01   -0.405421618977815812E+00    0.123372050235390968E+00   -0.118111911929424024E+00   -0.231148543475476115E+00   -0.104620445292150333E+01   -0.549498530796596008E+01
    0.143262547691229980E+00   -0.177758440578845978E+02    0.910871498034972138E+00    0.117997434100825060E+01    0.128352094763574259E-01    0.205752002293892833E+01   -0.162730753586936561E+01   -0.676690091182385184E-01   -0.855125607866239257E+00   -0.241187198526790686E+00    0.273327627157008812E+00   -0.207830126320324271E+00   -0.244158851113715075E+00   -0.105553464138044806E+01   -0.519944654192243316E+01
    0.158295722664054506E+00   -0.227272493989605877E+02    0.109845532011997538E+01    0.953988230562746731E+00    0.989463951972394118E-02    0.203429317318556135E+01   -0.161506484616165458E+01   -0.535496034908711227E-03   -0.943911600274809004E+01   -0.293002562367322139E+00    0.852175696373856928E-01    0.331213168762445331E-04   -0.177539343925342347E+00   -0.100923190440601052E+01   -0.533901105608258941E+01
    0.124416401330631074E+00   -0.190550913738642009E+02    0.109909020170460514E+01    0.105192001032476457E+01    0.820155565778754592E-02    0.205822746963151282E+01   -0.248651321166676054E+01    0.105406340607610338E+00   -0.381240015336544413E+01   -0.120210952539902355E+00    0.239376939649916493E+00    0.117551895329849027E+00   -0.239467710465293443E+00   -0.103346377937712974E+01   -0.525233677455357117E+01
    0.142786028825646005E+00   -0.300262698241033945E+02    0.114221971778701614E+01    0.130725561446516680E+01    0.574121708573117027E-02    0.202674751111059770E+01   -0.151741577513634107E+01   -0.150114262369679119E+00   -0.464592018916396388E+01   -0.931552570742807395E-01   -0.192274130446053904E+00   -0.191788180921219020E+00   -0.560593957365694007E-01   -0.112165146281508887E+01   -0.524285125732421875E+01
    0.227416960211197228E+00   -0.356524663992960029E+02    0.135664576638245427E+01    0.108625532023182103E+01    0.111897978200074140E-01    0.204467044496526951E+01   -0.162084050176057914E+01   -0.710334086692673838E-03   -0.810294780619514121E+01   -0.231137076246772377E+00   -0.108887698164290281E+00   -0.295938211281025487E+00   -0.179772197358694291E+00   -0.103247839978371769E+01   -0.543181719098772309E+01
    0.123369914928298907E+00   -0.283466500846789629E+02    0.115830479709282175E+01    0.158608995370170147E+01    0.558547298994401670E-02    0.204982806487071789E+01   -0.180537535915603464E+01   -0.191618435821074018E+00   -0.900332861510796612E+00   -0.130342779905827544E+00   -0.205712383636275226E+00    0.189489815808464163E+00   -0.763987846483542149E-01   -0.128347120945952642E+01   -0.534464699881417449E+01
    0.100888338041469988E+00   -0.285189003662328062E+02    0.108369917962307216E+01    0.139605381305437226E+01    0.417027097705606475E-02    0.205710891980752386E+01   -0.199333960026181800E+01   -0.899074836840448588E-01    0.183219296237880203E+01   -0.106001987086556254E+00   -0.220122591574851041E-01   -0.150038439115891681E+00   -0.150808290283826668E+00   -0.117937156592293824E+01   -0.474400057111467621E+01
    0.100888338041469988E+00   -0.285189003662328062E+02    0.108369917962307216E+01    0.139605381305437226E+01    0.417027097705606475E-02    0.205710891980752386E+01   -0.199333960026181800E+01   -0.899074836840448588E-01    0.183219296237880203E+01   -0.106001987086556254E+00   -0.220122591574851041E-01   -0.150038439115891681E+00   -0.150808290283826668E+00   -0.117937156592293824E+01   -0.474400057111467621E+01
    0.114023918681362413E+00   -0.210774876287475159E+02    0.104716714596449378E+01    0.959565924435402229E+00    0.735859216546687345E-02    0.206082954858848666E+01   -0.226444155970423822E+01    0.666162626711919170E-02   -0.408578364262304827E+01   -0.355150267801441599E+00    0.317169752146731598E+00   -0.351858133959348063E+00   -0.224435984088225848E+00   -0.101448177206566781E+01   -0.456505775451660156E+01
    0.110809519336743309E+00   -0.172804085657714950E+02    0.112719584727914812E+01    0.118884983849582482E+01    0.663357615516986261E-02    0.202918655548536453E+01   -0.149396896997790041E+01   -0.115589634978912559E+00   -0.627686896477088752E+01   -0.306886698045356954E+00   -0.132803955970233617E-02   -0.198725902205008242E+00   -0.124274576511817794E+00   -0.105810829485861424E+01   -0.505232783726283508E+01
    0.129931391882916136E+00   -0.248329299803970898E+02    0.106397549854770102E+01    0.958994818437807428E+00    0.743170352457332185E-02    0.205417535341039148E+01   -0.183249091303241229E+01   -0.115191971275291932E+00   -0.720152725618501854E+00   -0.122433456272364141E+00    0.941451081590378713E-01   -0.194221590682552292E-01   -0.101062489351344542E+00   -0.102217217303271135E+01   -0.486745670863560242E+01
    0.132740015930686545E+00   -0.288691835430625048E+02    0.111287370036639310E+01    0.846415778063241753E+00    0.889801902587920683E-02    0.207416579211768992E+01   -0.138286123965050933E+01    0.686332476018916005E-01   -0.678103026631340899E+01    0.328795329196387986E-01   -0.237001620192928142E-01   -0.460466814275140801E+00   -0.241863407631593030E+00   -0.106093164052703171E+01   -0.533350753784179688E+01
    0.163235795286525598E+00   -0.259314695746570578E+02    0.117998241300978313E+01    0.116143601712809552E+01    0.702227198311194001E-02    0.200430930508055871E+01   -0.198035461773317145E+01   -0.173781472406340398E+00   -0.214292898836945955E+01   -0.334351401316155372E+00   -0.475707911053036836E-01   -0.169613987278104006E+00   -0.566733356355117596E-01   -0.111920590573263823E+01   -0.515588106427873871E+01
    0.166062627169816263E+00   -0.288208067766553881E+02    0.119252405331491529E+01    0.107118841335074721E+01    0.755094712731646262E-02    0.201598148837806734E+01   -0.148295206473686503E+01   -0.133630953231543448E+00   -0.350946854508444916E+01   -0.215215616188586395E+00   -0.463896319062585688E-01   -0.250592792807349862E+00   -0.108908882068239857E+00   -0.115552725664947964E+01   -0.518149076189313629E+01
    0.143736230688797095E+00   -0.257739250243813451E+02    0.105754744598066153E+01    0.122393789904879435E+01    0.712319965579382396E-02    0.204212087231070161E+01   -0.161012856703043306E+01   -0.487395346346918695E-01   -0.696910850878456856E+01   -0.175807255788730354E+00   -0.397873530732689093E-01   -0.146722265125206947E+00   -0.149352207523649194E+00   -0.101287305971313568E+01   -0.530045972551618316E+01
    0.150038599920414489E+00   -0.264943356296482690E+02    0.107735265646476930E+01    0.100756267756702433E+01    0.703760331542290212E-02    0.204245099403195240E+01   -0.185068215165942274E+01    0.899025928421477438E-01   -0.459577112514646213E+01   -0.211476262748952870E+00   -0.538676255377701710E-01    0.334399087220919600E+00   -0.199433786069376895E+00   -0.108870911906672974E+01   -0.524761199951171875E+01
    0.161273822030617353E+00   -0.211105914081437760E+02    0.116382418979930957E+01    0.839098453507335584E+00    0.104226563326809737E-01    0.200941814393622264E+01   -0.235760155257625259E+01    0.124819632944263154E-01   -0.440449465043985011E+01   -0.192582138232118949E+00   -0.370796614010148740E-01   -0.554735812424226316E+00   -0.202748555810788517E+00   -0.106496860621331435E+01   -0.522992760794503386E+01
    0.129779640511546668E+00   -0.193377914208782329E+02    0.102589211075942432E+01    0.119219154154802132E+01    0.874971765418579989E-02    0.203240005770894783E+01   -0.200972610561841503E+01   -0.825563332430022251E-01   -0.632489811245083455E+01   -0.148975402600905277E+00    0.724894384075350784E-01   -0.861876157503485341E+00   -0.148220771920095751E+00   -0.104376624393999506E+01   -0.474507958548409636E+01
    0.107975210214046158E+00   -0.212992122638589620E+02    0.110548192072773088E+01    0.130693977509484016E+01    0.521355986382297798E-02    0.204382485538427083E+01   -0.175230919688776576E+01   -0.552575753975898532E-01    0.305159283724153374E+01   -0.205664729550442904E+00    0.116687483963314770E+00   -0.294978586911200324E+00   -0.187662728326873196E+00   -0.111282143267207378E+01   -0.495315061296735504E+01
    0.157319034324439555E+00   -0.218323024493514914E+02    0.103497788940608504E+01    0.136227203240276240E+01    0.101003594095039201E-01    0.204075663569608778E+01   -0.145806683626323852E+01   -0.503942309150295295E-01   -0.789176061661555117E+01   -0.374034219177910632E+00    0.157883857017934934E-01   -0.208341146719714848E+00   -0.174702334147958466E+00   -0.100887961696723316E+01   -0.461317171369280121E+01
    0.157319034324439555E+00   -0.218323024493514914E+02    0.103497788940608504E+01    0.136227203240276240E+01    0.101003594095039201E-01    0.204075663569608778E+01   -0.145806683626323852E+01   -0.503942309150295295E-01   -0.789176061661555117E+01   -0.374034219177910632E+00    0.157883857017934934E-01   -0.208341146719714848E+00   -0.174702334147958466E+00   -0.100887961696723316E+01   -0.461317171369280121E+01
    0.126553391973359908E+00   -0.219591164018584593E+02    0.104544214466385710E+01    0.981603341651331007E+00    0.755326685387300301E-02    0.203071910781834308E+01   -0.204257152269421338E+01    0.277821200552260950E-01   -0.435585763177348539E+00   -0.657799234365741503E+00    0.516166909315623826E-01   -0.138973553726187443E+00   -0.213641051868932674E+00   -0.112605333612324832E+01   -0.525059073311941926E+01
    0.104260556500064827E+00   -0.179466053953701028E+02    0.110008177378647565E+01    0.120472720514248977E+01    0.386240831932339879E-02    0.199862051847725986E+01   -0.205827716524486881E+01   -0.755551608005410741E-01   -0.676328515798272623E+01    0.176062933711632619E-01    0.182485157949252089E-01   -0.181128888109545555E+00   -0.109341842908606171E+00   -0.105586106579824190E+01   -0.532528741019112761E+01
    0.143634142924984665E+00   -0.324883710837239406E+02    0.110263224747137301E+01    0.135592810465681723E+01    0.727990938826360030E-02    0.207355408811874398E+01   -0.145903657533540532E+01   -0.143504423036421469E+00    0.206042075526413138E+01   -0.341954885137585041E+00   -0.456379704765166871E-01    0.123309486864754653E+00   -0.101284918835058094E+00   -0.103953604205796624E+01   -0.489038685389927430E+01
    0.910856654973205837E-01   -0.166075640120064882E+02    0.113601819474793730E+01    0.120840201290398852E+01    0.379941328829658254E-02    0.203303949299038278E+01   -0.218379722975906043E+01    0.294138273336411044E-01   -0.499599490133388358E+01   -0.243859955276249984E+00   -0.213163280956683160E-02   -0.347926810310574486E+00   -0.202644711555318768E+00   -0.105077895130830612E+01   -0.516448538643973176E+01
    0.133644456321045269E+00   -0.300042546885470145E+02    0.111901473408946162E+01    0.120292798442138360E+01    0.601543530934006525E-02    0.207208071005880035E+01   -0.175061233034017150E+01   -0.461720325580955576E-01   -0.115910282184897095E+02   -0.396935839550345004E+00   -0.144527938182397384E-01   -0.152571820969551075E+00   -0.156139866345458206E+00   -0.100442553161696435E+01   -0.484222630092075867E+01
    0.133644456321045269E+00   -0.300042546885470145E+02    0.111901473408946162E+01    0.120292798442138360E+01    0.601543530934006525E-02    0.207208071005880035E+01   -0.175061233034017150E+01   -0.461720325580955576E-01   -0.115910282184897095E+02   -0.396935839550345004E+00   -0.144527938182397384E-01   -0.152571820969551075E+00   -0.156139866345458206E+00   -0.100442553161696435E+01   -0.484222630092075867E+01
    0.110721891049867599E+00   -0.185719436911934430E+02    0.103812106776191704E+01    0.146579792254465979E+01    0.765091792390247376E-02    0.207482758335489592E+01   -0.165285549076749816E+01   -0.241201082817716697E-01   -0.379446274218336654E+01   -0.238269454551287563E-01   -0.561035855194376085E-01    0.636512674232420084E-02   -0.237122850636289628E+00   -0.103950072078421174E+01   -0.529349953787667449E+01
    0.151298305590240878E+00   -0.231470237570502100E+02    0.107499125554247676E+01    0.151347575011982816E+01    0.901004867893811547E-02    0.204439827100503768E+01   -0.135756833746963390E+01   -0.127711770170365002E+00   -0.297648044645473586E+01   -0.235336152415567407E+00   -0.106946481738480870E+00   -0.528863637676545317E+00   -0.139568703562607116E+00   -0.105079546153694969E+01   -0.521766063145228820E+01
    0.135365046433015418E+00   -0.209243559827658743E+02    0.106248116782542912E+01    0.826786331011186482E+00    0.630654022163187541E-02    0.202851331567374471E+01   -0.227673682771185337E+01    0.857457028665927767E-01   -0.129123801102798064E+01   -0.323388223598338853E+00    0.485206757099557184E-02    0.142251547447191845E+00   -0.206469339758596798E+00   -0.102030783059797736E+01   -0.488115964617048004E+01
