    0.523895473068946224E-01   -0.275805267242478749E+02    0.321752849945035058E-01    0.127286708739982291E+01    0.121696017787949404E-01    0.143618903988903313E+01   -0.247783774127673384E+01   -0.604037668308293890E-01   -0.715180611898846763E+01   -0.441649093048177357E-01   -0.236634952215312999E-02   -0.210478820564128061E+00   -0.372561561657258733E+00   -0.115177383273352096E+01   -0.530966213798173103E+00   -0.391195633965034517E+01    1
    0.620292270922291472E-01   -0.189053675959967826E+02    0.256153008388448455E+00    0.162760601836021745E+01    0.136192238927950963E-01    0.119656379652899991E+01   -0.244732719884583005E+01   -0.718850796532423397E-01   -0.681263352728654326E+01   -0.252525989335995460E+00   -0.488041984030003553E-01   -0.185311353493312403E+00    0.122180119940996951E+00   -0.113786631188987308E+01   -0.240162592797534880E+00   -0.393195633965034208E+01    1
    0.117782229918350412E+00   -0.194500831481675540E+02    0.553936498119987353E+00    0.213560158726871485E+01    0.572198361896834526E-02    0.181821449654808909E+01   -0.253599548383599327E+01    0.357291150411235131E-01   -0.577178238296550017E+00   -0.398820573251125854E+00   -0.166628101418820479E-01   -0.392330146184973860E+00   -0.630487068435610920E-01   -0.117144246647454886E+01   -0.206003503457396986E+00   -0.395195633965034165E+01    1
   -0.154102495080203628E-02   -0.203963226323104330E+02    0.786526759385751562E+00    0.118793328097331052E+01    0.122210703309567417E-01    0.109194345851137431E+01   -0.253468641900780822E+01   -0.754947116499419951E-01   -0.219473317020223924E+01   -0.729038520191480632E-01   -0.134812152068078644E+00   -0.233463695161087170E+00   -0.837189579756539293E-02   -0.120264715779214093E+01   -0.200213694072363113E+00   -0.397195633965034300E+01    1
    0.145551302797351123E+00   -0.209139289660445513E+02    0.118726741472026731E+01    0.203731602791487543E+01    0.359188681768566383E-02    0.146929927846500497E+01   -0.239379866371649230E+01   -0.628245416891199115E-01   -0.474722541475768001E+01   -0.554963119643491140E-01   -0.192502789566348281E+00   -0.830327677598996228E-01   -0.122712732512971837E+00   -0.107519248379543875E+01   -0.178477703496068951E+00   -0.399195633965034391E+01    1
    0.843135679806800986E-01   -0.251781678605506656E+02    0.134179598217886786E+01    0.198679473299709564E+01    0.104323438287774409E-01    0.210432735682123218E+01   -0.256851676400775641E+01   -0.104797366119512778E+00   -0.221858015544936915E+01    0.103903595418943229E-01   -0.183012717641320821E+00    0.524460480625486836E-01    0.253707350400585785E+00   -0.112181942842686433E+01   -0.163912043926035089E+00   -0.401195633965034215E+01    1
    0.672680538158001995E-01   -0.223295723216727211E+02    0.152529747010697880E+01    0.182549398187630230E+01    0.103404061895240561E-01    0.269912511612941008E+01   -0.248032589307952378E+01    0.680836278760078711E-01   -0.363800746974201195E+01   -0.394877100647191975E-01   -0.139199195127114761E+00   -0.534003576044636663E+00   -0.103195769945129981E+00   -0.113922439072660198E+01   -0.147503632183049710E+00   -0.403195633965034173E+01    1
    0.437691972786966380E-01   -0.189451415263287650E+02    0.118425243379767120E+00    0.132460076055537468E+01    0.113678125058707755E-01    0.205964433384186663E+01   -0.254913750913794690E+01   -0.148890436152289085E+00   -0.870787899552008415E+00   -0.590281563642734500E-01   -0.125614033236651212E+00   -0.972639576574250431E-01   -0.180887555190718918E+00   -0.109944020624734184E+01   -0.145839516844905287E+00   -0.405195633965034396E+01    1
    0.503027087026494402E-01   -0.295395012903971583E+02    0.577407420584253650E+00    0.161211142348646419E+01    0.941559456600831769E-02    0.148235114638914078E+01   -0.269378597568530243E+01    0.394916405195719911E-01   -0.536269130945471773E+01    0.123357927220772115E+00   -0.552772380829266857E-01   -0.313350561299755748E+00   -0.298783360835873979E+00   -0.111297316654477041E+01   -0.120981800963672323E+00   -0.407195633965034443E+01    1
    0.324128127826893986E-01   -0.198463506972492354E+02    0.133992319788930869E+01    0.103990873664542582E+01    0.926050936829285812E-02    0.147721189190776236E+01   -0.264215635858556741E+01   -0.557101817114941181E-01    0.176995239194857401E+01   -0.245077488309834612E+00   -0.101592049878099833E+00   -0.580632485049863978E-01    0.193406940758018286E-01   -0.118343018754099294E+01   -0.678020176668928803E-01   -0.409195633965034400E+01    1
    0.122532492237930113E+00   -0.151195660805972434E+02    0.395474588529535431E+00    0.139011037270853866E+01    0.114126009500831599E-01    0.186132668456071815E+01   -0.258058903095863323E+01   -0.141237770383107197E+00   -0.488709121848695194E+01   -0.190105634736072282E+00   -0.201095270625369249E+00   -0.300820407324514205E+00   -0.160667776734410628E+00   -0.113694947479387909E+01   -0.667770939484598203E-01   -0.411195633965034357E+01    1
    0.768827359248640402E-01   -0.142721290937871430E+02    0.951415375378948269E+00    0.855098229608269422E+00    0.173438550104225049E-01    0.167071431469081721E+01   -0.260651565402691698E+01    0.840991302587958817E-02   -0.864280757419296108E+00    0.239463361978488470E-01   -0.234965134720802382E+00   -0.109885763523581537E+00   -0.153314656728685300E+00   -0.117079636945513443E+01   -0.634234192299935468E-01   -0.413195633965034226E+01    1
    0.508860747782775985E-01   -0.143003786044566148E+02    0.103783006678739431E+01    0.147560638315326087E+01    0.921281778651279748E-02    0.210245866554155247E+01   -0.239973848043368765E+01   -0.960487081874533410E-01   -0.884504648446110764E+00    0.895067889810331890E-01   -0.522562862900547223E-01   -0.439799212490215585E-01   -0.170073649815804084E+00   -0.121223411611922494E+01   -0.529454261215051639E-01   -0.415195633965034450E+01    1
    0.957870854875063626E-01   -0.173015417591963434E+02    0.110218850470317786E+01    0.181990162504781194E+01    0.712136517218795242E-02    0.191591200094800618E+01   -0.261140182197617676E+01   -0.209891384888069993E-01    0.630051582228422546E+01   -0.460671753525324634E+00   -0.448739303970588366E-03   -0.287664694855795877E+00   -0.236019026816428057E+00   -0.112237169584606167E+01   -0.516867914944282233E-01   -0.417195633965034762E+01    1
    0.488026845028701681E-01   -0.174521158808071135E+02    0.841288960027819721E+00    0.118608629121288223E+01    0.927236293729388761E-02    0.168114166009053956E+01   -0.290368260314925442E+01   -0.110214388469778296E+00   -0.335941318759421037E+01    0.124993832346641562E+00   -0.651123926650595264E-01   -0.163804081823921976E+00   -0.729979870400197517E-01   -0.107807844162180810E+01   -0.504315753113560722E-01   -0.419195633965034720E+01    1
    0.346593903664580566E-01   -0.138952426955027661E+02    0.670512083720039787E+00    0.153565429649928609E+01    0.123068477766471191E-01    0.190548586403815334E+01   -0.249317146447419047E+01    0.258069052130656118E-01   -0.503847393332624272E+01   -0.983004542637833656E-01   -0.136471490751207208E+00   -0.476723623711396288E-01   -0.424241030377082440E-01   -0.109615087103415210E+01   -0.501702948816041966E-01   -0.421195633965034677E+01    1
    0.100841660447805348E+00   -0.197748957692027432E+02    0.756100571354584305E-01    0.981423800912409439E+00    0.945103402119363938E-02    0.199993106528684361E+01   -0.253133697612889375E+01   -0.141663492558119636E+00    0.304668272369225779E+00   -0.510103991011579064E-01   -0.140220514074093944E+00   -0.297292843734245471E+00    0.620294383409166206E-01   -0.110871292029727897E+01   -0.448672032504857723E-01   -0.423195633965034279E+01    1
    0.454669625564682392E-01   -0.199289423525052776E+02    0.659840427031990528E+00    0.166108082389852241E+01    0.131825970770955252E-01    0.178539435974620209E+01   -0.264761885157549237E+01   -0.841396384071523007E-01   -0.384422573490946595E+01   -0.204675655735671785E+00   -0.207635673308854574E+00   -0.220729090205838335E+00   -0.186087427529523730E+00   -0.116372483303257757E+01   -0.444338686599195856E-01   -0.425195633965034059E+01    1
    0.144225372273463742E+00   -0.202016749904724620E+02    0.519848214956127097E+00    0.166194598733840815E+01    0.136454477711953799E-01    0.244641768991370956E+01   -0.270482452608154844E+01   -0.948712659516593726E-01   -0.323604354682623852E+01   -0.184495938278651794E-01   -0.453523812514098762E-01    0.435219457510603036E-01   -0.110167932927747292E+00   -0.112127788975168907E+01   -0.430720834442087155E-01   -0.427195633965034727E+01    1
    0.861436178940664515E-01   -0.157688258369105050E+02    0.948670624982900224E+00    0.200069033383906270E+01    0.844648410750113189E-02    0.188994187335510677E+01   -0.256483090299080718E+01    0.102628470401730648E-01   -0.374013888097704683E+01   -0.437746070407667498E+00   -0.783153111440352961E-01   -0.230255765667711054E+00   -0.118888070402803026E+00   -0.113084509408277589E+01   -0.419324784944990828E-01   -0.429195633965034329E+01    1
    0.317703153159073909E-01   -0.227762386481776318E+02    0.431542141532851642E+00    0.110937996696659535E+01    0.112275096241105966E-01    0.201205224441362063E+01   -0.260186910211898770E+01   -0.366312965845464258E-01   -0.741343993202338414E+01    0.169140259425908768E+00   -0.233031419850581289E+00   -0.388718348611390319E+00   -0.135416488652641442E+00   -0.114750414031015358E+01   -0.385650137121188799E-01   -0.431195633965034109E+01    1
    0.695383861126185193E-01   -0.271702277149748852E+02    0.583943467662529914E+00    0.135777380765120892E+01    0.118794117988253005E-01    0.159924962960145689E+01   -0.267408060894381316E+01    0.453632752531568650E-01   -0.381259333740337780E+01    0.645023808505536950E-01   -0.140076412700188974E+00   -0.313618217594174797E+00    0.436212823314176545E-01   -0.113428293628817123E+01   -0.382008535295452825E-01   -0.433195633965034244E+01    1
    0.727397180073058175E-01   -0.180408406051402039E+02    0.134405688053315275E+01    0.179384196514381222E+01    0.341547849397546687E-02    0.213405378877882601E+01   -0.246893886202214752E+01    0.165750492569972929E-02   -0.261622514886467439E+01   -0.110369164074495818E-01   -0.271005346581122186E+00   -0.290275213944771460E+00    0.117537066512215516E-01   -0.116168739175481472E+01   -0.373174226567475897E-01   -0.435195633965034201E+01    1
    0.746345921413993363E-01   -0.143987730089988268E+02    0.978519012890173845E+00    0.179063159658336435E+01    0.120359692056467571E-01    0.207554405807641373E+01   -0.274924860141113303E+01   -0.206983154664422166E-01   -0.397013901151824600E+01   -0.168809230064480287E-01   -0.165244434138515972E+00    0.128478773234591559E+00   -0.100674073895924893E+00   -0.114454966789347878E+01   -0.321715515774099736E-01   -0.437195633965034336E+01    1
    0.454229440041897109E-01   -0.144819953022264531E+02    0.590993602218446323E+00    0.156371988014335961E+01    0.984334610198962442E-02    0.177751844060763475E+01   -0.261176689042354271E+01    0.106635936195104919E+00    0.180636181417391040E+01   -0.163084429965245914E-01   -0.217117748832777735E+00   -0.297338479308864700E+00   -0.192438435792257168E+00   -0.116708681759394639E+01   -0.315071645719161089E-01   -0.439195633965034649E+01    1
    0.922669926628919279E-01   -0.191400555975934381E+02    0.650070254062600328E+00    0.148227137834605927E+01    0.140856986241886840E-01    0.171910299674027334E+01   -0.270745450110483032E+01   -0.136664625500140247E+00   -0.127403850301788246E+00   -0.154329387575284110E+00   -0.832390046284568197E-01   -0.340635149015169780E+00   -0.114016886100451381E+00   -0.115663199618988632E+01   -0.297722742181933328E-01   -0.441195633965034784E+01    1
    0.991262166024433899E-01   -0.196820184975798682E+02    0.138052416139683132E+01    0.142264554276519850E+01    0.753051898132604293E-02    0.182692160267450210E+01   -0.278290740016697047E+01   -0.800408825975450627E-01   -0.235178488510923023E+01   -0.375586578751362782E-01   -0.724381095255084012E-01   -0.158152399492413304E+00   -0.158355574688704703E+00   -0.111944885718203158E+01   -0.290082158787589653E-01   -0.443195633965034474E+01    1
    0.594401621158536508E-01   -0.143629378498911162E+02    0.108895185801838412E+01    0.168989669340099824E+01    0.357542410153224161E-02    0.154217503265492217E+01   -0.289015552318335445E+01   -0.577448152079908031E-01   -0.411496988821788801E+01    0.709088519719052873E-01   -0.971757673168172770E-01   -0.190429527397260212E+00   -0.322046461292651798E+00   -0.108335855200409448E+01   -0.280689828859429433E-01   -0.445195633965034343E+01    1
    0.713232413985737945E-01   -0.227288728208578519E+02    0.106244625423106087E+01    0.171283201646886107E+01    0.150952092188635818E-01    0.176762077266354911E+01   -0.277563610459427368E+01   -0.145788080268374698E+00   -0.170478103879415954E+01   -0.315883286375920197E-01   -0.145641151149289744E+00   -0.260937883668993231E-01   -0.108942408945800012E+00   -0.119419838253143640E+01   -0.271448896538416910E-01   -0.447195633965034745E+01    1
    0.496384211672338260E-01   -0.117015396905454452E+02    0.181341508231910864E+00    0.153261569860483760E+01    0.961877660993994826E-02    0.187385916718939605E+01   -0.256723395916752839E+01   -0.138036085448974721E+00    0.134105215583817827E+00   -0.539025863090786372E+00   -0.164443221735790152E+00   -0.377686294541224321E-01   -0.155955011652112147E+00   -0.121913034537471132E+01   -0.265628324435217278E-01   -0.449195633965034435E+01    1
    0.131220348353248639E+00   -0.171326673097922040E+02    0.944470675200841270E+00    0.171163916321226095E+01    0.116994678690316520E-01    0.223617544985789252E+01   -0.258632798507875084E+01   -0.315054557480233047E-01   -0.140482616715824826E+01   -0.186537132490961433E+00   -0.169119361181589656E+00   -0.155667997135585684E+00    0.565474800902784902E-01   -0.111352759619781461E+01   -0.260527210105441463E-01   -0.451195633965034482E+01    1
    0.101765362914914420E+00   -0.155792115935065922E+02    0.846569460500885995E+00    0.143152888990565197E+01    0.112441759738142778E-01    0.153579393469973557E+01   -0.293275533455128867E+01   -0.602275776421358489E-01    0.151273137745587771E+01   -0.205994318732767856E-01   -0.127942048760904981E+00    0.276991151009281789E-01   -0.108078706384268988E+00   -0.110278467668996338E+01   -0.240639259439564442E-01   -0.453195633965034705E+01    1
    0.961429397724126861E-01   -0.239728781957664978E+02    0.116965710037718917E+01    0.114559672831216064E+01    0.790458083489761938E-02    0.261009277306860099E+01   -0.280412124129682061E+01   -0.563948588061173248E-01   -0.732749002538961314E+01   -0.378603082004885683E+00   -0.126689180380898297E+00   -0.330329966913686157E+00    0.104920535571139256E+00   -0.112017558426840091E+01   -0.237578401556225935E-01   -0.455195633965034396E+01    1
    0.220180210669705528E-01   -0.208343202207427609E+02    0.543260395035383814E+00    0.186624926127890300E+01    0.945334166823457410E-02    0.171640122472310774E+01   -0.260025282437327165E+01   -0.956584439485280158E-01   -0.417519035592163590E+01   -0.192501769741830669E+00   -0.689071124268933605E-01   -0.271435543142350466E+00    0.403212110547927494E-01   -0.115287088461993958E+01   -0.224156971285498670E-01   -0.457195633965034354E+01    1
    0.646796062941039501E-01   -0.206426617440316491E+02    0.386961599926465338E+00    0.188665352397791852E+01    0.910636207791232395E-02    0.157080227163920383E+01   -0.261574727817817276E+01   -0.138416189456004923E+00   -0.234814381617618118E+01   -0.187460809277543883E+00   -0.783456537640988271E-01   -0.544249277353646255E+00   -0.936556232441513731E-01   -0.115252525984768694E+01   -0.205678875760417733E-01   -0.459195633965034666E+01    1
    0.156596527467269681E-01   -0.209281375735152722E+02    0.911240578178175165E+00    0.172169086045961039E+01    0.624448029781396376E-02    0.164797989341815598E+01   -0.268865291633477854E+01    0.923397612429918691E-03   -0.258555687032739057E+01   -0.254521229448553821E+00   -0.186023183517013496E+00   -0.291798763999136235E+00   -0.136061305188707626E+00   -0.115215871889952282E+01   -0.202251831572199878E-01   -0.461195633965034801E+01    1
    0.491674598081421541E-01   -0.178557800563252229E+02    0.816141468296250117E+00    0.134798548928411277E+01    0.863105644303601392E-02    0.192373614555317651E+01   -0.260663236336941395E+01   -0.871519096555974093E-02   -0.392536931188344873E+00   -0.452114985484821430E+00   -0.165447298686227484E+00   -0.762142736442965457E-01   -0.189371023074652756E+00   -0.117973947535194990E+01   -0.198170637714023060E-01   -0.463195633965034759E+01    1
    0.113157062397468283E+00   -0.214070462342654757E+02    0.902448125701739601E+00    0.141978811925417370E+01    0.681460588926259807E-02    0.201522922807562210E+01   -0.239456199323443863E+01   -0.836350586738132673E-01   -0.372575626507658964E+01   -0.719934216150456274E-01   -0.153846201825459133E+00   -0.426637387040635641E+00   -0.151054912589808521E+00   -0.117743197479782546E+01   -0.181845412112656077E-01   -0.465195633965034716E+01    1
    0.781162198975391825E-01   -0.185259380548233743E+02    0.736075405802659510E+00    0.140567968912467767E+01    0.703003122298498807E-02    0.163653114226222529E+01   -0.264235626729613671E+01   -0.265021550708964479E-01   -0.252725399652869243E+01   -0.579915706675719012E+00   -0.389326730994244835E-01   -0.122118800173227737E+00    0.836834076696250928E-01   -0.115037417560781052E+01   -0.180785869477897536E-01   -0.467195633965034407E+01    1
    0.136255178784338266E+00   -0.160114173746472552E+02    0.829941823088264141E+00    0.124447293014577842E+01    0.137271810142910768E-01    0.264119964790055617E+01   -0.271755046131661127E+01   -0.791836162487315476E-01   -0.654529407943871000E+01   -0.717687014838364612E-01   -0.380342178757302612E-01   -0.278092441518126787E+00   -0.122091175717556302E+00   -0.114460808075243969E+01   -0.175081550620190471E-01   -0.469195633965034364E+01    1
    0.865772460100982522E-01   -0.205539628156889265E+02    0.564123993846454952E+00    0.168020393644341492E+01    0.190860959694696790E-02    0.170669060011144014E+01   -0.282817195504731345E+01   -0.162952518455330084E-01   -0.553021931168709102E+01   -0.108997076761839923E-01   -0.181234733164733486E+00   -0.353622672537615645E+00   -0.188792906951175288E+00   -0.110659828806430482E+01   -0.167634263937919414E-01   -0.471195633965034677E+01    1
    0.571913851025895453E-01   -0.222821575749480658E+02    0.709206669091185016E+00    0.135387812646344696E+01    0.110634435641305730E-01    0.195024319755161391E+01   -0.259561036586126193E+01   -0.558241340977518666E-01   -0.981513934390596088E+00   -0.215250558960019933E+00   -0.770030515927741799E-01   -0.210119772387090953E-01    0.645514801495589707E-01   -0.116560358850703238E+01   -0.165646489022054956E-01   -0.473195633965034634E+01    1
    0.975616700034192541E-01   -0.224440378855675498E+02    0.399619609536492226E+00    0.149047731653019944E+01    0.742482424058508832E-02    0.222141324033264675E+01   -0.251599355071914932E+01   -0.444431528821797456E-01    0.287248209595865056E-01    0.584345676423768806E-01   -0.852074681831647696E-01   -0.249808969196119862E+00   -0.580021482188484705E-01   -0.118310738867416609E+01   -0.148418369426674100E-01   -0.475195633965034325E+01    1
    0.103479869039872163E+00   -0.242399384477807587E+02    0.129383348111577412E+01    0.146303801670110278E+01    0.101196869956025823E-01    0.214013829247386234E+01   -0.255767242636623537E+01   -0.580803978509312480E-01   -0.314118179801830788E+01    0.412099414069238418E-01   -0.661694967991959954E-01   -0.120734764026640212E+00   -0.573209044846148541E-01   -0.117406231852239751E+01   -0.145388926878288142E-01   -0.477195633965034460E+01    1
    0.991660212811706077E-01   -0.248698984430464307E+02    0.848379328135746569E-01    0.169457592750352415E+01    0.208408285900141960E-02    0.220111954514978869E+01   -0.268825986345641432E+01   -0.127470845604362226E+00   -0.483199142499293632E+00   -0.204343025948033302E+00   -0.273426634255947432E-01   -0.193928680924363217E+00    0.445933040077139964E-01   -0.113464562199428354E+01   -0.139401187711619846E-01   -0.479195633965034506E+01    1
    0.321604593386918824E-01   -0.247027681129211061E+02    0.536093554096907843E+00    0.140933160288678261E+01    0.596065055752369351E-02    0.171297088837699274E+01   -0.283897211686983209E+01    0.371884633118725744E-01   -0.517648970152969135E+01   -0.132830014417075815E+00   -0.841665790324414992E-01   -0.327327613414852447E+00   -0.113904328101055649E+00   -0.114949146264356106E+01   -0.137958794164530062E-01   -0.481195633965034641E+01    1
    0.856567271013319448E-01   -0.191558767649062958E+02    0.131273548880408808E+01    0.229308390079548063E+01    0.140826737184825863E-01    0.137550535404713026E+01   -0.279323655961750017E+01   -0.841471092606040916E-01   -0.239362854733936814E+01   -0.410581420813301151E-01   -0.973799955637055376E-01   -0.223376896305043371E+00    0.733994433457088036E-01   -0.116741727035648091E+01   -0.136500570070118739E-01   -0.483195633965034776E+01    1
    0.140531558245181376E+00   -0.174773595248041218E+02    0.608691729342072052E+00    0.184878920892384824E+01    0.111546130272204575E-01    0.174066423501285361E+01   -0.266430055117584130E+01   -0.518697380186131929E-01   -0.252191415775577754E+01    0.119898496730493867E+00   -0.105697408069969523E+00   -0.395405187170178196E+00   -0.311866140522542412E+00   -0.118304211024842165E+01   -0.130933270899403990E-01   -0.485195633965034734E+01    1
    0.118191115940689859E+00   -0.187646853119152794E+02    0.103256906478321131E+01    0.176339198065359382E+01    0.244747050402689594E-02    0.198798793642835792E+01   -0.273711182782716156E+01   -0.281224210417770626E-01   -0.698385265777282349E+01    0.228422291827449109E+00   -0.185368544629881088E+00   -0.245894009381606271E+00    0.114575004973762884E-01   -0.111437933891875462E+01   -0.130037329030744855E-01   -0.487195633965034602E+01    1
    0.114150179312234631E+00   -0.207809290144760652E+02    0.727240019867730125E+00    0.153034923376652210E+01    0.134537944382400639E-01    0.156755378956952596E+01   -0.267282990541151211E+01   -0.252097948517272345E-01   -0.251293286454974485E+01   -0.580276935288763368E-01   -0.112084923763181132E+00   -0.155118105177689730E+00    0.845532743428754341E-01   -0.118536808063467869E+01   -0.125187343850465919E-01   -0.489195633965034382E+01    1
    0.112570411502766643E+00   -0.189085935837601191E+02    0.794015459437777071E+00    0.157801296451711570E+01    0.342289901096198487E-02    0.188797406634830667E+01   -0.258992611789752791E+01   -0.497930562320808567E-04   -0.286198933708566061E+01   -0.156315890398802393E+00   -0.128744919694519511E+00   -0.253823306321495301E+00   -0.222307097530026754E+00   -0.120816764967540813E+01   -0.125112514704091016E-01   -0.491195633965034428E+01    1
    0.123312414015125799E+00   -0.158365599328895286E+02    0.753022030666725017E+00    0.165334328138212228E+01    0.107896928892404157E-01    0.157691927005318577E+01   -0.278208891335072250E+01   -0.487856427414176327E-01    0.175971848695492206E+01   -0.111295155285048825E+00   -0.108144252475379468E+00   -0.102540396061701830E+00   -0.121083409250459961E+00   -0.115134759479311066E+01   -0.123949278042791329E-01   -0.493195633965034563E+01    1
    0.103280560379305164E+00   -0.196584623139327945E+02    0.681884531767119162E+00    0.152965046704701435E+01    0.802926968376390521E-02    0.228388463314793944E+01   -0.251482499196816178E+01   -0.106751692355924854E+00   -0.503334730339312308E+00    0.165207791941876070E+00   -0.275186540248003875E-01   -0.131403280255698612E+00   -0.251960713154530253E-01   -0.116152081461553269E+01   -0.121669783998037077E-01   -0.495195633965034610E+01    1
    0.100908678013990727E+00   -0.176636875777425111E+02    0.675754650952758662E+00    0.157116809108993527E+01    0.117808107498380537E-01    0.178382124673633036E+01   -0.276913635989584650E+01   -0.124953524885926481E+00   -0.351315949017253049E+01   -0.830741154230401485E-01   -0.885093943946504980E-01   -0.501203631334462829E-01   -0.448465377083910460E-01   -0.119421260062046497E+01   -0.116811787530406025E-01   -0.497195633965034567E+01    1
    0.925941897529962005E-01   -0.233717540085856896E+02    0.834313828722173079E+00    0.182094986655542113E+01    0.650369844616063321E-02    0.211546464284402091E+01   -0.244484126865078855E+01   -0.482790807559603033E-01    0.991771035639965604E-02   -0.542696091053360627E-01   -0.124700017150512987E+00   -0.218062131438593931E+00   -0.286882976621296248E+00   -0.116308055277315847E+01   -0.110223139351038526E-01   -0.499195633965034435E+01    1
    0.827164981201060634E-01   -0.199139140146934750E+02    0.407990217998156435E+00    0.123160497204082642E+01    0.111386923636555297E-01    0.193998982560613431E+01   -0.268280644029655368E+01   -0.538285104740463954E-01   -0.543582017475067403E+00   -0.403615176933064812E+00   -0.855320604236434745E-01   -0.841415381079854696E-02    0.171467757804594140E+00   -0.112430518386629807E+01   -0.107991601026283385E-01   -0.501195633965034304E+01    1
    0.112651714521098983E+00   -0.136163762481215933E+02    0.104129004701396921E+01    0.170203285433026053E+01    0.116069723407662452E-01    0.191249285148015336E+01   -0.273319767447388307E+01    0.176465969486910915E-01   -0.455665496015729676E+01   -0.118080456646228710E+00   -0.910143128834976362E-01   -0.325480180999203728E+00   -0.271430422209587574E-01   -0.114943057742891730E+01   -0.106568625437456748E-01   -0.503195633965034617E+01    1
    0.871669900895362670E-01   -0.230152803235286285E+02    0.251358612118949609E+00    0.130895402462205390E+01    0.127126146871057652E-01    0.195072099570729196E+01   -0.287454203998877089E+01   -0.565047121935526031E-01    0.421575586938821356E+00   -0.132968028015886697E+00   -0.168165435378548861E+00    0.618412763689413780E-01   -0.189616448632641099E+00   -0.116365469528433874E+01   -0.106017522579439118E-01   -0.505195633965034840E+01    1
    0.720585730721587658E-01   -0.219869007216843215E+02    0.712152685093310756E+00    0.149990728105343107E+01    0.723885030753265626E-02    0.211349738678448862E+01   -0.253503620106965588E+01   -0.104683433284554067E+00   -0.229652727805416346E+01   -0.236309582200273205E+00   -0.663398792477279398E-02   -0.217533132840483118E+00   -0.153361323046036391E+00   -0.118790051988298129E+01   -0.106007046518641866E-01   -0.507195633965034709E+01    1
