    0.774437680619465552E-01   -0.140619820345972322E+02    0.873162388821467017E+00    0.165492188877151691E+01    0.109932509101143237E-01    0.158758966395330026E+01   -0.265679816560098025E+01   -0.460838292036732655E-01   -0.361805486355316486E+01   -0.801877532057645309E-01    0.817813033626221819E-01   -0.245681850179011951E+00   -0.889462705247733437E-01   -0.114454816885543709E+01   -0.131705186632552440E+01
    0.774437680619465552E-01   -0.140619820345972322E+02    0.873162388821467017E+00    0.165492188877151691E+01    0.109932509101143237E-01    0.158758966395330026E+01   -0.265679816560098025E+01   -0.460838292036732655E-01   -0.361805486355316486E+01   -0.801877532057645309E-01    0.817813033626221819E-01   -0.245681850179011951E+00   -0.889462705247733437E-01   -0.114454816885543709E+01   -0.131705186632552440E+01
    0.707319110033874238E-01   -0.137580166350101525E+02    0.873446071573684146E+00    0.162303995666495315E+01    0.113528156964312916E-01    0.160701214715733909E+01   -0.265368432903098750E+01   -0.590892013836188182E-01   -0.145346754163763947E+01   -0.218255355797780715E+00    0.628960949551905374E-01   -0.147204338708495086E+00   -0.327646041187145826E-01   -0.113916668248021513E+01   -0.130974331252638110E+01
    0.707319110033874238E-01   -0.137580166350101525E+02    0.873446071573684146E+00    0.162303995666495315E+01    0.113528156964312916E-01    0.160701214715733909E+01   -0.265368432903098750E+01   -0.590892013836188182E-01   -0.145346754163763947E+01   -0.218255355797780715E+00    0.628960949551905374E-01   -0.147204338708495086E+00   -0.327646041187145826E-01   -0.113916668248021513E+01   -0.130974331252638110E+01
    0.813917817319581710E-01   -0.138565140240507532E+02    0.858787993941834804E+00    0.162323830761863275E+01    0.109187891428626643E-01    0.158981345257289819E+01   -0.271807625159627708E+01   -0.682498719648368668E-01   -0.380292758494936489E+01   -0.684288800700843247E-01    0.227082052611267682E-01   -0.157460245488107414E+00    0.306312998643393231E-02   -0.114702994235931310E+01   -0.129522632796031223E+01
    0.776993789286309772E-01   -0.140002227485141422E+02    0.876484497308276711E+00    0.164725359912773062E+01    0.110483354461515249E-01    0.160409343859973341E+01   -0.273301113378711769E+01   -0.105465869577584873E+00   -0.438322286695295738E+01   -0.116292932233853369E+00   -0.181006251977072069E-01   -0.146602076619191529E+00   -0.193654739711990209E+00   -0.115001303430025748E+01   -0.129487061628323152E+01
    0.776993789286309772E-01   -0.140002227485141422E+02    0.876484497308276711E+00    0.164725359912773062E+01    0.110483354461515249E-01    0.160409343859973341E+01   -0.273301113378711769E+01   -0.105465869577584873E+00   -0.438322286695295738E+01   -0.116292932233853369E+00   -0.181006251977072069E-01   -0.146602076619191529E+00   -0.193654739711990209E+00   -0.115001303430025748E+01   -0.129487061628323152E+01
    0.686899765396968565E-01   -0.138963762410109961E+02    0.857971445116883502E+00    0.163020155587870086E+01    0.113830906397640718E-01    0.158121095191865901E+01   -0.265468411774395063E+01   -0.154754342840107834E+00   -0.399262155075496539E+01   -0.117733525001888023E+00   -0.592091709838022465E-01   -0.203626212086182867E+00   -0.108767519327950701E+00   -0.116044907589523794E+01   -0.129319116978364756E+01
    0.686899765396968565E-01   -0.138963762410109961E+02    0.857971445116883502E+00    0.163020155587870086E+01    0.113830906397640718E-01    0.158121095191865901E+01   -0.265468411774395063E+01   -0.154754342840107834E+00   -0.399262155075496539E+01   -0.117733525001888023E+00   -0.592091709838022465E-01   -0.203626212086182867E+00   -0.108767519327950701E+00   -0.116044907589523794E+01   -0.129319116978364756E+01
    0.778366982345719965E-01   -0.138402034457347902E+02    0.857448860850125172E+00    0.167435108173426572E+01    0.109526165811519721E-01    0.159075880492679156E+01   -0.267995636418255323E+01   -0.410417469935411769E-01   -0.418511787349804187E+01   -0.143309845447441686E+00    0.109752632682200276E-02   -0.198135669058361552E+00   -0.784688358576328265E-01   -0.115507460697428876E+01   -0.128600139113179557E+01
    0.764840354619004681E-01   -0.138615486840893620E+02    0.868538291447467081E+00    0.166808821665756035E+01    0.109917359559166105E-01    0.160150660001797229E+01   -0.258221080439231043E+01   -0.137971747382616805E+00   -0.398793239067754657E+01   -0.872247813969593694E-01    0.907078832270615323E-02   -0.134334323417091367E+00   -0.369100844121577829E-01   -0.116111153098372988E+01   -0.128143514947665649E+01
    0.764840354619004681E-01   -0.138615486840893620E+02    0.868538291447467081E+00    0.166808821665756035E+01    0.109917359559166105E-01    0.160150660001797229E+01   -0.258221080439231043E+01   -0.137971747382616805E+00   -0.398793239067754657E+01   -0.872247813969593694E-01    0.907078832270615323E-02   -0.134334323417091367E+00   -0.369100844121577829E-01   -0.116111153098372988E+01   -0.128143514947665649E+01
    0.689959148177308884E-01   -0.140829906840685304E+02    0.859778431731320958E+00    0.166315605973297886E+01    0.113878567413571111E-01    0.161679859741186349E+01   -0.276083858437278806E+01   -0.153578080728742961E+00   -0.413604075300278051E+01   -0.183952459115781120E+00    0.362308042960668569E-01   -0.957621209703515691E-01   -0.453557237819236375E-01   -0.117112843483769868E+01   -0.127348376070033131E+01
    0.703958792328246569E-01   -0.139239116598675370E+02    0.850281260450159504E+00    0.164244871412069804E+01    0.113093833713732491E-01    0.162256413620991036E+01   -0.255931768147845551E+01   -0.134677167721267338E+00   -0.259059056558285938E+01   -0.161444501424216291E+00   -0.883997193304866986E-02   -0.213605373847561286E+00   -0.176210554903725836E+00   -0.114945242381509605E+01   -0.126875884081599888E+01
    0.703958792328246569E-01   -0.139239116598675370E+02    0.850281260450159504E+00    0.164244871412069804E+01    0.113093833713732491E-01    0.162256413620991036E+01   -0.255931768147845551E+01   -0.134677167721267338E+00   -0.259059056558285938E+01   -0.161444501424216291E+00   -0.883997193304866986E-02   -0.213605373847561286E+00   -0.176210554903725836E+00   -0.114945242381509605E+01   -0.126875884081599888E+01
    0.722995077051470370E-01   -0.141759387630663234E+02    0.869855891288941807E+00    0.163503204354438525E+01    0.113218547120898742E-01    0.159700772317233430E+01   -0.270605224366559849E+01   -0.689435973760856441E-01   -0.399189333622417974E+01   -0.190021826262224691E+00    0.420220649863978710E-01   -0.160932891042113196E+00   -0.320817521308780496E-02   -0.115674145907887893E+01   -0.126738061059709350E+01
    0.722995077051470370E-01   -0.141759387630663234E+02    0.869855891288941807E+00    0.163503204354438525E+01    0.113218547120898742E-01    0.159700772317233430E+01   -0.270605224366559849E+01   -0.689435973760856441E-01   -0.399189333622417974E+01   -0.190021826262224691E+00    0.420220649863978710E-01   -0.160932891042113196E+00   -0.320817521308780496E-02   -0.115674145907887893E+01   -0.126738061059709350E+01
    0.773701524256240336E-01   -0.138670129541001756E+02    0.874318941978378228E+00    0.166196157230698205E+01    0.111603860314397323E-01    0.160719084982060934E+01   -0.266107164517681172E+01   -0.123776030752718244E+00   -0.391873036696362753E+01   -0.185543464506930517E+00   -0.443103039110091176E-01   -0.894201145389628971E-01   -0.171130364068544649E-02   -0.115435073888374107E+01   -0.126411673172933292E+01
    0.773701524256240336E-01   -0.138670129541001756E+02    0.874318941978378228E+00    0.166196157230698205E+01    0.111603860314397323E-01    0.160719084982060934E+01   -0.266107164517681172E+01   -0.123776030752718244E+00   -0.391873036696362753E+01   -0.185543464506930517E+00   -0.443103039110091176E-01   -0.894201145389628971E-01   -0.171130364068544649E-02   -0.115435073888374107E+01   -0.126411673172933292E+01
    0.790645071255037940E-01   -0.139977362116643906E+02    0.856776070437989201E+00    0.165794178905710643E+01    0.109652924645176411E-01    0.159133131254053839E+01   -0.258075286691284855E+01   -0.103129530508846434E+00   -0.606580068667165140E+01    0.393760802235189056E-01    0.920072889148478568E-01   -0.113542559108499058E+00   -0.773603915245164864E-01   -0.116653889534406985E+01   -0.126247334980240966E+01
    0.790645071255037940E-01   -0.139977362116643906E+02    0.856776070437989201E+00    0.165794178905710643E+01    0.109652924645176411E-01    0.159133131254053839E+01   -0.258075286691284855E+01   -0.103129530508846434E+00   -0.606580068667165140E+01    0.393760802235189056E-01    0.920072889148478568E-01   -0.113542559108499058E+00   -0.773603915245164864E-01   -0.116653889534406985E+01   -0.126247334980240966E+01
    0.831284479737922632E-01   -0.139481293586740911E+02    0.861172943078279851E+00    0.162007496034221266E+01    0.113539955534938744E-01    0.161967208507657068E+01   -0.265670840190905588E+01   -0.710561604354065512E-01   -0.435893641363880491E+01   -0.143501161842532338E+00    0.569480806156945005E-02   -0.995823478534536288E-01   -0.134795743917454081E+00   -0.116295624785697549E+01   -0.125629186028782414E+01
    0.811755372046709389E-01   -0.140815676549573272E+02    0.871703485591563076E+00    0.166029364290011139E+01    0.111905252679156478E-01    0.158482499760181739E+01   -0.270676514310532923E+01   -0.453536675853274743E-01   -0.300313205078572931E+01   -0.111350865528621668E+00   -0.448355618975464776E-01   -0.143957599127245428E+00   -0.182905404463457710E+00   -0.114696572530414387E+01   -0.125372389459684008E+01
    0.811755372046709389E-01   -0.140815676549573272E+02    0.871703485591563076E+00    0.166029364290011139E+01    0.111905252679156478E-01    0.158482499760181739E+01   -0.270676514310532923E+01   -0.453536675853274743E-01   -0.300313205078572931E+01   -0.111350865528621668E+00   -0.448355618975464776E-01   -0.143957599127245428E+00   -0.182905404463457710E+00   -0.114696572530414387E+01   -0.125372389459684008E+01
    0.774652223018331004E-01   -0.140774950901274849E+02    0.863304214397883740E+00    0.161486832296926863E+01    0.113139169055907034E-01    0.162022962831165596E+01   -0.260047611284778757E+01   -0.111978661670522520E+00   -0.459443636112784137E+01   -0.434259200290034175E-01    0.453810665741813182E-01   -0.975010943573361988E-01   -0.102714500140857007E+00   -0.115712949197376980E+01   -0.124891157798674435E+01
    0.774652223018331004E-01   -0.140774950901274849E+02    0.863304214397883740E+00    0.161486832296926863E+01    0.113139169055907034E-01    0.162022962831165596E+01   -0.260047611284778757E+01   -0.111978661670522520E+00   -0.459443636112784137E+01   -0.434259200290034175E-01    0.453810665741813182E-01   -0.975010943573361988E-01   -0.102714500140857007E+00   -0.115712949197376980E+01   -0.124891157798674435E+01
    0.801211345219493276E-01   -0.139027548843886830E+02    0.861770436307066734E+00    0.165681112969621402E+01    0.113561327844419607E-01    0.162635663328637325E+01   -0.277870256332285059E+01   -0.167571599350610057E+00   -0.123576973591416861E+01   -0.190903993408698014E+00    0.625815535950850210E-01   -0.113881264787048894E+00   -0.119100492937285918E+00   -0.115930502887046782E+01   -0.124816726974047376E+01
    0.755518342671888249E-01   -0.139523019126608272E+02    0.872844708186568452E+00    0.163913412047480955E+01    0.114548733529004076E-01    0.158508478321726165E+01   -0.278604107432424586E+01   -0.456849116665639515E-01   -0.366639755842785231E+01   -0.135735969486402014E+00   -0.390842248079089488E-01   -0.234102553769994587E+00   -0.124744164598529383E+00   -0.115108487906500900E+01   -0.123616652506475333E+01
    0.755518342671888249E-01   -0.139523019126608272E+02    0.872844708186568452E+00    0.163913412047480955E+01    0.114548733529004076E-01    0.158508478321726165E+01   -0.278604107432424586E+01   -0.456849116665639515E-01   -0.366639755842785231E+01   -0.135735969486402014E+00   -0.390842248079089488E-01   -0.234102553769994587E+00   -0.124744164598529383E+00   -0.115108487906500900E+01   -0.123616652506475333E+01
    0.811473837999484304E-01   -0.140433250094034907E+02    0.852356979405904047E+00    0.166479752677650228E+01    0.108822484177005397E-01    0.156387689552127762E+01   -0.274098921261577022E+01   -0.901187674536773481E-01   -0.388113027851938286E+01   -0.100050668827566164E+00    0.736241463773640043E-02   -0.832956897855571116E-01   -0.109276754527555323E+00   -0.115591840042878169E+01   -0.123376086185916445E+01
    0.752309975041434570E-01   -0.139025649073933177E+02    0.843837624543708698E+00    0.165122547458089741E+01    0.108489982291464261E-01    0.156297335724845832E+01   -0.257349525164448689E+01   -0.170625790233920493E+00   -0.260755077486927345E+01   -0.102415882360150090E-01   -0.279226440912880569E-01   -0.250819153604022349E+00   -0.258443680283291857E-01   -0.116260988249680564E+01   -0.123301892953635184E+01
    0.813704539554006984E-01   -0.136481340575162875E+02    0.846538269977858637E+00    0.160230020390628014E+01    0.114384449443048122E-01    0.159536306091251801E+01   -0.266193710554525742E+01   -0.869640386832614687E-01   -0.461800265171504876E+01    0.140186871696632021E-02    0.151856378984787013E-01   -0.164994495433507277E+00    0.313170297723499858E-01   -0.115741907463072513E+01   -0.122846746244742300E+01
    0.758653393415961858E-01   -0.141587767480133593E+02    0.853101582835142702E+00    0.169192003539402402E+01    0.113085296083983797E-01    0.163229121952076084E+01   -0.267223252097590214E+01   -0.132015036930660523E+00   -0.428211633814880788E+01   -0.182664653183887277E+00    0.235538333598403239E-01   -0.314789963672953643E+00   -0.169783875375375759E+00   -0.114810617764448675E+01   -0.122761761676241732E+01
    0.758653393415961858E-01   -0.141587767480133593E+02    0.853101582835142702E+00    0.169192003539402402E+01    0.113085296083983797E-01    0.163229121952076084E+01   -0.267223252097590214E+01   -0.132015036930660523E+00   -0.428211633814880788E+01   -0.182664653183887277E+00    0.235538333598403239E-01   -0.314789963672953643E+00   -0.169783875375375759E+00   -0.114810617764448675E+01   -0.122761761676241732E+01
    0.739307063313827534E-01   -0.142318814704970897E+02    0.857905171784816400E+00    0.160348330057180255E+01    0.111603695765799711E-01    0.156630772770079019E+01   -0.255100797470085672E+01   -0.571487189908254159E-01   -0.305705373715863926E+01   -0.188655628665453462E+00   -0.164379687064003910E+00   -0.216930262186820377E+00    0.370276925422412251E-01   -0.114662307223970483E+01   -0.122586841800093249E+01
    0.751322280068902060E-01   -0.139092407002097094E+02    0.868455592616524719E+00    0.166539917658933234E+01    0.110433927131638587E-01    0.159860584220647128E+01   -0.270621046184637404E+01   -0.931592036589325573E-01   -0.405553477033490672E+01   -0.108893364727741693E+00    0.197102838085921883E-01   -0.216437472466153580E+00   -0.943056436394220932E-01   -0.116819088946879779E+01   -0.121977733655130804E+01
    0.746211960804682439E-01   -0.140408181281608453E+02    0.865520220673296925E+00    0.166400602689039867E+01    0.114594392913890675E-01    0.160045792065262527E+01   -0.264575416311703249E+01   -0.142172857114799100E+00   -0.351418915072396976E+01   -0.114385463089619471E+00   -0.174065930021864018E-01   -0.204298143362230122E+00   -0.766563423193597493E-01   -0.116699615055344541E+01   -0.121953952173265634E+01
    0.756573622364972026E-01   -0.139883154198229338E+02    0.845504891681038484E+00    0.166997013288541285E+01    0.109136339497945319E-01    0.158339628103637331E+01   -0.261483281721944039E+01   -0.142343767277036265E+00   -0.420151883800272508E+01   -0.827264356134548295E-01    0.374392115232752010E-01   -0.207959113338505502E+00   -0.180493013132971197E+00   -0.114991892733973144E+01   -0.121451553355656694E+01
    0.729256456689281601E-01   -0.139345174449900995E+02    0.860413311982495155E+00    0.165274274939275689E+01    0.111197665051976837E-01    0.157748430430032149E+01   -0.258442351617561705E+01   -0.327982487929003308E-01   -0.444338730433719675E+01   -0.197692994004289468E+00    0.311612793390908006E-02   -0.180177919290145178E+00   -0.437866307979474650E-01   -0.114761858443932829E+01   -0.121408338400214588E+01
    0.811830949655497069E-01   -0.140231618043073976E+02    0.865069999023773351E+00    0.161121295733772407E+01    0.112184181632262944E-01    0.158136501916425609E+01   -0.272120439053860830E+01   -0.125829488676641399E+00   -0.397258295678270512E+01   -0.727224691237862153E-01    0.545839740058877629E-01   -0.344353466748191783E+00   -0.962971230605842027E-01   -0.114984976226893387E+01   -0.121274426467187624E+01
    0.742335590093918668E-01   -0.140097866673948825E+02    0.857920854455213711E+00    0.163784520738546457E+01    0.108841099479691956E-01    0.159501410750715888E+01   -0.257814801761461565E+01   -0.114937966233069219E+00   -0.391864895901522337E+01   -0.103907644759929224E+00    0.256646531630942872E-01   -0.176593092683075104E+00   -0.104709000793403909E+00   -0.115640397460383948E+01   -0.121183530498812964E+01
    0.742335590093918668E-01   -0.140097866673948825E+02    0.857920854455213711E+00    0.163784520738546457E+01    0.108841099479691956E-01    0.159501410750715888E+01   -0.257814801761461565E+01   -0.114937966233069219E+00   -0.391864895901522337E+01   -0.103907644759929224E+00    0.256646531630942872E-01   -0.176593092683075104E+00   -0.104709000793403909E+00   -0.115640397460383948E+01   -0.121183530498812964E+01
    0.747522082647980313E-01   -0.140388467154073293E+02    0.845876206387134677E+00    0.160179640588739947E+01    0.110152737680994910E-01    0.158775539653082931E+01   -0.263359384884798198E+01   -0.156223277852993947E+00   -0.531237286863350811E+01   -0.172006226870287743E+00   -0.612718696190441767E-01   -0.836474615159188140E-01   -0.706322683881349250E-01   -0.115211425006943124E+01   -0.121157982572549749E+01
    0.749734051561787712E-01   -0.137467452166353734E+02    0.870785053300490941E+00    0.165398552093005580E+01    0.114152763225987500E-01    0.156965026795137352E+01   -0.261399888951008252E+01   -0.138811333460609726E+00   -0.229571589939245424E+01   -0.123988395220662795E+00    0.767588826475694708E-01   -0.114363489346554728E+00   -0.767606340362526757E-01   -0.115215093529750412E+01   -0.120990092295089968E+01
    0.798457146707473725E-01   -0.141056952144637400E+02    0.865001648032854731E+00    0.167512050261855339E+01    0.114105188017163840E-01    0.159889720201849750E+01   -0.269138577493430597E+01   -0.109296769669570137E+00   -0.428672105428997519E+01   -0.122628777594433636E+00   -0.126825209795711647E-01   -0.853479890721079854E-01   -0.899953981251166574E-01   -0.114614280287108961E+01   -0.120888895837885713E+01
    0.787793092491011204E-01   -0.139966338419005716E+02    0.866800740398473435E+00    0.164805227620466477E+01    0.114187153858208469E-01    0.159911876857737734E+01   -0.269037540383094864E+01   -0.127878017171776381E+00   -0.155629760177463794E+01   -0.316225386827310939E+00    0.417120799363170439E-01   -0.219157831646303508E+00   -0.629792342535257094E-01   -0.114343135891781955E+01   -0.120727938757264597E+01
    0.732941512339993495E-01   -0.139749307412721482E+02    0.852899883805116166E+00    0.160863623943917999E+01    0.111864391720679340E-01    0.160443178041062229E+01   -0.264434780445044693E+01   -0.109437406625118985E+00   -0.518604072055285670E+01   -0.189753302121491108E+00   -0.535171173271704013E-02   -0.843016973227627697E-01   -0.118739831136580154E+00   -0.114915275007095952E+01   -0.120639317316555306E+01
    0.732941512339993495E-01   -0.139749307412721482E+02    0.852899883805116166E+00    0.160863623943917999E+01    0.111864391720679340E-01    0.160443178041062229E+01   -0.264434780445044693E+01   -0.109437406625118985E+00   -0.518604072055285670E+01   -0.189753302121491108E+00   -0.535171173271704013E-02   -0.843016973227627697E-01   -0.118739831136580154E+00   -0.114915275007095952E+01   -0.120639317316555306E+01
    0.769439503071593228E-01   -0.141133605311972374E+02    0.844055656892581663E+00    0.157449972678900019E+01    0.111901105471690042E-01    0.158592023129463811E+01   -0.266786898356134117E+01   -0.666377863874604015E-01   -0.367463635450913451E+01   -0.599937739595221287E-01    0.212397670853955341E-01   -0.218437320127127216E+00   -0.103099049333071610E+00   -0.115121342152307715E+01   -0.120191774293130571E+01
    0.750657786776046665E-01   -0.139046417836688398E+02    0.874572629725493766E+00    0.167263996004234183E+01    0.110299768116446199E-01    0.157010410192920702E+01   -0.260572912533748458E+01   -0.116668049108909017E+00   -0.460311506636020162E+01   -0.207754139835265694E+00    0.921492371392037268E-01   -0.929416160423399557E-01   -0.131429727451821410E-01   -0.115304899768207725E+01   -0.120190535010164723E+01
    0.721835378999298033E-01   -0.140181669167957832E+02    0.858443926749269504E+00    0.164815787787473744E+01    0.111866948340433939E-01    0.160021075261036838E+01   -0.269775959079894490E+01   -0.396267217737550775E-01   -0.552598137147113100E+01   -0.142289152081031156E+00   -0.309428699500199633E-01   -0.194458663734250609E+00   -0.103860939275662173E+00   -0.115545608740429961E+01   -0.119954139285510686E+01
    0.733455733410608851E-01   -0.141049145568824805E+02    0.847620376111116514E+00    0.164908149390449221E+01    0.111631985271215088E-01    0.162463015660777499E+01   -0.264591374770388299E+01   -0.591901844698718704E-01   -0.224095922532683289E+01   -0.225410317408900024E+00    0.209927835600423641E-01    0.153196638781860350E-01   -0.101737430135577400E+00   -0.115586762472293803E+01   -0.119897783981480055E+01
    0.719944632144015190E-01   -0.140222710303927958E+02    0.852718031377937558E+00    0.169314203068558489E+01    0.111833223116239912E-01    0.161503465283080705E+01   -0.270720190751578560E+01   -0.963432432689885210E-01   -0.412295369974008707E+01   -0.317320071445075735E+00   -0.402013307538449383E-01   -0.197823385035364424E+00   -0.597982866586617839E-01   -0.115093086561316427E+01   -0.119772337777264748E+01
    0.751213223696600013E-01   -0.141943027890293614E+02    0.849730055419084862E+00    0.164636906744245715E+01    0.114939107748892010E-01    0.159339351559381437E+01   -0.263280428014917112E+01   -0.145129026870882583E+00   -0.562983980723794186E+00   -0.140464381331823374E+00    0.171447162933337921E-01   -0.192897559971933308E+00   -0.115432122699056811E+00   -0.114785798426098684E+01   -0.119746821066034115E+01
    0.773619899187791699E-01   -0.144140077545529959E+02    0.855191836280689066E+00    0.163315210705434199E+01    0.111397443984181076E-01    0.158650692114784464E+01   -0.270498675357984109E+01   -0.142139693527772643E+00   -0.171892807714162776E+01   -0.876936030505428149E-01   -0.106446639604036841E-01   -0.216217655818597393E+00   -0.111106227152767745E+00   -0.114999128855127442E+01   -0.119538776239277977E+01
    0.761587379527516872E-01   -0.140145449346590425E+02    0.862127792533611159E+00    0.168540376844715856E+01    0.114086058429694534E-01    0.160119860601666320E+01   -0.264180048469548101E+01   -0.118698203946298486E+00   -0.527632652379486089E+01   -0.910281022939373602E-01    0.151915245268751907E-01   -0.190539263852642193E+00   -0.123086437216680722E+00   -0.115001391012155318E+01   -0.119027429750060465E+01
    0.754178071688037244E-01   -0.139830404786158429E+02    0.858311524308744134E+00    0.163202053306156047E+01    0.113668545918185447E-01    0.155101490183056256E+01   -0.258619062915346776E+01   -0.122409928643734442E+00   -0.497072778862866649E+01   -0.737359376118455201E-01    0.850792265409406646E-02   -0.237232944689737546E+00   -0.154167063808384297E+00   -0.115110583956988943E+01   -0.118922972234670676E+01
    0.766768358516635995E-01   -0.140954261176549398E+02    0.863497886717542573E+00    0.167356501069768560E+01    0.113469474595150263E-01    0.160002018442530880E+01   -0.265985636531922198E+01   -0.107712823596027227E+00   -0.454332298862657247E+01   -0.101398091421713715E+00    0.798635554421670002E-02   -0.203254930876249212E+00   -0.165128920875663748E+00   -0.115066881035492963E+01   -0.118881196283160473E+01
    0.735317275670337722E-01   -0.140773802468020701E+02    0.857730906075877986E+00    0.167346011015018004E+01    0.110518663112995821E-01    0.159694833180075846E+01   -0.272847288048158232E+01   -0.434205306861943849E-01   -0.407226261977133053E+01   -0.740093047325511150E-01    0.648946963541110061E-01   -0.215189415755716984E+00   -0.663112279729844156E-01   -0.116285357987360238E+01   -0.118808042372741873E+01
    0.716335719446927893E-01   -0.140089105624823933E+02    0.850691494514700275E+00    0.164413324632673108E+01    0.114032903630308467E-01    0.157451805660702560E+01   -0.272159503865721097E+01   -0.760794967900630115E-01   -0.287009924650340409E+01   -0.102515325512597594E+00    0.398089845727643624E-01   -0.151719785950637204E+00   -0.147869256703339003E+00   -0.115950204187722150E+01   -0.118490728350113139E+01
    0.734458417650090956E-01   -0.140295299468764512E+02    0.853971326411820386E+00    0.167135445430979912E+01    0.110539903498324803E-01    0.159541479211694059E+01   -0.263907283374190094E+01   -0.184386629353117115E+00   -0.566963385721130031E+01   -0.240519113421803932E+00   -0.191056436056410376E-02   -0.254912243662870353E+00   -0.285641995419804659E-01   -0.114839365887644629E+01   -0.118470687534059826E+01
    0.813259061362235219E-01   -0.139545729067681350E+02    0.850861274999563211E+00    0.161295447851524387E+01    0.113220122995717019E-01    0.154807321757185234E+01   -0.268239633246408493E+01   -0.604794665913040985E-01   -0.398749894243717007E+01   -0.184204673228935689E+00   -0.387614849668223502E-01   -0.137852270584178510E+00   -0.919561925328472307E-01   -0.115575684796864420E+01   -0.118071097625232513E+01
    0.775345237129254905E-01   -0.140941292489038865E+02    0.864736644345215577E+00    0.162082174902224097E+01    0.112008661996012022E-01    0.158199512952233690E+01   -0.266003705627791343E+01   -0.104518826989145677E+00   -0.324124807855067676E+01   -0.210476437140435263E+00   -0.106027506526355869E+00   -0.288415224596747954E+00   -0.101813312820222379E+00   -0.115470946371226124E+01   -0.118040425345674826E+01
    0.742940836900390367E-01   -0.140635531574455221E+02    0.850043469207451774E+00    0.158930112589824257E+01    0.110508288473397265E-01    0.158083533858147707E+01   -0.266889542973957861E+01   -0.997596115158852770E-01   -0.246225921403431469E+01   -0.115714997549463974E+00    0.283269563583674715E-01   -0.940549627971706964E-01   -0.155294889559165705E+00   -0.116381228752467925E+01   -0.117850862956961366E+01
    0.762011929776879732E-01   -0.138661056846021324E+02    0.876111732733910742E+00    0.167781234938300372E+01    0.113148407251620065E-01    0.156571427814046071E+01   -0.274263660942474274E+01   -0.108994305200438374E+00   -0.101587390943164468E+01   -0.144094487060080878E+00    0.620808822163778917E-01   -0.377332960268566414E-01   -0.116339807020271913E+00   -0.115633710575627036E+01   -0.117612988361954973E+01
    0.730376123317115350E-01   -0.141178735323718083E+02    0.862531889519161488E+00    0.165368057261744861E+01    0.112726665713774495E-01    0.158722100433182733E+01   -0.266210913152890738E+01   -0.116935810052058539E+00   -0.443448102200653960E+01   -0.238275860819887303E+00   -0.771023275204679205E-02   -0.182407733086976637E+00   -0.180825154631176072E-01   -0.115113123329599265E+01   -0.117553472698909967E+01
    0.735516865881555015E-01   -0.141633724276795316E+02    0.859107665006673016E+00    0.166085673165133563E+01    0.113835051087115436E-01    0.157797976649004146E+01   -0.263842209175847797E+01   -0.119912178035359612E+00   -0.361281601991362722E+01   -0.211552686444542559E+00   -0.131677956236619965E-01   -0.245750569155635701E+00    0.424517566875355495E-01   -0.115207799910673692E+01   -0.117404730236720778E+01
    0.772437033112864102E-01   -0.142528683441614223E+02    0.859512651934262295E+00    0.169002963440914855E+01    0.111045581584407801E-01    0.158429003315505645E+01   -0.259047531232861061E+01   -0.986177163890679803E-01   -0.397428881611857632E+01   -0.105568255643255254E+00   -0.842493784409492075E-01   -0.139103225849686707E+00   -0.148815723479665263E+00   -0.116092823822991509E+01   -0.117368126039789966E+01
    0.807219057752604219E-01   -0.141039314688755901E+02    0.843948177974552682E+00    0.164180655597565561E+01    0.110067105257362942E-01    0.156473982385531807E+01   -0.268842747228951806E+01   -0.116861758908770583E+00   -0.194397874008800087E+01   -0.517101804162698325E-01    0.382629330740959159E-01   -0.208849895570788646E+00   -0.162417117029679536E-01   -0.115522779806935505E+01   -0.117291776384485891E+01
    0.754516706978718421E-01   -0.142224266386051568E+02    0.863250391320704025E+00    0.166524331521529345E+01    0.112373280107873029E-01    0.158265147470604894E+01   -0.269951336802373465E+01   -0.137806099631560375E+00   -0.399926277800462726E+01   -0.148742756851562297E+00    0.253541420986692530E-01   -0.158556271777157615E+00   -0.310421286521989151E-01   -0.115983690888921553E+01   -0.116937973598898926E+01
    0.748103265235096904E-01   -0.141987078888756972E+02    0.848465979068433906E+00    0.170611119813392254E+01    0.113448168060790253E-01    0.159153309132553611E+01   -0.264043469098197248E+01   -0.970896434369340339E-01   -0.317614265157423104E+01   -0.255768264195598977E-01   -0.560298372779243006E-01   -0.746624283705751429E-01   -0.152118262696151169E+00   -0.115098716745682617E+01   -0.113244158738695533E+01
    0.716993736947680177E-01   -0.140826297252766484E+02    0.851223311941910366E+00    0.164586880586559103E+01    0.111852849023099683E-01    0.158427280776622936E+01   -0.260222465221092802E+01   -0.111365183665559780E+00   -0.184394862565927542E+01   -0.286918284686493164E-01    0.830630424288102687E-01   -0.166784921516659135E+00   -0.107805336627744663E+00   -0.115573931576312949E+01   -0.116115628097243584E+01
    0.769483356138059987E-01   -0.142032057239786571E+02    0.852044407922704305E+00    0.167779355986161360E+01    0.110621885117865425E-01    0.156690381768105880E+01   -0.266589466559999089E+01   -0.102251589316649960E+00   -0.360512650956813685E+01   -0.420621764393447339E-01   -0.336157377733299970E-01   -0.144507225085351104E+00   -0.855813524759951316E-01   -0.115262991760499611E+01   -0.110791643004409468E+01
    0.766800941140015763E-01   -0.140417687837808494E+02    0.850672794729276149E+00    0.163060494755853957E+01    0.112458700508032954E-01    0.157364374721458034E+01   -0.272587336093160459E+01   -0.134490586851930410E+00   -0.276781209309030807E+01   -0.217584807056407231E-01   -0.105771883849450882E+00   -0.211548160114444217E+00   -0.105384793879738856E+00   -0.115442551003131277E+01   -0.112820445039570783E+01
    0.745784023920481598E-01   -0.142294333943690390E+02    0.856892257243883959E+00    0.166317346904784347E+01    0.112749365322810501E-01    0.156950361733105059E+01   -0.264687797015543858E+01   -0.118122108311845053E+00   -0.327779552544166508E+01   -0.909454076444864146E-01   -0.222378962965167730E-01   -0.132971115385837085E+00   -0.655416404379720596E-01   -0.115540967588728605E+01   -0.113276938512160275E+01
    0.728084269346282870E-01   -0.140770987683711972E+02    0.873348660453228454E+00    0.165907951902362871E+01    0.109809399982602873E-01    0.154845850960391140E+01   -0.262562033395255412E+01   -0.820140443709369837E-01   -0.219408273773864693E+01   -0.175721666373299584E+00    0.442056949015193490E-01   -0.163537861889735764E+00   -0.766423206724091421E-02   -0.116161766586287318E+01   -0.116903483607532777E+01
    0.761540570406955553E-01   -0.140922258232512512E+02    0.846320972796795745E+00    0.170305977074876047E+01    0.108974206300023087E-01    0.154956277058571867E+01   -0.260634442504188923E+01   -0.108899358780260080E+00   -0.361992167364817163E+01   -0.196431987756972570E+00   -0.671508384652067802E-01   -0.176695071999856013E+00   -0.101197377890184792E-01   -0.114289932006194705E+01   -0.113129973684114504E+01
    0.729151109476304515E-01   -0.138162604647575389E+02    0.859005783920762322E+00    0.170475340763919236E+01    0.112213666122132193E-01    0.157630345677452954E+01   -0.266693886548151449E+01   -0.917096824142091815E-01   -0.290159635406555338E+01   -0.144588342092000222E+00   -0.441226500096625479E-01   -0.243289367197795509E+00    0.286024512204631487E-02   -0.115620385309114426E+01   -0.115537545762728966E+01
    0.776392655136348975E-01   -0.139890096061416855E+02    0.856050786682304832E+00    0.161502010704699650E+01    0.112872065294380344E-01    0.159753501010689880E+01   -0.266475439745445319E+01   -0.114548266076562183E+00   -0.305839988082988912E+01   -0.163300374879330551E+00   -0.843406112121931339E-01   -0.113113337254444349E+00   -0.458701770278152413E-01   -0.115458575517619355E+01   -0.116608192133643374E+01
    0.751039237367651796E-01   -0.141484741068630235E+02    0.841569875937029699E+00    0.162250116722793791E+01    0.112455738943816608E-01    0.157017733790802838E+01   -0.261575846970300185E+01   -0.121923314608670591E+00   -0.914246447535706164E+00   -0.275269429109561981E+00    0.131490437241001644E-02   -0.183366570615805913E+00   -0.713915265973456697E-01   -0.115682561582623777E+01   -0.115282753844380159E+01
    0.772448199542473818E-01   -0.142331467667462377E+02    0.854115042616996445E+00    0.164540605760741698E+01    0.112393849061593904E-01    0.156871668241519169E+01   -0.270637454215212570E+01   -0.161190336389379074E+00   -0.281019186896060136E+01   -0.172652293297723580E+00   -0.138500846925446938E-01   -0.660612052854192972E-01    0.458464184162956923E-01   -0.116426550910325122E+01   -0.114130860238485221E+01
    0.780619850727380382E-01   -0.141603235411027200E+02    0.846539478611182838E+00    0.163956175646811686E+01    0.112537444673791731E-01    0.156388470135988045E+01   -0.267493372855013423E+01   -0.117781279536327499E+00   -0.332030611199681402E+01   -0.140182292143706033E+00   -0.529774618508662039E-04   -0.667530730207617079E-01   -0.493490631568480054E-02   -0.115274673523501670E+01   -0.111518667711899200E+01
    0.768438270860529737E-01   -0.139297207798188705E+02    0.853606570265962650E+00    0.166435159357656715E+01    0.113447696221350893E-01    0.153558725184614464E+01   -0.257276757911945220E+01   -0.601533009433464980E-01   -0.369707556577749763E+01   -0.166835819203136143E+00   -0.557063190312737933E-01   -0.156443039678469453E+00   -0.700993861718992445E-01   -0.114805505793511564E+01   -0.111259667581230492E+01
    0.772808197328232194E-01   -0.140878402827581066E+02    0.861121289139131663E+00    0.165038581432622511E+01    0.113997612035818732E-01    0.158121472566385979E+01   -0.261416302461112826E+01   -0.789501411050286261E-01   -0.349320848617668833E+01   -0.140207443767705775E+00    0.775443318080925367E-02   -0.181466580578419828E+00   -0.355659943596869435E-01   -0.115449868893022534E+01   -0.116793438269328353E+01
    0.744243494537247252E-01   -0.140165987529649563E+02    0.868479206556938554E+00    0.167273303053331523E+01    0.111949735751614658E-01    0.158141674660701903E+01   -0.264839701270102923E+01   -0.105566589603028269E+00   -0.351767520295940361E+01   -0.156610639273031149E+00   -0.192536990809023950E-01   -0.206507142847091513E+00   -0.200892645246490559E-01   -0.115042099669799369E+01   -0.116814212880328183E+01
    0.745436274306499891E-01   -0.139668940162504658E+02    0.850465941492064781E+00    0.166770805542872891E+01    0.112353027702583076E-01    0.157158634750475690E+01   -0.265542095557591118E+01   -0.457822750521073643E-01   -0.262947143693568552E+01   -0.172210879606401995E+00   -0.288799009719190453E-01   -0.113107375211001643E+00   -0.994389884034413696E-01   -0.115883581303636340E+01   -0.110980139234736108E+01
    0.778564342610467974E-01   -0.140257320502451552E+02    0.857578989896189303E+00    0.167723053906319564E+01    0.110662078450399545E-01    0.158312063974917816E+01   -0.272810573936073864E+01   -0.945437696816815720E-01   -0.315180465018858325E+01   -0.538296502427514784E-01   -0.318867126701798537E-01   -0.186744294828634083E+00   -0.104210679221232241E+00   -0.115880228447690192E+01   -0.115856717385787045E+01
    0.753727494258212977E-01   -0.140271797211254228E+02    0.855815817754335351E+00    0.164781655775159352E+01    0.113926500093039645E-01    0.160568349564090318E+01   -0.273256513261648504E+01   -0.133266898252359545E+00   -0.345580340196787716E+01   -0.165510531309037756E+00    0.316228815581165584E-01   -0.241831585893325540E+00   -0.612080672994755048E-01   -0.116109059753160970E+01   -0.116721032199018260E+01
    0.776806362437575393E-01   -0.138331785170849759E+02    0.837951274978107175E+00    0.166250799165401020E+01    0.114679338967788019E-01    0.157965997308219497E+01   -0.279508641438935257E+01   -0.119111742140086768E+00   -0.142437393079340513E+01   -0.187062382445123687E+00    0.250554675759652491E-01   -0.135124613929411275E+00   -0.130663370145556956E+00   -0.114001823174824435E+01   -0.116331048589249475E+01
    0.740031548730927663E-01   -0.141371667265947973E+02    0.846980507496866153E+00    0.165491270212197716E+01    0.113981397494143898E-01    0.158099647931508369E+01   -0.268296249491837102E+01   -0.898310534338447042E-01   -0.340567424967431354E+01   -0.674869437932720528E-01    0.239538681374233883E-01   -0.130006028808867691E+00   -0.134920663214010195E+00   -0.115317348812198794E+01   -0.113588764320202240E+01
    0.736113984562432877E-01   -0.139560801874446465E+02    0.858897044585406833E+00    0.164761895964029659E+01    0.112498846636832472E-01    0.157861194836279495E+01   -0.273707520509453239E+01   -0.120008470922117430E+00   -0.216568193887907245E+01   -0.127696643038945790E+00    0.616274946803535006E-01   -0.181379413319347538E+00   -0.162507637468372323E+00   -0.115963381661770648E+01   -0.114295935491040579E+01
    0.763841356288164491E-01   -0.141048706878479440E+02    0.850373311154583478E+00    0.163958546252928028E+01    0.113604989132819138E-01    0.159415158820271907E+01   -0.275417054262869065E+01   -0.937594107042392932E-01   -0.255653912068637590E+01   -0.146418519277045411E+00   -0.376447885398181400E-01   -0.172368483568034858E+00   -0.863050502361333710E-01   -0.115621563659574500E+01   -0.113078283518141953E+01
    0.723211626380091122E-01   -0.141385745818847077E+02    0.852046094910216767E+00    0.161479976868843100E+01    0.111115318689254984E-01    0.157565975483849563E+01   -0.270110792096273666E+01   -0.822825059883818266E-01   -0.183091086113195223E+01   -0.934067186633014968E-01   -0.714966561824585851E-02   -0.197127534010767130E+00   -0.840642365859422536E-01   -0.117570519893764125E+01   -0.115207476476541393E+01
    0.766165796437398294E-01   -0.139784749371177988E+02    0.850673232218973507E+00    0.166985342651240209E+01    0.112980601601746118E-01    0.156854326033294211E+01   -0.264940304032214158E+01   -0.841299380957732518E-01   -0.364398493117224698E+01   -0.388452405606506290E+00    0.125885493074107402E+00   -0.104208528397939801E+00   -0.100750660382931984E+00   -0.116551591031117630E+01   -0.110721334084913470E+01
    0.762931628046495114E-01   -0.140466244437458556E+02    0.855620522040618336E+00    0.161842170373329086E+01    0.112795094118325959E-01    0.157117301480070859E+01   -0.273351602866329335E+01   -0.646135892133542777E-01   -0.237835639584908165E+01   -0.101505960888632715E+00   -0.183059016539071778E-01   -0.115002123391258537E+00   -0.562745536821418618E-01   -0.115643836237394182E+01   -0.114926173945175569E+01
    0.764659424190544945E-01   -0.140212570499743361E+02    0.852586011989102333E+00    0.163052256263065409E+01    0.111440206418478311E-01    0.155614435188744027E+01   -0.271217352364126230E+01   -0.713446126785313994E-01   -0.394435399705351575E+01   -0.600931157239177477E-01   -0.673142782995849176E-01   -0.150185214809355372E+00   -0.100791187631235027E+00   -0.116299516336454412E+01   -0.112110086094995731E+01
    0.736380313141102305E-01   -0.139749280547198378E+02    0.851935916300718188E+00    0.165476809514059564E+01    0.110123076136647065E-01    0.158127304604996621E+01   -0.268718901065463411E+01   -0.989514620544224288E-01   -0.569779651255272945E+01   -0.107120486624824568E+00    0.368182286022829680E-01   -0.135816160917803852E+00   -0.165354814415622609E+00   -0.115784158040871898E+01   -0.115104305271726526E+01
    0.768011082577187837E-01   -0.140909029494833486E+02    0.850462071381899776E+00    0.166107184446560230E+01    0.111972452266892817E-01    0.160143292677573612E+01   -0.274534220026312870E+01   -0.591233019379643968E-01   -0.361039484231755514E+01   -0.413200778421289466E-01    0.106771062063302696E+00   -0.650533351143259969E-01   -0.884219263314969389E-01   -0.115697613722956882E+01   -0.114896108560095378E+01
    0.761566725581514642E-01   -0.140345687784523516E+02    0.853271947367233885E+00    0.166245261180795767E+01    0.111186186767342418E-01    0.156910180342713801E+01   -0.270187479963694477E+01   -0.847549308041261745E-01   -0.251576628651926937E+01   -0.733301195460636657E-02    0.568541987410396618E-01   -0.179097347589092404E+00   -0.829893932192477812E-01   -0.115546229244989607E+01   -0.111279535228897553E+01
    0.754139299810329955E-01   -0.139464498739416616E+02    0.848690312366374267E+00    0.167546513234385230E+01    0.111341121037975294E-01    0.158872360828480064E+01   -0.262817715457088186E+01   -0.958423648354896074E-01   -0.532454831232375980E+01   -0.118424997736409687E+00    0.576737810748781873E-01   -0.126636586388508304E+00   -0.988429291906324226E-01   -0.115271712818269889E+01   -0.116711643830551082E+01
    0.781981736791319409E-01   -0.139533313743145886E+02    0.856710221978299824E+00    0.164256700225751473E+01    0.111624366234262268E-01    0.158053419506137205E+01   -0.268673343279356658E+01   -0.128292635453695014E+00   -0.574511002975516316E+01   -0.248894109348132886E+00   -0.140880792469527394E+00   -0.847993107208954572E-01   -0.407870663040484013E-01   -0.116289487917025158E+01   -0.116184350692400562E+01
    0.750368385132087201E-01   -0.140114614335992567E+02    0.857710132756599464E+00    0.166633554691581831E+01    0.109250685395575094E-01    0.156299200720023301E+01   -0.279474407346900477E+01   -0.107158472528303572E+00   -0.495889499898926189E+01   -0.311088969470124987E+00   -0.220284733746256740E-02   -0.878616608422624068E-01   -0.176174106158211372E-01   -0.116036157853958866E+01   -0.112939833670554424E+01
    0.766988593336680041E-01   -0.139410866907162472E+02    0.849622650162034976E+00    0.164871630532325208E+01    0.111072178247739895E-01    0.158089197850489271E+01   -0.264285991656468422E+01   -0.407099446363794193E-01   -0.327261153298900087E+01   -0.291993054562568521E+00   -0.463748422134593261E-01   -0.135618324278915958E+00   -0.710341477905294255E-01   -0.115626947803554225E+01   -0.115973288109474315E+01
    0.753467027380354537E-01   -0.140298862975349596E+02    0.857330354658300320E+00    0.163936205977955862E+01    0.111124267559305732E-01    0.157684252096035249E+01   -0.270589549957417352E+01   -0.125241928128348001E+00   -0.313524279152259489E+01    0.582465018329861584E-01    0.223142379502586814E-01   -0.209168641242910736E+00   -0.590267291363208227E-01   -0.116267648360715770E+01   -0.113748680896851373E+01
    0.772998374481163458E-01   -0.140031436418696256E+02    0.848434032165985452E+00    0.166641202970151636E+01    0.112043152672979471E-01    0.154072955206590301E+01   -0.274025787006610999E+01   -0.849199149016036797E-01   -0.437277558230494634E+01   -0.203143519378909176E+00    0.804874326063720336E-01   -0.107521850955086068E+00   -0.448736675829004977E-01   -0.115692969568292758E+01   -0.107627795660232928E+01
