    0.272185721345354938E-01   -0.228454876133251901E+02    0.869804931509762458E+00    0.195568261907235130E+01    0.650543021682112050E-02    0.110132546187565161E+01   -0.186190858067047937E+01   -0.147899425516796718E+00   -0.385139722983979826E+01   -0.159671507017549341E+00   -0.731425218722681764E-01   -0.144531727092418572E+00    0.805797797169196736E-02   -0.108937250860603840E+01   -0.576110400345142608E+02
    0.319312909194575528E-01   -0.225270218142409426E+02    0.857520247211152831E+00    0.194994165484069937E+01    0.669768840815064288E-02    0.107961609633294064E+01   -0.195928695311540113E+01   -0.154690894702986276E+00   -0.472324910104474593E+01   -0.887692784088465331E-01   -0.218338420762639665E-01   -0.830996127153653952E-01   -0.247115608758020112E-01   -0.110323224167889533E+01   -0.571622951515507722E+02
    0.319312909194575528E-01   -0.225270218142409426E+02    0.857520247211152831E+00    0.194994165484069937E+01    0.669768840815064288E-02    0.107961609633294064E+01   -0.195928695311540113E+01   -0.154690894702986276E+00   -0.472324910104474593E+01   -0.887692784088465331E-01   -0.218338420762639665E-01   -0.830996127153653952E-01   -0.247115608758020112E-01   -0.110323224167889533E+01   -0.571622951515507722E+02
    0.266919427804528445E-01   -0.224268190417938271E+02    0.838902604017476405E+00    0.196142207250897682E+01    0.679867155631225760E-02    0.116193568148066539E+01   -0.193808161791407385E+01   -0.175512874036188982E+00   -0.393443349960744282E+01   -0.194505546172007715E+00   -0.509898104051104487E-01   -0.125453271147357659E+00   -0.707678974055654386E-01   -0.110328532397208789E+01   -0.571047648046608316E+02
    0.278080551934966717E-01   -0.226515183710942409E+02    0.855478352816546272E+00    0.195684081810603083E+01    0.683011758578865730E-02    0.115616463631057265E+01   -0.164689238657223957E+01   -0.161074217869347808E+00   -0.623434932092527028E+01   -0.152016598281495829E+00   -0.734768577666009004E-01   -0.751925083128806016E-01   -0.796406874946505444E-01   -0.106111264161155194E+01   -0.570796410359054605E+02
    0.200147810864547797E-01   -0.234242086130259857E+02    0.944279002221126595E+00    0.195199975379289237E+01    0.693944542144054634E-02    0.114935454873571330E+01   -0.175881191797706515E+01   -0.164647941497234690E+00   -0.499240738958013974E+01   -0.261790513701022243E+00   -0.271932631254564322E-01   -0.948170475567870763E-01   -0.812920965594516876E-01   -0.111021499898561671E+01   -0.570783282485450627E+02
    0.200147810864547797E-01   -0.234242086130259857E+02    0.944279002221126595E+00    0.195199975379289237E+01    0.693944542144054634E-02    0.114935454873571330E+01   -0.175881191797706515E+01   -0.164647941497234690E+00   -0.499240738958013974E+01   -0.261790513701022243E+00   -0.271932631254564322E-01   -0.948170475567870763E-01   -0.812920965594516876E-01   -0.111021499898561671E+01   -0.570783282485450627E+02
    0.291821588778192233E-01   -0.226198470481308931E+02    0.841894922148864078E+00    0.194782009959444435E+01    0.670821890052342770E-02    0.111588141873230007E+01   -0.178826769880156333E+01   -0.160376857510892368E+00   -0.389890927934419063E+01   -0.271620366085098652E+00   -0.281488051115269949E-01   -0.109525708183177140E+00    0.192171900306535581E-03   -0.107862067219451241E+01   -0.570446850189059518E+02
    0.220525810698856649E-01   -0.231669227315839663E+02    0.819140836574602793E+00    0.195717442414751264E+01    0.701179892967140374E-02    0.112549638584796141E+01   -0.184606861762360652E+01   -0.165059368234704851E+00   -0.374401836585163661E+01   -0.182327064894722418E+00   -0.194542055236801292E-01   -0.653429083197215738E-01    0.377221277564443180E-01   -0.111446327462680816E+01   -0.569760015356102372E+02
    0.220525810698856649E-01   -0.231669227315839663E+02    0.819140836574602793E+00    0.195717442414751264E+01    0.701179892967140374E-02    0.112549638584796141E+01   -0.184606861762360652E+01   -0.165059368234704851E+00   -0.374401836585163661E+01   -0.182327064894722418E+00   -0.194542055236801292E-01   -0.653429083197215738E-01    0.377221277564443180E-01   -0.111446327462680816E+01   -0.569760015356102372E+02
    0.317293321953922916E-01   -0.235718299965908926E+02    0.845793835966026419E+00    0.195686801254804466E+01    0.675258607212792308E-02    0.114357082176560065E+01   -0.190467431414313504E+01   -0.173799569635133766E+00   -0.540467256296004273E+01   -0.206700267318779052E+00   -0.256638867428954087E-01   -0.109346594647858966E+00    0.759892789580008249E-01   -0.109882814617145264E+01   -0.569370552417083715E+02
    0.281160577760785624E-01   -0.231765645917286385E+02    0.935417250954431401E+00    0.194050607133670860E+01    0.713571605878098297E-02    0.111490320482013705E+01   -0.137524076464928724E+01   -0.168604761241335804E+00   -0.415131794292250333E+01   -0.182523582653347116E+00   -0.563157157392260646E-01   -0.979096757173734678E-01    0.129992822032115735E+00   -0.110164113685585718E+01   -0.569334862224272555E+02
    0.281160577760785624E-01   -0.231765645917286385E+02    0.935417250954431401E+00    0.194050607133670860E+01    0.713571605878098297E-02    0.111490320482013705E+01   -0.137524076464928724E+01   -0.168604761241335804E+00   -0.415131794292250333E+01   -0.182523582653347116E+00   -0.563157157392260646E-01   -0.979096757173734678E-01    0.129992822032115735E+00   -0.110164113685585718E+01   -0.569334862224272555E+02
    0.293373952120676608E-01   -0.228383938595515126E+02    0.872883873749972561E+00    0.195187818099319532E+01    0.675898563764068538E-02    0.116932655307294708E+01   -0.203627218516036379E+01   -0.163447087487335968E+00   -0.434586148006896700E+01   -0.161417603483628908E+00   -0.723896516137802898E-02   -0.134598256426916502E+00    0.826267172959378043E-03   -0.108011935662551184E+01   -0.569319201653390223E+02
    0.264596340213227588E-01   -0.221115665536686450E+02    0.904732269625026175E+00    0.195191942764562709E+01    0.673685215655449744E-02    0.114271013150413547E+01   -0.171763379391957849E+01   -0.174892354329600958E+00   -0.378391898027483098E+01   -0.163588267597480630E+00   -0.634933010167745560E-01   -0.126766853301112481E+00   -0.534450310749927382E-01   -0.108949120827163548E+01   -0.569147113298420422E+02
    0.181672123154216422E-01   -0.225217225756956374E+02    0.829880805599199634E+00    0.194491533211055412E+01    0.709064404226204294E-02    0.118354056445819111E+01   -0.169335483714570589E+01   -0.156852943693171737E+00   -0.432220940751098759E+01   -0.308599355985678503E+00   -0.643738234313206981E-01   -0.100311392493055790E+00    0.353604628243446226E-01   -0.108490544023044855E+01   -0.569132217011568713E+02
    0.226907598059560428E-01   -0.223418007478055074E+02    0.864210105033220488E+00    0.194143276584386171E+01    0.686511160327576888E-02    0.108956406953318363E+01   -0.182313429893269441E+01   -0.182216313630113841E+00   -0.730676033530097335E+01   -0.277621331546045291E+00   -0.527137100951707710E-01   -0.113292753177089187E+00    0.932161970797610456E-02   -0.107177991033478848E+01   -0.568715774235683824E+02
    0.261596538549456019E-01   -0.220576090950373214E+02    0.884431749277558632E+00    0.194655116110317916E+01    0.678261321362148666E-02    0.113346608347297217E+01   -0.181701546936499114E+01   -0.154842699151144819E+00   -0.594863593409794689E+01   -0.299480820177795537E+00   -0.462030468931593219E-01   -0.129480694906593724E+00    0.330131787119970765E-03   -0.107479620430934775E+01   -0.568575936231481833E+02
    0.261596538549456019E-01   -0.220576090950373214E+02    0.884431749277558632E+00    0.194655116110317916E+01    0.678261321362148666E-02    0.113346608347297217E+01   -0.181701546936499114E+01   -0.154842699151144819E+00   -0.594863593409794689E+01   -0.299480820177795537E+00   -0.462030468931593219E-01   -0.129480694906593724E+00    0.330131787119970765E-03   -0.107479620430934775E+01   -0.568575936231481833E+02
    0.203099949299526926E-01   -0.229195368463494660E+02    0.885091309277363125E+00    0.195588363936851373E+01    0.692360537354388440E-02    0.114156836833320585E+01   -0.189436336547773432E+01   -0.178000692835859869E+00   -0.627626924502342032E+01    0.384486388513893829E-02   -0.236312412881368693E-01   -0.105777595403247493E+00    0.362242224583284519E-01   -0.110451655903680379E+01   -0.568522754541007842E+02
    0.312743115964767907E-01   -0.224322765674610736E+02    0.923581166566409761E+00    0.195340381806987340E+01    0.682429651444047859E-02    0.114270502566444154E+01   -0.172663736695399339E+01   -0.169028423411539425E+00   -0.423531067159725172E+01   -0.258343275867471245E+00   -0.286165904225266880E-01   -0.106929331168202302E+00   -0.435666374271064943E-01   -0.108606303536294857E+01   -0.568517822637122165E+02
    0.207082024972344604E-01   -0.227493611568999796E+02    0.889815782177524106E+00    0.196499615423782115E+01    0.690566179591414406E-02    0.114808822562710455E+01   -0.181732267528465252E+01   -0.176718621944154580E+00   -0.393693083730901927E+01   -0.155164421705369565E+00   -0.635509468314081338E-03   -0.102104621358898320E+00   -0.224218854409304232E-01   -0.111859818570768899E+01   -0.568455423871913652E+02
    0.229763068934048520E-01   -0.224072227053676976E+02    0.883719078094640786E+00    0.195261656293601860E+01    0.657299804977152808E-02    0.113928160107745491E+01   -0.162405207831617227E+01   -0.151701628244902409E+00   -0.450431438613781676E+01   -0.168068387392957347E+00   -0.423285064357028923E-01   -0.122448483478616338E+00    0.139780706242763092E+00   -0.107446553336807904E+01   -0.568439313297002400E+02
    0.295314020261211313E-01   -0.226200486252509911E+02    0.865493363351386047E+00    0.194329441379923362E+01    0.685820128031566344E-02    0.114906788313569175E+01   -0.174071329718252521E+01   -0.170054604782840929E+00   -0.511648578103284457E+01   -0.266375651728703811E+00   -0.604458246783038944E-01   -0.145989766916045288E+00    0.288100373089991701E-01   -0.110788443589549157E+01   -0.568250488389515667E+02
    0.295314020261211313E-01   -0.226200486252509911E+02    0.865493363351386047E+00    0.194329441379923362E+01    0.685820128031566344E-02    0.114906788313569175E+01   -0.174071329718252521E+01   -0.170054604782840929E+00   -0.511648578103284457E+01   -0.266375651728703811E+00   -0.604458246783038944E-01   -0.145989766916045288E+00    0.288100373089991701E-01   -0.110788443589549157E+01   -0.568250488389515667E+02
    0.196952821864688002E-01   -0.235543909309565649E+02    0.948753832976168221E+00    0.196244397559022166E+01    0.678954286029055578E-02    0.108707179733835746E+01   -0.132402052586049401E+01   -0.174515589064760335E+00   -0.601974813609153703E+01   -0.188038619328675966E+00   -0.386871056993302251E-01   -0.121381839163886868E+00    0.281403051158248922E-01   -0.108173025610813855E+01   -0.568244563653823249E+02
    0.221607117075038051E-01   -0.232867417900259106E+02    0.911036320508829767E+00    0.195135211157833277E+01    0.689362172967055743E-02    0.113956350488775104E+01   -0.162399090278490288E+01   -0.187563370848678135E+00   -0.488656013647223819E+01   -0.179179548078209183E+00   -0.222304199513061254E-01   -0.160186967506364381E+00   -0.126997278224871224E+00   -0.109191291208694219E+01   -0.568210481436298593E+02
    0.250205046720618114E-01   -0.228232006027832846E+02    0.851155204852430125E+00    0.196012778788649511E+01    0.682689852024721475E-02    0.119302770740393882E+01   -0.162809716069207866E+01   -0.168988117092899404E+00   -0.384806121425379999E+01   -0.195782134579583489E+00   -0.265917173384874438E-01   -0.130591135383540918E+00    0.939493003673712301E-01   -0.109207484389501408E+01   -0.568209740776344105E+02
    0.250205046720618114E-01   -0.228232006027832846E+02    0.851155204852430125E+00    0.196012778788649511E+01    0.682689852024721475E-02    0.119302770740393882E+01   -0.162809716069207866E+01   -0.168988117092899404E+00   -0.384806121425379999E+01   -0.195782134579583489E+00   -0.265917173384874438E-01   -0.130591135383540918E+00    0.939493003673712301E-01   -0.109207484389501408E+01   -0.568209740776344105E+02
    0.232122062340845495E-01   -0.230889528184178978E+02    0.855091419151728482E+00    0.196483468577230980E+01    0.691914746815376971E-02    0.111131568542477210E+01   -0.181368481258966940E+01   -0.161126502089676521E+00   -0.452903530200312954E+01   -0.201222358297501153E+00   -0.573847917033817601E-01   -0.116582047285893400E+00   -0.443399119209363785E-01   -0.108709184387348090E+01   -0.568091792407518099E+02
    0.232122062340845495E-01   -0.230889528184178978E+02    0.855091419151728482E+00    0.196483468577230980E+01    0.691914746815376971E-02    0.111131568542477210E+01   -0.181368481258966940E+01   -0.161126502089676521E+00   -0.452903530200312954E+01   -0.201222358297501153E+00   -0.573847917033817601E-01   -0.116582047285893400E+00   -0.443399119209363785E-01   -0.108709184387348090E+01   -0.568091792407518099E+02
    0.247480435086250249E-01   -0.224560486620781994E+02    0.893889675653785076E+00    0.194391684948868382E+01    0.698384926422901398E-02    0.112743004184504714E+01   -0.195640173444082555E+01   -0.168078177995802269E+00   -0.459901489807006847E+01   -0.974154800290275430E-01   -0.301636690013080237E-01   -0.993478165286306725E-01   -0.940430186828671993E-01   -0.109522819644741798E+01   -0.568069045595582409E+02
    0.257809912170602722E-01   -0.222785304359610805E+02    0.869833325054798490E+00    0.195516799364852667E+01    0.671593394047394730E-02    0.113287031089581780E+01   -0.178664054918310211E+01   -0.177858358248795506E+00   -0.374184564866874547E+01   -0.230422598184977595E+00   -0.938960233804923133E-02   -0.141502626782127744E+00    0.319568085036530808E-01   -0.105267419351792357E+01   -0.568065212289116843E+02
    0.312194691049414060E-01   -0.225935714937472767E+02    0.889385047238618887E+00    0.194402538630016797E+01    0.673828634595109721E-02    0.108258455262328024E+01   -0.165738272160616029E+01   -0.150246514408049342E+00   -0.603351898166598666E+01   -0.218239479562787997E+00   -0.198102535597610013E-01   -0.127360618094839562E+00    0.208459137801284694E+00   -0.107554600050406357E+01   -0.568025798805528339E+02
    0.312194691049414060E-01   -0.225935714937472767E+02    0.889385047238618887E+00    0.194402538630016797E+01    0.673828634595109721E-02    0.108258455262328024E+01   -0.165738272160616029E+01   -0.150246514408049342E+00   -0.603351898166598666E+01   -0.218239479562787997E+00   -0.198102535597610013E-01   -0.127360618094839562E+00    0.208459137801284694E+00   -0.107554600050406357E+01   -0.568025798805528339E+02
    0.334855852090858788E-01   -0.236111864512507843E+02    0.938343797923527512E+00    0.196412050696809737E+01    0.678565644665902763E-02    0.113648415311129769E+01   -0.172820972658189276E+01   -0.159780750665929033E+00   -0.422385507190871845E+01   -0.401853831167618414E-01   -0.405516337064972254E-01   -0.108397235085758090E+00    0.471967767720807077E-01   -0.111091746686683024E+01   -0.567928677999707219E+02
    0.334855852090858788E-01   -0.236111864512507843E+02    0.938343797923527512E+00    0.196412050696809737E+01    0.678565644665902763E-02    0.113648415311129769E+01   -0.172820972658189276E+01   -0.159780750665929033E+00   -0.422385507190871845E+01   -0.401853831167618414E-01   -0.405516337064972254E-01   -0.108397235085758090E+00    0.471967767720807077E-01   -0.111091746686683024E+01   -0.567928677999707219E+02
    0.268723514555101566E-01   -0.231142066859990365E+02    0.886400791594371129E+00    0.195622429527144970E+01    0.692545053320471529E-02    0.118557183060155613E+01   -0.157293826775613033E+01   -0.164001671382505820E+00   -0.462280653255853746E+01   -0.283156258838145325E+00   -0.506253138339153863E-01   -0.125055467698075073E+00   -0.112331529172402141E-01   -0.107168012832896498E+01   -0.567912057629737816E+02
    0.300472806600836466E-01   -0.219564502076337860E+02    0.875879888701220022E+00    0.195208306074169879E+01    0.697773106367859282E-02    0.111900107383386116E+01   -0.176698283568384840E+01   -0.169980058557605979E+00   -0.278346719499537176E+01   -0.136314432155115628E+00   -0.521214328844974636E-01   -0.121535484046838227E+00    0.169662640169540233E-01   -0.109687327912712096E+01   -0.567874568802979667E+02
    0.300472806600836466E-01   -0.219564502076337860E+02    0.875879888701220022E+00    0.195208306074169879E+01    0.697773106367859282E-02    0.111900107383386116E+01   -0.176698283568384840E+01   -0.169980058557605979E+00   -0.278346719499537176E+01   -0.136314432155115628E+00   -0.521214328844974636E-01   -0.121535484046838227E+00    0.169662640169540233E-01   -0.109687327912712096E+01   -0.567874568802979667E+02
    0.213549001926708823E-01   -0.231825699041062343E+02    0.868398048893801344E+00    0.194332151018351951E+01    0.693052720804027481E-02    0.114954651419298393E+01   -0.165335157578341718E+01   -0.159450326794697589E+00   -0.417445727470738781E+01   -0.808111243761956421E-01   -0.412635290837331942E-01   -0.124218313961116752E+00   -0.357756821888850357E-01   -0.109882990776774769E+01   -0.567874051600652052E+02
    0.247100849450058724E-01   -0.221603148540379813E+02    0.869383283749482594E+00    0.195759415768163536E+01    0.679139475209894136E-02    0.114140660221316725E+01   -0.178616268651172794E+01   -0.161510876768849065E+00   -0.502733080665412935E+01   -0.263762592334766122E-01   -0.119916481986168180E-01   -0.112456371956919363E+00   -0.981376444722893010E-03   -0.111657106158032127E+01   -0.567862826751869889E+02
    0.236790328937377184E-01   -0.230926187569437609E+02    0.871325911092713623E+00    0.194430754532596706E+01    0.695273779701348956E-02    0.107724392281035675E+01   -0.176462397173697938E+01   -0.156804531707861544E+00   -0.429824996222058253E+01   -0.704426681435736668E-01   -0.490134207164589428E-01   -0.954022959892943945E-01    0.244540262631330121E-01   -0.109399269668219135E+01   -0.567861603405526196E+02
    0.258328410202012596E-01   -0.225510792196466063E+02    0.905760845984647345E+00    0.194686190896002542E+01    0.683472187129848842E-02    0.105215975606660517E+01   -0.165412304929557186E+01   -0.177167518049779593E+00   -0.472799014936307227E+01   -0.189037458915103790E+00   -0.549045697422668594E-01   -0.106941010514521137E+00   -0.189726680442131000E-01   -0.107138891177693307E+01   -0.567784606154209328E+02
    0.300772354058096228E-01   -0.227399666908550060E+02    0.916489810731924925E+00    0.195259603724155117E+01    0.706870751146269124E-02    0.117551654485756685E+01   -0.156944269636289491E+01   -0.166666325850292091E+00   -0.645437710412949350E+01   -0.357627445615318895E-01   -0.515539967803177734E-01   -0.100003806879000540E+00    0.536848421055975827E-01   -0.106863836504702414E+01   -0.567776349307744468E+02
    0.300772354058096228E-01   -0.227399666908550060E+02    0.916489810731924925E+00    0.195259603724155117E+01    0.706870751146269124E-02    0.117551654485756685E+01   -0.156944269636289491E+01   -0.166666325850292091E+00   -0.645437710412949350E+01   -0.357627445615318895E-01   -0.515539967803177734E-01   -0.100003806879000540E+00    0.536848421055975827E-01   -0.106863836504702414E+01   -0.567776349307744468E+02
    0.264971004754340107E-01   -0.229271211341575629E+02    0.881356894482972941E+00    0.195150012409497609E+01    0.672519919371085493E-02    0.112022193226798517E+01   -0.177025254745256855E+01   -0.168466576781487659E+00   -0.417621207892802015E+01   -0.714636058759026555E-01   -0.452968287333434250E-01   -0.109858339319974699E+00   -0.205870194692548518E-01   -0.110557220681182100E+01   -0.567731916039440989E+02
    0.235785520880024066E-01   -0.228255646467537048E+02    0.891715395676740741E+00    0.194727413364677315E+01    0.687225741258485397E-02    0.118990243695233877E+01   -0.159512113966749625E+01   -0.170137511837168548E+00   -0.585556419813104867E+01   -0.104087853708838635E+00   -0.226398979186119426E-01   -0.158964027430102489E+00   -0.658485526447372543E-01   -0.108873993012148862E+01   -0.567699735027238788E+02
    0.253081272187754176E-01   -0.241407653425607904E+02    0.902057553086300312E+00    0.194123378521231604E+01    0.682201586030488014E-02    0.110694047111320981E+01   -0.178358123294582427E+01   -0.170077563303155543E+00   -0.464787733727560148E+01   -0.140561538274392300E+00   -0.308498731934356424E-01   -0.100457276765345965E+00    0.115966900663726155E+00   -0.107299515904064791E+01   -0.567532395260241174E+02
    0.257756390677443686E-01   -0.233539677176994509E+02    0.864268808842909353E+00    0.195063780521242114E+01    0.662879591012750010E-02    0.111634700480952209E+01   -0.167743396310857174E+01   -0.167284035359261896E+00   -0.419910472123146938E+01   -0.141869751520217718E+00   -0.244465611033909541E-01   -0.143710845627969652E+00    0.821494377523624142E-01   -0.109827195029692737E+01   -0.567484805089572220E+02
    0.266244212069256976E-01   -0.232614435235048624E+02    0.910245087918094664E+00    0.196060871063734243E+01    0.688978131919601791E-02    0.111933781645049102E+01   -0.163936014590403256E+01   -0.189055344031700379E+00   -0.314142900762755106E+01   -0.115568568056450605E+00    0.713824752098994597E-02   -0.101767395148344847E+00    0.805669487629515069E-02   -0.109625087641703023E+01   -0.567469113417079143E+02
    0.248444765507383064E-01   -0.230698956726258366E+02    0.901133094315642591E+00    0.195459899766043232E+01    0.685385347792551256E-02    0.113297705730037235E+01   -0.180297613539771273E+01   -0.169099889535269859E+00   -0.463385532554920321E+01   -0.374617608650363532E+00   -0.503842368390375744E-01   -0.133289260022749600E+00   -0.660247622907127740E-01   -0.109720583500621416E+01   -0.567439947745541673E+02
    0.196371862807457817E-01   -0.233447974190311101E+02    0.888618351707191501E+00    0.196093188969117516E+01    0.693186422961016013E-02    0.110850350532527808E+01   -0.191134021293975609E+01   -0.156823240296569522E+00   -0.363611008760523458E+01   -0.453774215038542095E-01   -0.532793222145602555E-01   -0.110666299947147911E+00    0.268443392785017027E-01   -0.107120725908473102E+01   -0.567407764351947534E+02
    0.257387327197422904E-01   -0.224012418243337308E+02    0.877822366970400725E+00    0.194980721160881743E+01    0.710837654769450392E-02    0.113381792581798813E+01   -0.159591009450518406E+01   -0.177071846359378032E+00   -0.315062329256655138E+01   -0.227021737795201906E+00   -0.753244729267396954E-02   -0.101169689445377173E+00    0.406214397190636581E-01   -0.107130322290966928E+01   -0.567398445312718565E+02
    0.195192126006981416E-01   -0.225943031415931976E+02    0.911696179702851550E+00    0.195079935698015317E+01    0.686426860370259982E-02    0.111452020133919394E+01   -0.181420979185682185E+01   -0.175351903416014171E+00   -0.441431240022747229E+01   -0.148080461857754975E+00   -0.287858838192547734E-01   -0.939839398649977564E-01    0.631972356971660099E-01   -0.109828886602194875E+01   -0.567326503666995450E+02
    0.196423154848309502E-01   -0.234616007625150722E+02    0.889315047473071996E+00    0.196314008925159800E+01    0.667757507760670561E-02    0.108945897018924609E+01   -0.158483530613456991E+01   -0.157100431891486925E+00   -0.577977570697257637E+01   -0.127455784960972152E+00   -0.330141710611116176E-01   -0.159269482726713485E+00    0.118635150396689537E-01   -0.108908312704769727E+01   -0.567310528528904072E+02
    0.163403038065714906E-01   -0.223397634666474261E+02    0.856128718740070238E+00    0.195720312684144493E+01    0.699732673319660402E-02    0.109795564073731078E+01   -0.180671841855138782E+01   -0.165859803436071929E+00   -0.396259188623679215E+01   -0.513426119747865117E-01   -0.358334927587198315E-01   -0.118947407368600627E+00    0.384306246945171071E-01   -0.106986638969670311E+01   -0.567294507849930270E+02
    0.243546949624881340E-01   -0.232301027367225998E+02    0.854625056234250446E+00    0.195489134606134818E+01    0.678054688506492340E-02    0.111087332498641600E+01   -0.164247555502844755E+01   -0.160640446070631160E+00   -0.461274171354980833E+01   -0.988570635616476123E-01   -0.190097241905355964E-01   -0.783489402656867284E-01   -0.475660041175155271E-02   -0.113530093722463565E+01   -0.567254666666277672E+02
    0.283826597935772432E-01   -0.229789959167400895E+02    0.885299273267777243E+00    0.196162987842589676E+01    0.681468725251183766E-02    0.111393886529233832E+01   -0.174209685118173296E+01   -0.180926868071166452E+00   -0.356011447957372429E+01   -0.193194514633769132E+00   -0.129935064459425972E-01   -0.169206384018396105E+00    0.594864794243258055E-01   -0.108872907487831694E+01   -0.567222583354981040E+02
    0.269506758823859771E-01   -0.222093366203522216E+02    0.869860901920681995E+00    0.194539971952940394E+01    0.690164998778767039E-02    0.114437975493862032E+01   -0.167376662961681855E+01   -0.185996135777067639E+00   -0.426626346092630016E+01   -0.220026134446463184E+00   -0.167498476855246527E-01   -0.992093045038360544E-01    0.987422403286488254E-01   -0.108496804518270928E+01   -0.567216872301455766E+02
    0.281246233843954474E-01   -0.231887784688942311E+02    0.891305872429240198E+00    0.195071940760165319E+01    0.679688691453147076E-02    0.110492357799934293E+01   -0.209847837792170644E+01   -0.164949622656610645E+00   -0.417875363060417460E+01   -0.846055833995561501E-01   -0.423502793936547245E-01   -0.106934511092550422E+00   -0.365958839646019288E-02   -0.106713306244641171E+01   -0.567210419180289591E+02
    0.217927610897748932E-01   -0.231464914952454421E+02    0.901893501098611883E+00    0.195206376575534435E+01    0.697486818481679073E-02    0.116978765578608934E+01   -0.161257104214140612E+01   -0.176987955669086039E+00   -0.197529405280304626E+01   -0.172135736584138471E+00   -0.495465926082506725E-01   -0.104537776837778290E+00    0.812923388135964459E-01   -0.109874104146482598E+01   -0.567189114460220338E+02
    0.271981137119901503E-01   -0.220390800457068359E+02    0.899372886975313923E+00    0.195033342801593590E+01    0.673565653081623604E-02    0.114451397389006204E+01   -0.177656841396548404E+01   -0.167674794479060335E+00   -0.518360679723830575E+01   -0.153562701085364822E+00   -0.179540042248479935E-01   -0.923173717930388243E-01    0.121118142639519977E+00   -0.112308003313906690E+01   -0.567165171084873236E+02
    0.266260855578891731E-01   -0.227238230969180002E+02    0.903130248041439598E+00    0.194494071488573006E+01    0.688742173061533680E-02    0.110611969140033817E+01   -0.162858314192982645E+01   -0.179898608461216303E+00   -0.398481584440117143E+01   -0.319362046789268383E+00   -0.165984677322624542E-01   -0.878336266839976620E-01    0.472668040406202389E-01   -0.109672421826334388E+01   -0.567126694519404921E+02
    0.225719433248297088E-01   -0.230033782126278439E+02    0.882510099969999295E+00    0.195013498593235846E+01    0.688742501736442584E-02    0.114290414284047714E+01   -0.162594947860090588E+01   -0.160622232484902316E+00   -0.293284627937132347E+01   -0.136495025667355913E+00   -0.150987338536990590E-01   -0.155006774415840765E+00    0.436604734230078215E-01   -0.109408872124328327E+01   -0.566999222025389074E+02
    0.247938652742111625E-01   -0.236546689198413134E+02    0.866149949051321588E+00    0.195365271727565504E+01    0.683258872302040018E-02    0.113866054727336641E+01   -0.174760889188140878E+01   -0.186131439202700366E+00   -0.539540828978236942E+01   -0.128517743817370328E+00   -0.216081221563452185E-01   -0.127403754379098011E+00    0.612536975224831637E-01   -0.107016502285564186E+01   -0.566993163970413221E+02
    0.214718899618932743E-01   -0.230125373828581381E+02    0.860192240226349325E+00    0.195043272630903486E+01    0.685500703455139710E-02    0.111790659470956011E+01   -0.143628384378437213E+01   -0.157445221562160981E+00   -0.412172321002542397E+01   -0.909002028748492896E-01   -0.265678822331667126E-01   -0.954373638974630734E-01   -0.363063919637549026E-01   -0.110116923706040848E+01   -0.566920185718206682E+02
    0.252660167443771351E-01   -0.230256605213782066E+02    0.922342299436029300E+00    0.196389992244562084E+01    0.690721686822494841E-02    0.112181601299849709E+01   -0.186191144189090663E+01   -0.170405105949316876E+00   -0.530905298491700250E+01   -0.345965222526681937E+00   -0.545055998472899345E-01   -0.913886583349601267E-01    0.125119405890211810E+00   -0.109327706046204831E+01   -0.566900791128300270E+02
    0.274311196437713144E-01   -0.227397013758522135E+02    0.867782353718333788E+00    0.194814552093652238E+01    0.680220192708995940E-02    0.112998075140631693E+01   -0.190416712249141384E+01   -0.176541494823360123E+00   -0.494888488446764274E+01   -0.189632720365377955E+00    0.222395404133422792E-02   -0.126483095062910889E+00    0.253038091103294921E-01   -0.107603121803808111E+01   -0.566878364438791564E+02
    0.248387781765282041E-01   -0.233190672954178488E+02    0.931665369787028297E+00    0.194605994678553129E+01    0.687861784217525148E-02    0.116262160507704371E+01   -0.183576959175517684E+01   -0.165196878654362334E+00   -0.674874500194836813E+01   -0.329021631017947791E+00   -0.145315727570974537E-01   -0.107054853300103253E+00    0.199791910940509652E-01   -0.110702628645289480E+01   -0.566875031443002086E+02
    0.305651327187176011E-01   -0.221301843469877362E+02    0.903731448804124593E+00    0.195740841583319614E+01    0.702403886139243115E-02    0.114763822565430385E+01   -0.191248078148660383E+01   -0.173215354646124586E+00   -0.397747309325622522E+01   -0.159208039790391331E+00   -0.146494931088579569E-01   -0.132018643488935716E+00    0.728265625263509186E-01   -0.112570206164480036E+01   -0.566851864799150107E+02
    0.229128723612287075E-01   -0.236171424500862877E+02    0.916394414604024043E+00    0.194430272366415502E+01    0.680778245047875940E-02    0.110755257141079300E+01   -0.157001293283262400E+01   -0.156652053218727244E+00   -0.570168682525188686E+01   -0.980406073190842609E-01    0.322756309337987601E-02   -0.122390149040827900E+00   -0.309759544676410196E-01   -0.107753112926756001E+01   -0.566846703653643402E+02
    0.280508038002620225E-01   -0.227657617826803786E+02    0.903694813927627405E+00    0.195793619430231369E+01    0.678906689835817850E-02    0.113343159593186593E+01   -0.198140520039784152E+01   -0.178609236696138818E+00   -0.509084196118254528E+01   -0.620717027574660407E-01   -0.509358705062326472E-01   -0.991168070282776731E-01    0.131500972057619847E+00   -0.109952505814690382E+01   -0.566846357468315816E+02
    0.237213774783074718E-01   -0.227613295984658137E+02    0.867157166761744147E+00    0.194896079612452255E+01    0.695464692157977439E-02    0.114326082887557146E+01   -0.176382730019210765E+01   -0.173896309685452916E+00   -0.689118647290942299E+01   -0.297615220731170194E+00   -0.456663462863766967E-02   -0.139383286480056490E+00    0.119169657608999072E-02   -0.109944990220361238E+01   -0.566824313881631809E+02
    0.261857371809213965E-01   -0.230870213505115736E+02    0.916753582642269693E+00    0.195728015970276292E+01    0.694684678193180360E-02    0.112760473630965530E+01   -0.174946165729214487E+01   -0.149788416091989618E+00   -0.506938330926096281E+01   -0.825282027267978946E-02   -0.499755077120865865E-01   -0.104728079817053787E+00    0.286943715299700745E-01   -0.109734426536628082E+01   -0.566791642958176993E+02
    0.240074386158370748E-01   -0.231061883010994400E+02    0.902399103627547716E+00    0.194228151609606670E+01    0.681183366492302007E-02    0.114629275134095465E+01   -0.187866094960094676E+01   -0.177769476149086947E+00   -0.465706020116601671E+01   -0.183472780374795641E+00   -0.975086320508481916E-02   -0.124366776072428256E+00   -0.575063756502822571E-01   -0.109265185087720829E+01   -0.566751685241759873E+02
    0.238797592684649382E-01   -0.232848207744079652E+02    0.917445894939276974E+00    0.194383590695951436E+01    0.685111750186227515E-02    0.114613255622097743E+01   -0.159635199624236579E+01   -0.146061996770173813E+00   -0.554796949667653916E+01    0.305218130487395767E-01   -0.394353058144409491E-01   -0.118536592381115288E+00    0.109440388088437757E+00   -0.110899625242726607E+01   -0.565704818137180467E+02
    0.212796195401935111E-01   -0.231573441410600900E+02    0.895073978090841327E+00    0.195214125372855984E+01    0.689607279315418865E-02    0.108930380300157914E+01   -0.210511064845113882E+01   -0.163576094861341614E+00   -0.498673735466232149E+01   -0.191433721065223522E+00   -0.380471319445825212E-01   -0.132001628869671039E+00    0.850753675873056753E-01   -0.109151716293347389E+01   -0.566042228561345411E+02
    0.287445696441961350E-01   -0.231814589897295917E+02    0.894113624562633769E+00    0.194849196180450024E+01    0.693599734117473013E-02    0.112578152252382679E+01   -0.178105896290124632E+01   -0.157787295733335359E+00   -0.591750667004420450E+01   -0.127102379984163349E-01   -0.121732794750834573E-01   -0.123169438929411831E+00    0.134686202947710582E+00   -0.106445637463344900E+01   -0.565337353659772859E+02
    0.220735682334817496E-01   -0.235712135331181294E+02    0.877521838137190868E+00    0.194697882201771466E+01    0.680548511994330963E-02    0.113158297352873505E+01   -0.166380155818075215E+01   -0.164476770118100191E+00   -0.592818646857369203E+01   -0.189679048756323576E+00   -0.244743959672624120E-01   -0.149289553109891643E+00    0.529948304632043565E-01   -0.108574426579376704E+01   -0.565965561163169966E+02
    0.210891370693156235E-01   -0.227824805906843828E+02    0.872347079270723635E+00    0.194654738877092748E+01    0.674627573351742511E-02    0.115628375612949186E+01   -0.167604025580120486E+01   -0.162746549059637230E+00   -0.422407809509892029E+01   -0.125513316452593726E-01   -0.280864311672571199E-02   -0.961816051665878996E-01    0.492153720226451846E-01   -0.110929134793145723E+01   -0.565534487943111799E+02
    0.224372826354044506E-01   -0.235623255668662139E+02    0.888138264237632202E+00    0.193649700477872466E+01    0.675481579662538193E-02    0.111733077455424690E+01   -0.163321856347210481E+01   -0.180077633240534496E+00   -0.481577053730273619E+01   -0.111198795132567432E+00   -0.197515511841136818E-01   -0.145828991929437518E+00    0.772239010021682076E-01   -0.110673799678627827E+01   -0.566679507449071380E+02
    0.245295215557407124E-01   -0.223141476455974228E+02    0.884588350237444532E+00    0.193991014796397998E+01    0.660742770122266492E-02    0.115047594292048494E+01   -0.163051529363089820E+01   -0.164347983842472789E+00   -0.424406267529845938E+01   -0.513664892229134668E-01   -0.396780893474349278E-01   -0.111377296657369201E+00    0.177532804148587575E+00   -0.108040066116363165E+01   -0.565729445499892023E+02
    0.230001643211161198E-01   -0.228934429572670695E+02    0.929769636985974701E+00    0.195304314080082242E+01    0.690472605184560585E-02    0.111584628000385400E+01   -0.159986828596216246E+01   -0.170030038679016782E+00   -0.371188745990191649E+01   -0.602225972371476653E-01   -0.603187707394150369E-02   -0.122759814274275111E+00    0.820269371114278750E-01   -0.108814045524584491E+01   -0.565739399772640255E+02
    0.209969018570283737E-01   -0.217635897178859423E+02    0.904044506776311096E+00    0.195044265738448241E+01    0.688453130869089418E-02    0.113599404275730675E+01   -0.193910817129638846E+01   -0.180127563709953420E+00   -0.403396079293288778E+01   -0.136268142845128393E+00   -0.420461711484076753E-01   -0.168719733206809525E+00    0.301791167171318042E-01   -0.110375691423520106E+01   -0.566684870649296855E+02
    0.289891564434912527E-01   -0.231355956656246704E+02    0.908931416615586518E+00    0.194612999083363181E+01    0.703306722192587226E-02    0.113332725845287063E+01   -0.161112057131744946E+01   -0.169454130624941579E+00   -0.354698015608609785E+01   -0.134338401097605448E+00   -0.359725117770223479E-01   -0.119105995166781900E+00    0.584951042858078835E-01   -0.106855300511617912E+01   -0.566576931096815244E+02
    0.177723581474928116E-01   -0.223679919768332240E+02    0.912864738892502414E+00    0.194649152845457141E+01    0.668369381388138686E-02    0.116510514967150014E+01   -0.176695505680316134E+01   -0.158497742055661084E+00   -0.409665131761228896E+01   -0.168723799963202747E+00   -0.601249742391368747E-02   -0.935335758843879039E-01    0.421903300654100921E-01   -0.109835915709564280E+01   -0.566212056293949644E+02
    0.230716174628714868E-01   -0.227015627981642503E+02    0.888527780294121383E+00    0.194707470903174240E+01    0.676449168179536157E-02    0.108326814891926948E+01   -0.162954017245848592E+01   -0.163599362777569479E+00   -0.514378166511501256E+01   -0.178401182102991024E+00   -0.590665459797261524E-01   -0.130268487605292888E+00    0.502629978915355435E-01   -0.109580577335708496E+01   -0.566550473264457963E+02
    0.270449649264996317E-01   -0.228687888924422680E+02    0.923021617696385355E+00    0.194800860603736359E+01    0.687559091799518074E-02    0.115049216231501195E+01   -0.163404501180486594E+01   -0.166732910120877736E+00   -0.380652339846463672E+01   -0.429093694735843911E+00   -0.146750052924718676E-01   -0.116488917767843883E+00    0.923304153195689536E-01   -0.108146001353161525E+01   -0.565427576392137468E+02
    0.247494186437657408E-01   -0.226687974156220839E+02    0.931471896877548278E+00    0.194375454883903176E+01    0.680982923833670269E-02    0.110602755748813331E+01   -0.154503650090916556E+01   -0.153190876727320541E+00   -0.418496141761611717E+01   -0.219685422028955885E+00   -0.414928883478341282E-01   -0.995066377508686400E-01    0.131218202690946362E+00   -0.109310341414353562E+01   -0.565062642972909330E+02
    0.261193249089877420E-01   -0.228729373047984872E+02    0.944188759836646407E+00    0.194592530985081336E+01    0.677976350165633047E-02    0.111044357750274147E+01   -0.186373573449786223E+01   -0.165787482613979409E+00   -0.360730411256881522E+01   -0.138334569447330857E+00   -0.454831156745597320E-01   -0.146012935581449205E+00    0.112405000353203180E+00   -0.111797437293423485E+01   -0.566093042414342236E+02
    0.236440566693183821E-01   -0.226655686609799467E+02    0.903414061080938691E+00    0.195173810006698600E+01    0.679019397854618758E-02    0.112954501677619645E+01   -0.167458833794523909E+01   -0.170624376271336031E+00   -0.334059402604501798E+01   -0.867906315475229923E-01   -0.186439566801107001E-01   -0.121697560161809479E+00    0.162553429772159981E-01   -0.110182409163698480E+01   -0.565997232280557583E+02
    0.237174853685063851E-01   -0.222160130023834874E+02    0.882783442139405405E+00    0.194676411057215604E+01    0.679385076230382655E-02    0.109495123546150808E+01   -0.182989423042662436E+01   -0.160165294105593686E+00   -0.441270669035992658E+01   -0.201694400667706553E+00   -0.681976174614828956E-02   -0.101167901350676714E+00    0.160873849873576696E+00   -0.109838970235972844E+01   -0.564830663551397976E+02
    0.279310355073999622E-01   -0.234888115431226154E+02    0.913617689480308193E+00    0.194780570031147948E+01    0.691028778934337125E-02    0.113639559521796940E+01   -0.147211744343183160E+01   -0.171746747236995734E+00   -0.321270035110956442E+01   -0.240552561397312181E+00   -0.155429193955666303E-01   -0.121536517504499300E+00    0.985185114670971418E-01   -0.109425727916076410E+01   -0.565332341417710680E+02
    0.240206124542022628E-01   -0.232005595608349857E+02    0.897822040113181785E+00    0.195229851845248947E+01    0.684040512006916721E-02    0.108609564477604570E+01   -0.170454373273193927E+01   -0.172932205322681470E+00   -0.325238650134368967E+01   -0.189566207862690850E+00   -0.373817737692954469E-01   -0.139514884921778021E+00    0.257732239661411580E-01   -0.110844384854120492E+01   -0.566218096338738093E+02
    0.228728503612643345E-01   -0.230177139152820160E+02    0.885371287697615528E+00    0.194836070842462949E+01    0.675372149782691843E-02    0.112987087855884827E+01   -0.163150843552731750E+01   -0.171433886699156157E+00   -0.381414737603078047E+01   -0.890796129193599656E-01   -0.511213273098499732E-01   -0.147524179902274233E+00    0.179559579530480587E-01   -0.111793508096192262E+01   -0.566574641684132629E+02
    0.223501245914089521E-01   -0.237105680191131682E+02    0.881875404796948481E+00    0.196204336479783303E+01    0.678783777625635316E-02    0.112579026981348829E+01   -0.187012973866370125E+01   -0.166645092047003063E+00   -0.522729063525170545E+01   -0.110893618390936505E+00   -0.532470523838509402E-01   -0.127942600101631804E+00    0.104260894498663576E+00   -0.108617741234816045E+01   -0.565683680327558349E+02
    0.267941301255438247E-01   -0.227473247252464930E+02    0.900866940772152791E+00    0.195291615004951713E+01    0.675042431929925423E-02    0.115789272930190879E+01   -0.164264801923480741E+01   -0.173559331220117047E+00   -0.349587398201120259E+01   -0.112508512245323600E+00   -0.522561702904437639E-01   -0.141151481391078831E+00    0.124999671510856877E+00   -0.107723009123584079E+01   -0.566400787136472630E+02
    0.260279135799140818E-01   -0.230049678279931484E+02    0.884757174176356687E+00    0.195735806481179453E+01    0.690745190110040458E-02    0.111281003501744147E+01   -0.183967051872095810E+01   -0.159293593370266995E+00   -0.489544413662780276E+01   -0.112037887138205144E+00   -0.500645037854322711E-01   -0.130442126288039001E+00    0.108335470321168137E+00   -0.107753875177330083E+01   -0.565835652483955940E+02
    0.256376882725652608E-01   -0.232983089997164399E+02    0.858592550139135158E+00    0.195480433797419506E+01    0.682236696395005851E-02    0.112604850898464637E+01   -0.158277729802802436E+01   -0.158028644658146311E+00   -0.598695314156776348E+01   -0.141715493636712292E+00   -0.168820649019038940E-01   -0.842873887194851290E-01    0.710744290089611597E-01   -0.109421615122571181E+01   -0.566579722031330633E+02
    0.203800693673895569E-01   -0.238643847379847109E+02    0.910654183210504176E+00    0.195298280249403056E+01    0.676158913047753690E-02    0.113172076139175681E+01   -0.159432666574956849E+01   -0.174454970387826619E+00   -0.422939420426136614E+01   -0.129769537227112541E+00   -0.584794919135468716E-01   -0.138025368459865294E+00    0.182983264165365311E+00   -0.108420140911993479E+01   -0.564638762422344911E+02
    0.292496065966661896E-01   -0.223224484938994401E+02    0.893768065155678526E+00    0.195360482498048915E+01    0.688078257330366864E-02    0.110879305883448831E+01   -0.174819853327366892E+01   -0.162294016397260266E+00   -0.235749829257229848E+01   -0.686957049181136370E-01   -0.369816864839738121E-01   -0.866912385807175750E-01    0.166010147760940308E+00   -0.107223728188289669E+01   -0.565508761773247812E+02
    0.284981373883836514E-01   -0.225151739424832726E+02    0.885349735918320224E+00    0.195392077846347578E+01    0.692588310187945352E-02    0.110695887196437459E+01   -0.192554092997963155E+01   -0.165599671451002461E+00   -0.377912965204972284E+01   -0.563970753314463613E-01   -0.449184402891587703E-01   -0.967524293390041590E-01    0.806542819744184292E-01   -0.109548668622925871E+01   -0.566245853015527842E+02
    0.257068913447167854E-01   -0.229702399155814909E+02    0.876389702853887842E+00    0.195231360812059584E+01    0.677901871139756536E-02    0.113598922959841842E+01   -0.164949035649744213E+01   -0.174950915633645870E+00   -0.509830872729336715E+01   -0.608088082009290848E-01   -0.244584850365350270E-01   -0.935305203231142773E-01    0.110629212410811084E+00   -0.107652591749584547E+01   -0.566432622081530823E+02
