    0.125758626427251580E+00   -0.236056669949222560E+02    0.138071257663882729E+01    0.213839888816516677E+01    0.615985696875162667E-02    0.217971923327595229E+01   -0.170169419431022217E+01   -0.245654585490214517E+00    0.124996917701175325E+00    0.174452848779646091E+00   -0.271079079054636768E-01   -0.171218305521971370E+00    0.720525946339745649E-01   -0.106805283115493288E+01   -0.109750330297961574E+01   -0.391195633965034517E+01    1
    0.136960739281728722E+00   -0.245862973219305552E+02    0.136138420111703762E+01    0.229776795129168798E+01    0.594562995568932284E-02    0.187068626573661856E+01   -0.169206138185926802E+01   -0.234590899093233496E+00   -0.184797822989506477E+00    0.162402673414727972E+00   -0.398044970819788832E-01   -0.214845309533063661E+00   -0.113118835681599167E-03   -0.106076708771508632E+01   -0.104106431645830910E+01   -0.393195633965034208E+01    1
    0.138219805635371007E+00   -0.253342293548524964E+02    0.137556012224247315E+01    0.241981291794210085E+01    0.596457062878221443E-02    0.205897278548943419E+01   -0.182740678366951426E+01   -0.252147868859398105E+00   -0.685074670193014601E+00    0.200506047491920858E+00   -0.501269273787958991E-01   -0.165520621812340230E+00   -0.584375826389171918E-01   -0.106873916608527941E+01   -0.101218264411463355E+01   -0.395195633965034165E+01    1
    0.122413540453745973E+00   -0.239986352552780424E+02    0.135445805208510128E+01    0.233839897945297048E+01    0.597015940844098075E-02    0.199187197005568617E+01   -0.171373792411626713E+01   -0.240688111679179806E+00   -0.836736607382084108E+00    0.208491595594594015E+00   -0.266451479124039589E-01   -0.173562820990548594E+00    0.252820946094259175E-01   -0.106999241454826399E+01   -0.994294832457472411E+00   -0.397195633965034300E+01    1
    0.126161084713926064E+00   -0.247872509308341371E+02    0.138875830746611939E+01    0.231384358098458387E+01    0.568813293113926491E-02    0.210788641991723669E+01   -0.183799514313571200E+01   -0.247071448269084504E+00    0.323335648778204809E+00    0.159663231531490341E+00   -0.691999283021825368E-01   -0.161763857455500926E+00    0.123740615200029325E+00   -0.106798518271505616E+01   -0.975164750772778199E+00   -0.399195633965034391E+01    1
    0.134097350512404900E+00   -0.231483630199414563E+02    0.134782737246074902E+01    0.242925193797915595E+01    0.617921038326986298E-02    0.209625654941969453E+01   -0.176708357083416101E+01   -0.247532085286681053E+00    0.406604567888674773E+00    0.173554399535020304E+00   -0.475806316623139172E-01   -0.144314508721862800E+00   -0.312261084079304696E-01   -0.105841574101852198E+01   -0.963899885837698922E+00   -0.401195633965034215E+01    1
    0.123882685662070738E+00   -0.243617775195609703E+02    0.137196172460960164E+01    0.242912139064268207E+01    0.598171053840760008E-02    0.202868674425131346E+01   -0.164033254833705944E+01   -0.244693894121929129E+00   -0.511384941181558639E+00    0.154027742923866784E+00   -0.193271313051681000E-01   -0.201964011635219765E+00   -0.271660568368185806E-02   -0.106515279648388517E+01   -0.926028579653562334E+00   -0.403195633965034173E+01    1
    0.137085004400183175E+00   -0.234592739206242058E+02    0.133074629713458603E+01    0.248304771849616790E+01    0.600790245762924859E-02    0.198693401525706781E+01   -0.161958165920259112E+01   -0.247981918499928428E+00   -0.146537342793606840E+01    0.152195605205678902E+00    0.195051207000745061E-01   -0.216247736125999485E+00   -0.221923558531162551E-01   -0.105465065030420635E+01   -0.922451331610979475E+00   -0.405195633965034396E+01    1
    0.127845838836436881E+00   -0.245099895761319395E+02    0.136909864344472720E+01    0.246484309152906667E+01    0.600625252110551303E-02    0.207120451788364646E+01   -0.181968064195097035E+01   -0.244820176063259287E+00   -0.115094046066761058E+01    0.173200672292919966E+00   -0.339523983720476513E-02   -0.185663763197060017E+00    0.226898055897298660E-01   -0.105684273836690967E+01   -0.921086362205736586E+00   -0.407195633965034443E+01    1
    0.129263523712489586E+00   -0.226223928607386853E+02    0.136907376202217468E+01    0.224683286878033828E+01    0.612140374026276610E-02    0.202942565871130354E+01   -0.172119661795991163E+01   -0.243768752953477552E+00   -0.142511592271057308E+00    0.152582207860903263E+00   -0.395617663284381985E-01   -0.192642886029059018E+00    0.662312073928858769E-01   -0.106666319923869901E+01   -0.918123481909264627E+00   -0.409195633965034400E+01    1
    0.127945926338129790E+00   -0.245417159563884546E+02    0.135025349206038858E+01    0.235869622179980221E+01    0.587652584355006623E-02    0.207727593210248163E+01   -0.160989413535390180E+01   -0.253907045360286188E+00    0.473755373709318361E+00    0.144014398458459952E+00   -0.153245462370465158E-01   -0.237679171744879320E+00   -0.959864171252153286E-01   -0.105784347642716936E+01   -0.915644387058430098E+00   -0.411195633965034357E+01    1
    0.140760368242052486E+00   -0.247194010419377648E+02    0.136399392666483599E+01    0.244408847647507743E+01    0.624230833256966041E-02    0.199079598846979389E+01   -0.171394159048730410E+01   -0.239532658932194498E+00   -0.701302543193329964E+00    0.159457322063221635E+00   -0.485200860892604710E-01   -0.174993513035406223E+00   -0.750557642872340391E-02   -0.106809413810351406E+01   -0.915569230544901691E+00   -0.413195633965034226E+01    1
    0.129101979886207557E+00   -0.219978522222745383E+02    0.136002694597648488E+01    0.207884371753069175E+01    0.564360603415258941E-02    0.209671129024081093E+01   -0.171840279578873467E+01   -0.247517064025570471E+00   -0.472931236145010536E-01    0.154095730598591385E+00   -0.612539728719928775E-01   -0.162150721522859809E+00    0.182328900871233740E+00   -0.105667198305916621E+01   -0.914901431763865736E+00   -0.415195633965034450E+01    1
    0.135021895914392398E+00   -0.251366629867540361E+02    0.133766882899206929E+01    0.242004645347100622E+01    0.596961774894918563E-02    0.199308466751334623E+01   -0.175210583795868224E+01   -0.255092082092868211E+00    0.441212988889016111E+00    0.153233860240690634E+00   -0.143175959866162390E-01   -0.144798484277280426E+00    0.106446659254379756E-01   -0.105423731758529327E+01   -0.911290165775443972E+00   -0.417195633965034762E+01    1
    0.134802461746340280E+00   -0.232238955503817515E+02    0.139159874420350116E+01    0.220039013413650153E+01    0.585578229752913536E-02    0.208437629417681292E+01   -0.165996282178640708E+01   -0.240477718153185110E+00   -0.101990867445434796E+01    0.194709066099594374E+00    0.757885810278512845E-02   -0.196020091151198506E+00    0.721794837091015162E-02   -0.105205984153056153E+01   -0.906036536909894941E+00   -0.419195633965034720E+01    1
    0.125716457603559928E+00   -0.244754301454174481E+02    0.136094739517713936E+01    0.242715099388992073E+01    0.594102752976439878E-02    0.204256821944274325E+01   -0.175512185031963530E+01   -0.245475279666407892E+00   -0.139621495741981283E+01    0.169047311086226976E+00   -0.222547547707131581E-01   -0.184590816083298997E+00   -0.507426052612996795E-01   -0.105825256569420256E+01   -0.905702181774493131E+00   -0.421195633965034677E+01    1
    0.130768332690511635E+00   -0.245300631243796765E+02    0.137628040229919280E+01    0.237010224030087135E+01    0.604063493361388024E-02    0.196713779457780125E+01   -0.157444463232442744E+01   -0.235841174619956045E+00    0.717291156430212684E+00    0.145127751122625825E+00   -0.425843658366102176E-01   -0.179813652391919571E+00    0.126429527743273096E+00   -0.105111384610516900E+01   -0.905188140536342334E+00   -0.423195633965034279E+01    1
    0.132430655331756991E+00   -0.245028711481044645E+02    0.137360766912907462E+01    0.214665821099203047E+01    0.587116287631455659E-02    0.209604997171032714E+01   -0.152350008768985745E+01   -0.242619425870860411E+00    0.442181906239565992E-01    0.146132751359166146E+00   -0.842017455369503121E-01   -0.201229249241423935E+00    0.557776323159794238E-01   -0.106116312664052459E+01   -0.905089846279218291E+00   -0.425195633965034059E+01    1
    0.133554898088166063E+00   -0.249740282997078964E+02    0.138600367640935729E+01    0.225240304261109259E+01    0.579605812034521533E-02    0.192266381631090622E+01   -0.161450967400545453E+01   -0.247407331924116514E+00   -0.520246704845363617E+00    0.173014848698147011E+00   -0.217307152052415783E-01   -0.196342728127236521E+00   -0.128405300359271113E-01   -0.105872788238591009E+01   -0.902491472253192262E+00   -0.427195633965034727E+01    1
    0.127224336462646470E+00   -0.232804293169210581E+02    0.135630415524509074E+01    0.215784786144856344E+01    0.598314294049383591E-02    0.197256245231539040E+01   -0.152157418568948422E+01   -0.247772268422830927E+00   -0.775321153213924807E+00    0.128487348462722556E+00   -0.849439052014316562E-02   -0.200650737366465104E+00   -0.103123459833266984E+00   -0.105721352061123053E+01   -0.901404887110195729E+00   -0.429195633965034329E+01    1
    0.131358428914427866E+00   -0.234987939753354631E+02    0.138399308859937253E+01    0.232990041153556016E+01    0.586549976095898738E-02    0.227156919777563138E+01   -0.193725950825607174E+01   -0.245384523772125801E+00    0.253965729102481885E+00    0.157465620344974716E+00   -0.961427071524899035E-01   -0.195300270398175019E+00    0.296348988797943309E-01   -0.106892871797595213E+01   -0.900533025039359947E+00   -0.431195633965034109E+01    1
    0.141172385301002318E+00   -0.241628250066032493E+02    0.138723657258001487E+01    0.227320211632472313E+01    0.596899294843059296E-02    0.215275587440645833E+01   -0.181041130028604291E+01   -0.244348368339830563E+00   -0.962336974796180966E+00    0.159559818528926811E+00   -0.328614287104333908E-01   -0.178627736462331765E+00    0.561860087461600530E-01   -0.105874344441604928E+01   -0.900469588538748922E+00   -0.433195633965034244E+01    1
    0.126088859299993250E+00   -0.236431680348422582E+02    0.135980495625072906E+01    0.245497315674916594E+01    0.577145162393613576E-02    0.193758584276609525E+01   -0.166527282052840886E+01   -0.246535060501409831E+00   -0.669229476274220580E+00    0.148435797054923602E+00   -0.288958958088667388E-01   -0.207424555255690257E+00   -0.590147018444773450E-01   -0.105862572050581139E+01   -0.899477038261067285E+00   -0.435195633965034201E+01    1
    0.137818108326196731E+00   -0.228075731927531642E+02    0.134001494982002334E+01    0.215795696205881038E+01    0.590899311234611112E-02    0.190981833849155658E+01   -0.194986597728128652E+01   -0.242064838989167141E+00   -0.852882703394221675E+00    0.163018449310194075E+00    0.738524322405778588E-02   -0.194384113630446553E+00    0.102497059565558157E+00   -0.104246981920811610E+01   -0.898982869887387848E+00   -0.437195633965034336E+01    1
    0.132695063755428833E+00   -0.227687190146621070E+02    0.137647433225753746E+01    0.241033454229068278E+01    0.598370079129994809E-02    0.198551545580474387E+01   -0.179237706767455718E+01   -0.248872588303710535E+00    0.269452890852742100E+00    0.137631062041368907E+00   -0.422103294580220625E-01   -0.185680442751678110E+00    0.145808786601830664E+00   -0.105955997916809985E+01   -0.897958421921686289E+00   -0.439195633965034649E+01    1
    0.124246580743603174E+00   -0.244811029031812524E+02    0.135812748252956883E+01    0.239728581988240919E+01    0.601704148600003090E-02    0.199871352347613906E+01   -0.176283159648807342E+01   -0.241571280120535775E+00   -0.118526028650687465E+01    0.171736609625012249E+00   -0.195054949665164623E-02   -0.202050492668688381E+00    0.521323086417691539E-01   -0.105955846230882655E+01   -0.896481527213747076E+00   -0.441195633965034784E+01    1
    0.130633928426394791E+00   -0.238974540505299800E+02    0.137279796510559970E+01    0.233415234706436969E+01    0.603955572964936377E-02    0.212123457922433989E+01   -0.185238570612103404E+01   -0.247496613428030476E+00   -0.388473514644665174E+00    0.143789438341763609E+00   -0.524593216245344482E-01   -0.185798338558515047E+00    0.207644837825168155E-01   -0.106996240730007441E+01   -0.896178854523084434E+00   -0.443195633965034474E+01    1
    0.137359972332056768E+00   -0.245431313270102400E+02    0.138346304313783719E+01    0.239323220000811165E+01    0.599757248632462603E-02    0.207259637888870030E+01   -0.172893155030673240E+01   -0.249590257007416383E+00   -0.633299186788832957E-01    0.158571288910626107E+00    0.342630971994853234E-01   -0.202384424590262124E+00    0.120925818747032537E+00   -0.106612128633335401E+01   -0.893221504166937463E+00   -0.445195633965034343E+01    1
    0.139826597578145140E+00   -0.227759819115160482E+02    0.136524748960739517E+01    0.228176542470153665E+01    0.593319486818762003E-02    0.208308148495393297E+01   -0.174943038516278326E+01   -0.252954415914138087E+00   -0.508843801645459393E-01    0.132083436674603261E+00   -0.179691520682172742E-01   -0.208612008320619297E+00    0.267034659050849610E-01   -0.105801634311907011E+01   -0.892951688762629425E+00   -0.447195633965034745E+01    1
    0.130141235503643204E+00   -0.228195028098096344E+02    0.136997971352190229E+01    0.208745528633883026E+01    0.567751072727689255E-02    0.187984134648665946E+01   -0.180219022326620570E+01   -0.249266635879094173E+00   -0.286400575588983797E+00    0.147310116419495429E+00   -0.216076368240630048E-01   -0.194731847211477904E+00   -0.150365677040420281E+00   -0.106139037892458687E+01   -0.891310113548508198E+00   -0.449195633965034435E+01    1
    0.133490395012147156E+00   -0.256165163831057185E+02    0.135366551650984279E+01    0.226531059456231443E+01    0.612384812441229068E-02    0.201045300393103066E+01   -0.164813660003748552E+01   -0.242303191379029448E+00   -0.117857767226696886E+00    0.154723530324531039E+00   -0.601298283325264055E-02   -0.179319837900807522E+00    0.692579682421981674E-01   -0.105142862139858373E+01   -0.890943164000904120E+00   -0.451195633965034482E+01    1
    0.138056981196853612E+00   -0.236624177792860877E+02    0.137675398290689111E+01    0.254317863324433446E+01    0.607592087201650442E-02    0.192866969720826109E+01   -0.196119243073736538E+01   -0.253260033654025551E+00   -0.243194621105223274E-01    0.174083270703942361E+00   -0.202892120807275297E-01   -0.192580517090517045E+00    0.314835956184836147E-01   -0.105783280331254992E+01   -0.890902071951217622E+00   -0.453195633965034705E+01    1
    0.133187817003488251E+00   -0.227782643451704701E+02    0.136537169779096268E+01    0.224850903097322474E+01    0.591402594034605347E-02    0.201468454944553033E+01   -0.191027688598586010E+01   -0.248075842487679332E+00    0.536261143401791096E-01    0.142881186403601312E+00   -0.287831592723425608E-01   -0.202122709541364132E+00    0.115170741630767098E+00   -0.104858860067892312E+01   -0.890703376472310571E+00   -0.455195633965034396E+01    1
    0.131734030569937544E+00   -0.237130281678354748E+02    0.137384715274790037E+01    0.231850714457396689E+01    0.583324208558712483E-02    0.193131375009060902E+01   -0.178323157315769465E+01   -0.245552517497087730E+00   -0.101912268265937311E+01    0.146159488143950272E+00   -0.545514753232235194E-01   -0.201780458075409702E+00    0.969881927637726224E-02   -0.105683247359709309E+01   -0.890617125938303222E+00   -0.457195633965034354E+01    1
    0.138436244714426893E+00   -0.237513279512665498E+02    0.138765478155340016E+01    0.209406883312320824E+01    0.584211792382635740E-02    0.214326525283468161E+01   -0.160176300483132383E+01   -0.252618229818767581E+00   -0.133273583825661512E+00    0.177996566351986768E+00   -0.355251819599485263E-01   -0.197484584633175808E+00    0.198982016472604800E+00   -0.105797813349013081E+01   -0.887913347911616468E+00   -0.459195633965034666E+01    1
    0.134509090444911023E+00   -0.251654925115249029E+02    0.136211961021754058E+01    0.225289870628369648E+01    0.590009120326086961E-02    0.198270510863663740E+01   -0.162527148521691522E+01   -0.244004422126904319E+00    0.677443495239338223E-02    0.161370271982813812E+00   -0.336384877122203330E-01   -0.198680012434047398E+00   -0.295321889380041891E-01   -0.106647933079035084E+01   -0.886209505618943405E+00   -0.461195633965034801E+01    1
    0.136435045657229137E+00   -0.257385528383927671E+02    0.135100858629410769E+01    0.210662321800135555E+01    0.597152034790313611E-02    0.213340543940353777E+01   -0.194883478821358591E+01   -0.240085206785470046E+00    0.333159199028057462E-01    0.192237065055984480E+00   -0.379711554747851690E-01   -0.172500029239242181E+00    0.130264112653012409E-01   -0.106453024671779350E+01   -0.886183868161794508E+00   -0.463195633965034759E+01    1
    0.134283881720970666E+00   -0.242729926054472607E+02    0.136434151483662647E+01    0.228044804883348418E+01    0.595632460534987942E-02    0.193112661908104277E+01   -0.159435978154618940E+01   -0.245456638056011089E+00   -0.174344676411654875E+01    0.212774919055432582E+00   -0.359335954396180143E-01   -0.193094678521146895E+00   -0.556523963009429509E-01   -0.106504054477255372E+01   -0.885764222478570895E+00   -0.465195633965034716E+01    1
    0.127974724216123270E+00   -0.242558274408329346E+02    0.135928161817212234E+01    0.224236230620987698E+01    0.592325641796961899E-02    0.200000277039719698E+01   -0.172356244147655224E+01   -0.246915975418601108E+00   -0.125120353140327789E+01    0.160257291494115689E+00   -0.572549385326412835E-01   -0.179120605128365418E+00   -0.296427775008296090E-01   -0.106159232797279013E+01   -0.884120064382040716E+00   -0.467195633965034407E+01    1
    0.130024273451891659E+00   -0.235525615192015714E+02    0.137146423913281157E+01    0.250356868276460087E+01    0.573878516653866366E-02    0.193007278221205092E+01   -0.188077961156621098E+01   -0.243059372246421351E+00   -0.669163974231580250E+00    0.188043179279362926E+00   -0.423919033437616180E-01   -0.173823522825080373E+00    0.129496774135369509E-01   -0.106250485994873745E+01   -0.882946620341787280E+00   -0.469195633965034364E+01    1
    0.131795704247716555E+00   -0.230021664265200805E+02    0.136763895387730527E+01    0.214596725935533073E+01    0.591855073664883640E-02    0.199814485422068833E+01   -0.153778853698807727E+01   -0.247019851188252648E+00   -0.109258848655607799E+01    0.134300536249879754E+00   -0.182303274905259993E-03   -0.190744840817906713E+00    0.122656451344570084E-01   -0.106473801241654997E+01   -0.880832499123307633E+00   -0.471195633965034677E+01    1
    0.141630636443193986E+00   -0.249718670954694062E+02    0.134768192125553199E+01    0.226687649693064852E+01    0.577907141927791555E-02    0.211064726647827960E+01   -0.163725557039275804E+01   -0.244118223897085679E+00   -0.314733002366987646E+00    0.178201971765311717E+00   -0.369539057357900352E-01   -0.174753928777699158E+00   -0.427368440621168910E-02   -0.106564870928491184E+01   -0.880598200588704416E+00   -0.473195633965034634E+01    1
    0.127647043747401934E+00   -0.249554638407384246E+02    0.135139689596500978E+01    0.229377690595312833E+01    0.612993773148520684E-02    0.211734673657702510E+01   -0.177766938546367381E+01   -0.249313693139775389E+00   -0.378211433734780111E+00    0.157505660200410347E+00   -0.441741475462756467E-01   -0.203195883829898144E+00    0.383491067514476341E-02   -0.105980607310872355E+01   -0.879967404022804600E+00   -0.475195633965034325E+01    1
    0.134842567778981709E+00   -0.241680068918263444E+02    0.135870967969929213E+01    0.258034853242538276E+01    0.613698756401774657E-02    0.186695098081184163E+01   -0.174248258128129541E+01   -0.241222226519056643E+00   -0.777696813606349235E+00    0.162446062412350295E+00    0.109264577020352152E-01   -0.200771044626270656E+00    0.501365673686102464E-01   -0.105633101016404507E+01   -0.879318025248302271E+00   -0.477195633965034460E+01    1
    0.141468306148279571E+00   -0.247923396354666643E+02    0.135372128765485145E+01    0.247368561701500722E+01    0.587937168263370172E-02    0.208463997229641818E+01   -0.179990861152501225E+01   -0.246145499980485821E+00    0.104766244931819019E+00    0.154912055403478077E+00   -0.247228697496186915E-01   -0.176894514518499829E+00    0.692317440106129597E-02   -0.106626398856649574E+01   -0.877184029875059834E+00   -0.479195633965034506E+01    1
    0.129529306795579419E+00   -0.235656660480373183E+02    0.135703919909182291E+01    0.241066138747701553E+01    0.596866237464964682E-02    0.202460520594315385E+01   -0.170381413760103761E+01   -0.241019498893132234E+00   -0.467434169793598975E+00    0.152628512442513048E+00   -0.785390098901438474E-02   -0.191055135416707350E+00    0.733205496563947984E-01   -0.105410850441760262E+01   -0.876481424105348461E+00   -0.481195633965034641E+01    1
    0.131331859313383315E+00   -0.241359196280630819E+02    0.136359939560519061E+01    0.228263629711048344E+01    0.598332293393503273E-02    0.198165501923793919E+01   -0.170250434526965733E+01   -0.250351754090097411E+00   -0.144527794049754382E+00    0.172774452193664579E+00   -0.202838183799888029E-01   -0.218148606590195054E+00   -0.882322601801549533E-01   -0.106330476075965841E+01   -0.874015823243610157E+00   -0.483195633965034776E+01    1
    0.130666607220547765E+00   -0.241871944782675357E+02    0.135224522640705858E+01    0.228030813007352240E+01    0.593420682388971256E-02    0.199312769234846043E+01   -0.197140718794051617E+01   -0.239510139783938647E+00   -0.317641879093422119E+00    0.154679285335967226E+00   -0.595272478543639946E-02   -0.188779913005035077E+00    0.322839055333025357E-01   -0.106841039622408496E+01   -0.873901541366358781E+00   -0.485195633965034734E+01    1
    0.136786198695337952E+00   -0.237906458840515853E+02    0.136366349414183330E+01    0.232310189274706946E+01    0.629842480715651042E-02    0.225586606731411088E+01   -0.160081917903117632E+01   -0.245997784697148281E+00    0.642292519960629305E+00    0.160520660305294438E+00   -0.650145794287885700E-02   -0.213444039299625965E+00    0.540266306034798624E-01   -0.105354738099131140E+01   -0.873075496464674750E+00   -0.487195633965034602E+01    1
    0.131376135833560087E+00   -0.241775613310988717E+02    0.132305498513845632E+01    0.243389951191333376E+01    0.587802152603986508E-02    0.208267702694612344E+01   -0.188722431727631479E+01   -0.242633975074838221E+00   -0.558939637536890022E+00    0.150087180748164767E+00   -0.390558363184110996E-01   -0.181632003872479852E+00   -0.284884106051624050E-01   -0.106001779725455991E+01   -0.872466848155381780E+00   -0.489195633965034382E+01    1
    0.132716916187452849E+00   -0.228893151956225154E+02    0.136001052804416100E+01    0.236714325972967110E+01    0.585078468239669854E-02    0.197611860384003957E+01   -0.158314712142563963E+01   -0.250363616612612971E+00   -0.967601045210331190E+00    0.166524181628777468E+00   -0.604049095451550111E-01   -0.168998291534270012E+00    0.202847830679849968E-01   -0.105725425350522095E+01   -0.872350576000504252E+00   -0.491195633965034428E+01    1
    0.131005536535943157E+00   -0.243430055100825378E+02    0.136381858064670802E+01    0.221681288544845057E+01    0.598683354295860559E-02    0.201639645139928358E+01   -0.176607367876099208E+01   -0.249056700889199290E+00   -0.519828380415037761E+00    0.144210338498265478E+00   -0.899249763201813712E-01   -0.185894861766546793E+00   -0.557509898607222651E-01   -0.106246231640840771E+01   -0.871985776274370905E+00   -0.493195633965034563E+01    1
    0.134515489584446729E+00   -0.239099172504409516E+02    0.137073909113678516E+01    0.253747112430627375E+01    0.579223149502969964E-02    0.209165090914931762E+01   -0.159045847489372894E+01   -0.240193534398466468E+00   -0.321145196132029020E+00    0.195216508786729026E+00   -0.799380061107409223E-01   -0.198822361799485092E+00    0.195527688173065956E+00   -0.106655066150454836E+01   -0.870715829348398529E+00   -0.495195633965034610E+01    1
    0.138364731256217066E+00   -0.244019499069306143E+02    0.136855759709824221E+01    0.231565033216895033E+01    0.583632411595277640E-02    0.209067049642901859E+01   -0.166765825819602398E+01   -0.245823974109442817E+00    0.506146461116164126E+00    0.169227903424172349E+00   -0.942892919120308509E-01   -0.194253737335895571E+00    0.555312637940307691E-02   -0.105516202112289559E+01   -0.867822374323250267E+00   -0.497195633965034567E+01    1
    0.128183895162578082E+00   -0.246156698474174220E+02    0.135635442092260927E+01    0.245842730960689337E+01    0.577154719289169494E-02    0.197004342005203092E+01   -0.166437379514574024E+01   -0.258369947426109914E+00   -0.827919171183176816E+00    0.152342253185558052E+00   -0.425902101930365415E-01   -0.214488195034440166E+00   -0.156538323256892944E-01   -0.105724090086733535E+01   -0.867341157308424315E+00   -0.499195633965034435E+01    1
    0.134596560081394839E+00   -0.242574096564338895E+02    0.135851955448098050E+01    0.215316402233644100E+01    0.588474485539495530E-02    0.210837412771383725E+01   -0.163180531891130998E+01   -0.247319289484246696E+00    0.310196736138248774E+00    0.172541115005764939E+00   -0.418728317097034550E-01   -0.212214237647573439E+00   -0.340268844101233522E-01   -0.105018816737829890E+01   -0.867255506974130119E+00   -0.501195633965034304E+01    1
    0.135854214136258755E+00   -0.237220629160018426E+02    0.137389987826767168E+01    0.243471333257190636E+01    0.598819301039236421E-02    0.220689044835327275E+01   -0.201002487580749101E+01   -0.248160313210931599E+00    0.517023752189338381E-01    0.147974595975491091E+00   -0.488373470626138131E-01   -0.190624069830874543E+00   -0.298715193645755078E-02   -0.105673961394907501E+01   -0.866386320538005572E+00   -0.503195633965034617E+01    1
    0.134730475544327710E+00   -0.240455913151101655E+02    0.134157604111676831E+01    0.206615407492176262E+01    0.591048246440141652E-02    0.200350399284410985E+01   -0.176453311860938045E+01   -0.246528642648922158E+00    0.312007373012564038E+00    0.134325259431275490E+00   -0.235550430485161506E-01   -0.187884760473749440E+00    0.735332571164137687E-02   -0.105968191286696078E+01   -0.866184030523745041E+00   -0.505195633965034840E+01    1
    0.133282023962252000E+00   -0.231468517996217464E+02    0.135213325081145896E+01    0.209609620142348918E+01    0.599624253869549591E-02    0.196814988729839957E+01   -0.188672880669956400E+01   -0.249105453064712712E+00   -0.470740651807932453E+00    0.154935745300730121E+00   -0.256786808798130581E-01   -0.207814279960942871E+00    0.107822415485003764E+00   -0.105265081783927106E+01   -0.865274917434588176E+00   -0.507195633965034709E+01    1
