    0.205475696258861813E-01   -0.102225152463098468E+02    0.480302184916519825E+00    0.174176242716739682E+01    0.148227614147493237E-01    0.149210340015670950E+01   -0.167689825534702974E+01   -0.132019905352866174E+00   -0.333540703999050914E+01   -0.144234520982453207E+00   -0.455277733598000792E-01   -0.491638404729720924E-01   -0.158045417631520635E+00   -0.106782924052275896E+01   -0.133451843416288618E+01
    0.182582524866060809E-01   -0.109193018072173818E+02    0.485473340220841654E+00    0.152474226780435207E+01    0.156693244337229379E-01    0.155951622046039340E+01   -0.175871907246523262E+01   -0.155333722156425880E+00   -0.288404497961823880E+01   -0.120508028480090110E+00   -0.619455700079118293E-01   -0.578225528123614552E-01   -0.119201174620172948E+00   -0.108565313368178629E+01   -0.129187352048911053E+01
    0.182582524866060809E-01   -0.109193018072173818E+02    0.485473340220841654E+00    0.152474226780435207E+01    0.156693244337229379E-01    0.155951622046039340E+01   -0.175871907246523262E+01   -0.155333722156425880E+00   -0.288404497961823880E+01   -0.120508028480090110E+00   -0.619455700079118293E-01   -0.578225528123614552E-01   -0.119201174620172948E+00   -0.108565313368178629E+01   -0.129187352048911053E+01
    0.932669979656281303E-02   -0.948884571293179668E+01    0.550043594122020862E+00    0.108651884055022241E+01    0.159766424177406989E-01    0.155867016625115995E+01   -0.162809865818659860E+01   -0.143145513775527505E+00   -0.410795856662773406E+01   -0.105482565839139564E+00   -0.498649919359564070E-01   -0.287087819726840228E-01   -0.162672484946051132E+00   -0.103962402590354919E+01   -0.127261125363136429E+01
    0.932669979656281303E-02   -0.948884571293179668E+01    0.550043594122020862E+00    0.108651884055022241E+01    0.159766424177406989E-01    0.155867016625115995E+01   -0.162809865818659860E+01   -0.143145513775527505E+00   -0.410795856662773406E+01   -0.105482565839139564E+00   -0.498649919359564070E-01   -0.287087819726840228E-01   -0.162672484946051132E+00   -0.103962402590354919E+01   -0.127261125363136429E+01
    0.332773542186554222E-01   -0.104520779145714293E+02    0.599334562433456730E+00    0.136858941692630554E+01    0.159124664922518817E-01    0.166153328072980266E+01   -0.161483417951559471E+01   -0.147727594130757062E+00   -0.242058621961678533E+01   -0.106356417094246869E+00   -0.668103870752920492E-01   -0.485415942269616651E-01   -0.180179210050252808E+00   -0.106209519619185211E+01   -0.127202104760354673E+01
    0.332773542186554222E-01   -0.104520779145714293E+02    0.599334562433456730E+00    0.136858941692630554E+01    0.159124664922518817E-01    0.166153328072980266E+01   -0.161483417951559471E+01   -0.147727594130757062E+00   -0.242058621961678533E+01   -0.106356417094246869E+00   -0.668103870752920492E-01   -0.485415942269616651E-01   -0.180179210050252808E+00   -0.106209519619185211E+01   -0.127202104760354673E+01
    0.225243206977254889E-01   -0.104782700490984197E+02    0.553041373903919053E+00    0.159610623819823250E+01    0.152526233430089926E-01    0.145638051793209056E+01   -0.149842707619649329E+01   -0.139863329518602031E+00   -0.306235090375852215E+01   -0.121948903673835096E+00   -0.844856009123697294E-01   -0.763773252956655435E-01   -0.166916068719398708E+00   -0.106826085757166189E+01   -0.127028440888566019E+01
    0.225243206977254889E-01   -0.104782700490984197E+02    0.553041373903919053E+00    0.159610623819823250E+01    0.152526233430089926E-01    0.145638051793209056E+01   -0.149842707619649329E+01   -0.139863329518602031E+00   -0.306235090375852215E+01   -0.121948903673835096E+00   -0.844856009123697294E-01   -0.763773252956655435E-01   -0.166916068719398708E+00   -0.106826085757166189E+01   -0.127028440888566019E+01
    0.323097976390701036E-01   -0.106634737188843438E+02    0.572523501501919552E+00    0.171908405351946003E+01    0.165109988242393389E-01    0.162289883699805193E+01   -0.161894269756960130E+01   -0.124967183110854474E+00   -0.283342653267878930E+01   -0.198718189512821275E+00   -0.320590293329451603E-01    0.363171800520589033E-01   -0.128682730677106477E+00   -0.104913271707158895E+01   -0.123465725323197617E+01
    0.323097976390701036E-01   -0.106634737188843438E+02    0.572523501501919552E+00    0.171908405351946003E+01    0.165109988242393389E-01    0.162289883699805193E+01   -0.161894269756960130E+01   -0.124967183110854474E+00   -0.283342653267878930E+01   -0.198718189512821275E+00   -0.320590293329451603E-01    0.363171800520589033E-01   -0.128682730677106477E+00   -0.104913271707158895E+01   -0.123465725323197617E+01
    0.215670748892750966E-01   -0.106006127493626128E+02    0.495759126664313488E+00    0.144066339987411696E+01    0.153707794152363689E-01    0.156587164318481453E+01   -0.166255779035990980E+01   -0.170222243050008548E+00   -0.329127755217841855E+01   -0.102878197233674917E+00   -0.539217175251798034E-01   -0.680885643145381220E-01   -0.182457414103506271E+00   -0.105655370924499792E+01   -0.123229533638307465E+01
    0.245431689428279171E-01   -0.100157979693035024E+02    0.524229892024677624E+00    0.134796906967648056E+01    0.149887428146598684E-01    0.167390327022585672E+01   -0.154273117099574497E+01   -0.143724215731599186E+00   -0.280411476339082011E+01   -0.112272776438716804E+00   -0.458815215063740067E-01   -0.406563324443466323E-01   -0.156543087258923130E+00   -0.106718173302372810E+01   -0.122390687716095026E+01
    0.245431689428279171E-01   -0.100157979693035024E+02    0.524229892024677624E+00    0.134796906967648056E+01    0.149887428146598684E-01    0.167390327022585672E+01   -0.154273117099574497E+01   -0.143724215731599186E+00   -0.280411476339082011E+01   -0.112272776438716804E+00   -0.458815215063740067E-01   -0.406563324443466323E-01   -0.156543087258923130E+00   -0.106718173302372810E+01   -0.122390687716095026E+01
    0.133021006881982057E-01   -0.106612240701921852E+02    0.529532675320872892E+00    0.171369715346478357E+01    0.158369037649403535E-01    0.153802634706438646E+01   -0.142150175371318466E+01   -0.143297652947680154E+00   -0.282769368245901243E+01   -0.198020724646589208E+00   -0.823251696530645782E-01   -0.416012240529149424E-01   -0.150710998215487113E+00   -0.107091017118308751E+01   -0.120731829744415786E+01
    0.133021006881982057E-01   -0.106612240701921852E+02    0.529532675320872892E+00    0.171369715346478357E+01    0.158369037649403535E-01    0.153802634706438646E+01   -0.142150175371318466E+01   -0.143297652947680154E+00   -0.282769368245901243E+01   -0.198020724646589208E+00   -0.823251696530645782E-01   -0.416012240529149424E-01   -0.150710998215487113E+00   -0.107091017118308751E+01   -0.120731829744415786E+01
    0.188514524957492380E-01   -0.106260879502776291E+02    0.587740006167412732E+00    0.190440875155757650E+01    0.154582504352998758E-01    0.142604728567244132E+01   -0.165684385035701065E+01   -0.157808132503068466E+00   -0.228447727406849488E+01   -0.112308386783754321E+00   -0.653168803019543859E-01   -0.342354529952947212E-01   -0.157441113973532276E+00   -0.106697073886858806E+01   -0.119658260837575159E+01
    0.188514524957492380E-01   -0.106260879502776291E+02    0.587740006167412732E+00    0.190440875155757650E+01    0.154582504352998758E-01    0.142604728567244132E+01   -0.165684385035701065E+01   -0.157808132503068466E+00   -0.228447727406849488E+01   -0.112308386783754321E+00   -0.653168803019543859E-01   -0.342354529952947212E-01   -0.157441113973532276E+00   -0.106697073886858806E+01   -0.119658260837575159E+01
    0.195719614031048331E-01   -0.105932900355683515E+02    0.593667755550473797E+00    0.161690438099059075E+01    0.155713832552359308E-01    0.149361349713864966E+01   -0.154204206480109751E+01   -0.145611353546243161E+00   -0.246053591300829178E+01   -0.169561714807137609E+00   -0.624581123508474376E-01   -0.517135828871510758E-01   -0.265850630759187523E+00   -0.104480101840471362E+01   -0.118502845872665774E+01
    0.397163711160963828E-01   -0.966235120180243356E+01    0.519021164860649531E+00    0.167649874626633100E+01    0.158037473784038776E-01    0.170057972804801416E+01   -0.154282473525698038E+01   -0.133238415976034946E+00   -0.333210930225287338E+01   -0.130293595247596289E+00   -0.765817237676290619E-01   -0.111183693902577319E-01   -0.150153660786529586E+00   -0.109600443244812973E+01   -0.116749052383662622E+01
    0.397163711160963828E-01   -0.966235120180243356E+01    0.519021164860649531E+00    0.167649874626633100E+01    0.158037473784038776E-01    0.170057972804801416E+01   -0.154282473525698038E+01   -0.133238415976034946E+00   -0.333210930225287338E+01   -0.130293595247596289E+00   -0.765817237676290619E-01   -0.111183693902577319E-01   -0.150153660786529586E+00   -0.109600443244812973E+01   -0.116749052383662622E+01
    0.160921360761616498E-01   -0.102681231313116168E+02    0.502980090498731380E+00    0.158221309158488932E+01    0.151785560322054893E-01    0.140089192472456925E+01   -0.154570538707218597E+01   -0.170413479919738098E+00   -0.387137788004278605E+01   -0.957480449780496873E-01   -0.100387201735231107E+00   -0.741289609248999976E-01   -0.101058738291280800E+00   -0.107363028723711906E+01   -0.116372889713539895E+01
    0.160921360761616498E-01   -0.102681231313116168E+02    0.502980090498731380E+00    0.158221309158488932E+01    0.151785560322054893E-01    0.140089192472456925E+01   -0.154570538707218597E+01   -0.170413479919738098E+00   -0.387137788004278605E+01   -0.957480449780496873E-01   -0.100387201735231107E+00   -0.741289609248999976E-01   -0.101058738291280800E+00   -0.107363028723711906E+01   -0.116372889713539895E+01
    0.105313110012600769E-01   -0.103577231761625406E+02    0.536722046529391927E+00    0.150978746257120289E+01    0.160773173593443119E-01    0.161809263384162283E+01   -0.182859875849249298E+01   -0.144085220114457152E+00   -0.376894390502939958E+01   -0.106708178562800612E+00   -0.832448996193965868E-01   -0.481213008736186554E-01   -0.136859361589279860E+00   -0.107262762211711182E+01   -0.115983486294007743E+01
    0.226465719775191220E-01   -0.997241510495881300E+01    0.481830103921732755E+00    0.160780315319306055E+01    0.153553939917332512E-01    0.159563623166440682E+01   -0.158465947359789827E+01   -0.136569839728105547E+00   -0.337198886092926164E+01   -0.161274097529620158E+00   -0.918396178273043623E-01   -0.380302357714633263E-01   -0.203738921078459922E+00   -0.106368487902057063E+01   -0.115667193681672487E+01
    0.226465719775191220E-01   -0.997241510495881300E+01    0.481830103921732755E+00    0.160780315319306055E+01    0.153553939917332512E-01    0.159563623166440682E+01   -0.158465947359789827E+01   -0.136569839728105547E+00   -0.337198886092926164E+01   -0.161274097529620158E+00   -0.918396178273043623E-01   -0.380302357714633263E-01   -0.203738921078459922E+00   -0.106368487902057063E+01   -0.115667193681672487E+01
    0.252495143194015857E-01   -0.954568443063136840E+01    0.493672002112721831E+00    0.153441807046003031E+01    0.160280248370963420E-01    0.167122909608959591E+01   -0.154470420686316112E+01   -0.126593017627392640E+00   -0.172484491424031039E+01   -0.914343517413899742E-01   -0.102148171809808647E+00   -0.107888578444606267E+00   -0.143307881651107027E+00   -0.106154529863636671E+01   -0.115283223561605097E+01
    0.155955446802173436E-01   -0.102849407221354827E+02    0.509264864821795560E+00    0.188637377567605879E+01    0.152313366507050140E-01    0.173212310706725670E+01   -0.148711767539938045E+01   -0.141347092861410312E+00   -0.364079263244284368E+01   -0.113968290256803634E+00   -0.712482995338268310E-01   -0.484571818194537707E-01   -0.174174181780747256E+00   -0.106467414609386291E+01   -0.115120108782941677E+01
    0.159377357930444302E-01   -0.970602762617526693E+01    0.572467986223523240E+00    0.166676179603473473E+01    0.148352133967137034E-01    0.179528193727197882E+01   -0.157498047952368125E+01   -0.146370660810826836E+00   -0.273668883843050148E+01   -0.173519382348843343E+00   -0.573153513591699790E-01   -0.675859522382623312E-01   -0.195438017902848149E+00   -0.106303919589613738E+01   -0.114843913012955356E+01
    0.159377357930444302E-01   -0.970602762617526693E+01    0.572467986223523240E+00    0.166676179603473473E+01    0.148352133967137034E-01    0.179528193727197882E+01   -0.157498047952368125E+01   -0.146370660810826836E+00   -0.273668883843050148E+01   -0.173519382348843343E+00   -0.573153513591699790E-01   -0.675859522382623312E-01   -0.195438017902848149E+00   -0.106303919589613738E+01   -0.114843913012955356E+01
    0.254534330661045846E-01   -0.968077716854229031E+01    0.535859304189003960E+00    0.142626312194822580E+01    0.155704521544681000E-01    0.147967855665818759E+01   -0.144744131590530589E+01   -0.133765276158743840E+00   -0.349209751902883436E+01   -0.165160834112186683E+00   -0.493376689840556923E-01   -0.708129025883309227E-01   -0.155262343675075770E+00   -0.105857806198628568E+01   -0.114786836557560812E+01
    0.254534330661045846E-01   -0.968077716854229031E+01    0.535859304189003960E+00    0.142626312194822580E+01    0.155704521544681000E-01    0.147967855665818759E+01   -0.144744131590530589E+01   -0.133765276158743840E+00   -0.349209751902883436E+01   -0.165160834112186683E+00   -0.493376689840556923E-01   -0.708129025883309227E-01   -0.155262343675075770E+00   -0.105857806198628568E+01   -0.114786836557560812E+01
    0.277565229002682198E-01   -0.989335769691624378E+01    0.451232328493453516E+00    0.132585249513963377E+01    0.159578735848683317E-01    0.160223789697148367E+01   -0.155284440971409410E+01   -0.136840811256562056E+00   -0.190083389097498845E+01   -0.166484075621831817E+00   -0.471991350438603630E-01   -0.109074794387007068E+00   -0.123513960654965171E+00   -0.105756399133318690E+01   -0.113598873730715311E+01
    0.277565229002682198E-01   -0.989335769691624378E+01    0.451232328493453516E+00    0.132585249513963377E+01    0.159578735848683317E-01    0.160223789697148367E+01   -0.155284440971409410E+01   -0.136840811256562056E+00   -0.190083389097498845E+01   -0.166484075621831817E+00   -0.471991350438603630E-01   -0.109074794387007068E+00   -0.123513960654965171E+00   -0.105756399133318690E+01   -0.113598873730715311E+01
    0.159802353775824919E-01   -0.104042603128933848E+02    0.492802056609784433E+00    0.177712756579294839E+01    0.149286123624743448E-01    0.169449701203722491E+01   -0.142627898391290953E+01   -0.167166310274822094E+00   -0.264483387318373175E+01   -0.124757760287678210E+00   -0.947980043330553246E-01   -0.440144002046621297E-01   -0.152287441106193910E+00   -0.105899649105514637E+01   -0.113550257886265937E+01
    0.161936609118595691E-01   -0.104116303076568943E+02    0.528778464158740413E+00    0.157029074262848334E+01    0.154229591921143088E-01    0.143851632493322668E+01   -0.167733428434142717E+01   -0.168160772075882453E+00   -0.280738429442701998E+01   -0.116892709732081573E+00   -0.542829124313922995E-01   -0.756173768808008906E-01   -0.138621927752130975E+00   -0.108264814662499154E+01   -0.113223158462021289E+01
    0.163823983498746183E-01   -0.100650817207817713E+02    0.539514554715790795E+00    0.151715326115927107E+01    0.155910869369659776E-01    0.163047919780651274E+01   -0.155322510239126066E+01   -0.156662619486073212E+00   -0.359694232881762188E+01   -0.162259085641721063E+00   -0.896372375568582347E-01   -0.113379481530897067E+00   -0.229971945071674344E+00   -0.106920701131084361E+01   -0.113174863725974140E+01
    0.163823983498746183E-01   -0.100650817207817713E+02    0.539514554715790795E+00    0.151715326115927107E+01    0.155910869369659776E-01    0.163047919780651274E+01   -0.155322510239126066E+01   -0.156662619486073212E+00   -0.359694232881762188E+01   -0.162259085641721063E+00   -0.896372375568582347E-01   -0.113379481530897067E+00   -0.229971945071674344E+00   -0.106920701131084361E+01   -0.113174863725974140E+01
    0.131216539677384628E-01   -0.104980971911860568E+02    0.536241932045376068E+00    0.170375013659514774E+01    0.152924067376111212E-01    0.150330643033488442E+01   -0.165932774681486972E+01   -0.157181422857401831E+00   -0.247735009043599597E+01   -0.174030071371568951E+00   -0.767220210760723720E-01   -0.672012335377679543E-01   -0.156806458733392634E+00   -0.105930285629600940E+01   -0.113164590944308507E+01
    0.234790345782402120E-01   -0.102623449592720792E+02    0.545098426335968389E+00    0.144807276521635964E+01    0.159858196965819779E-01    0.167807041920555999E+01   -0.156706903165963141E+01   -0.156406230666909590E+00   -0.299774472731196973E+01   -0.132482189152472840E+00   -0.479354752564301739E-01   -0.634051379411354893E-01   -0.203653359835033576E+00   -0.108760230359908805E+01   -0.112794243432920238E+01
    0.234790345782402120E-01   -0.102623449592720792E+02    0.545098426335968389E+00    0.144807276521635964E+01    0.159858196965819779E-01    0.167807041920555999E+01   -0.156706903165963141E+01   -0.156406230666909590E+00   -0.299774472731196973E+01   -0.132482189152472840E+00   -0.479354752564301739E-01   -0.634051379411354893E-01   -0.203653359835033576E+00   -0.108760230359908805E+01   -0.112794243432920238E+01
    0.774493268221405559E-02   -0.993150055061129855E+01    0.562011755417854975E+00    0.174475548838869843E+01    0.148641377410550033E-01    0.178908643676616697E+01   -0.172870399032605704E+01   -0.162306921361367790E+00   -0.286730111197349569E+01   -0.181061907876248374E+00   -0.834729879164913258E-01   -0.614242276099276341E-01   -0.136008464220904929E+00   -0.104411206511106380E+01   -0.112137954555616415E+01
    0.249400342767020396E-01   -0.946910209334991926E+01    0.538103853215921246E+00    0.136501916277486424E+01    0.151454929813596359E-01    0.168640260545652265E+01   -0.162986948562887890E+01   -0.138073861568540068E+00   -0.204657684817411445E+01   -0.980837886098400724E-01   -0.291093151028153710E-01    0.226264951745936901E-01   -0.142632426089457948E+00   -0.107512290617024053E+01   -0.111794113639747361E+01
    0.249400342767020396E-01   -0.946910209334991926E+01    0.538103853215921246E+00    0.136501916277486424E+01    0.151454929813596359E-01    0.168640260545652265E+01   -0.162986948562887890E+01   -0.138073861568540068E+00   -0.204657684817411445E+01   -0.980837886098400724E-01   -0.291093151028153710E-01    0.226264951745936901E-01   -0.142632426089457948E+00   -0.107512290617024053E+01   -0.111794113639747361E+01
    0.168345837543854848E-01   -0.101562576679670844E+02    0.470261659375544372E+00    0.141951874405862943E+01    0.147853729418182794E-01    0.158420184957725452E+01   -0.165506165663278138E+01   -0.158804822126694445E+00   -0.282093248845401723E+01   -0.169299349477565864E+00   -0.952632214781818781E-01   -0.647890981371295888E-01   -0.191928814316112889E+00   -0.109980138828565743E+01   -0.111375374544475458E+01
    0.168345837543854848E-01   -0.101562576679670844E+02    0.470261659375544372E+00    0.141951874405862943E+01    0.147853729418182794E-01    0.158420184957725452E+01   -0.165506165663278138E+01   -0.158804822126694445E+00   -0.282093248845401723E+01   -0.169299349477565864E+00   -0.952632214781818781E-01   -0.647890981371295888E-01   -0.191928814316112889E+00   -0.109980138828565743E+01   -0.111375374544475458E+01
    0.195374667128731770E-01   -0.100550696388362457E+02    0.572932251427052286E+00    0.156577750901623736E+01    0.153852023632131078E-01    0.162074113960913913E+01   -0.155904806465039480E+01   -0.142796459786608265E+00   -0.334113280103013777E+01   -0.898416477007921987E-01   -0.437294004236633282E-01   -0.401978436891874957E-01   -0.702219565217191144E-01   -0.107705906829954490E+01   -0.111258064400277346E+01
    0.214793421121391506E-01   -0.102979061568603960E+02    0.427362354455616877E+00    0.130856891933028230E+01    0.159187360843762449E-01    0.159558606334793218E+01   -0.168906408061554947E+01   -0.136076183160314446E+00   -0.238497164895340941E+01   -0.154214196736525505E+00    0.196139290319349568E-01   -0.148403592858946838E-01   -0.230209466241753730E+00   -0.106514333123680105E+01   -0.110262128771295309E+01
    0.258876000564292920E-01   -0.101673716361059192E+02    0.493250921097624029E+00    0.154208499491788542E+01    0.154198124754848891E-01    0.149546713379848395E+01   -0.163261954657328312E+01   -0.139672492172901147E+00   -0.190492175448678003E+01   -0.201844175805033083E+00   -0.570560977425469892E-01   -0.359382877291585801E-01   -0.112102624165668602E+00   -0.104517020384389658E+01   -0.109449473745762460E+01
    0.258876000564292920E-01   -0.101673716361059192E+02    0.493250921097624029E+00    0.154208499491788542E+01    0.154198124754848891E-01    0.149546713379848395E+01   -0.163261954657328312E+01   -0.139672492172901147E+00   -0.190492175448678003E+01   -0.201844175805033083E+00   -0.570560977425469892E-01   -0.359382877291585801E-01   -0.112102624165668602E+00   -0.104517020384389658E+01   -0.109449473745762460E+01
    0.251527982430327507E-01   -0.977191595054269335E+01    0.456454887404429688E+00    0.138219712684243046E+01    0.148519454832421877E-01    0.147965870301372160E+01   -0.149888310777893774E+01   -0.133522906976005495E+00   -0.318613626579297593E+01   -0.158034984911305326E+00   -0.500386783662320478E-01   -0.208052802732462475E-01   -0.878734332458385309E-01   -0.107639394413027700E+01   -0.109129138289511540E+01
    0.242521267473912797E-01   -0.100723005107076702E+02    0.592256286691855149E+00    0.151433978145662618E+01    0.162356950595214794E-01    0.152035704726387788E+01   -0.129831627772708647E+01   -0.163966493921061884E+00   -0.231704917966459245E+01   -0.128420519267103322E+00   -0.896004729547607293E-01   -0.414659933473413844E-01   -0.211913125432054039E+00   -0.107354427218817006E+01   -0.108770205151026156E+01
    0.266950563004313413E-01   -0.999146226841046214E+01    0.458438330204933964E+00    0.131124282209504917E+01    0.161268468737589162E-01    0.162554969108617975E+01   -0.162182877729189823E+01   -0.164233689708023295E+00   -0.322914917025743131E+01   -0.133828324627451867E+00   -0.563142803707741141E-01   -0.212882833616216093E-01   -0.201833096205267237E+00   -0.105920090038382497E+01   -0.107876519403125615E+01
    0.167815456464740602E-01   -0.103145517366177657E+02    0.517644306828988432E+00    0.163948006517257738E+01    0.155523516129117464E-01    0.164310764282018695E+01   -0.140013765471755480E+01   -0.168083616925604834E+00   -0.261209531386939542E+01   -0.154562185508919120E+00   -0.103221742942376654E+00   -0.516179135837869646E-01   -0.937273983137004857E-01   -0.105925855143628356E+01   -0.107865734297345051E+01
    0.253551426121229467E-01   -0.102020215152844447E+02    0.548321320284482217E+00    0.159150308306293664E+01    0.157287848808218035E-01    0.147287051145742298E+01   -0.161239881191381951E+01   -0.144799174011530168E+00   -0.232137651797051658E+01   -0.150086959587850982E+00   -0.773400162954817200E-01   -0.545470404721763308E-01   -0.121555978131524939E+00   -0.107222275675030154E+01   -0.107735558675503262E+01
    0.253551426121229467E-01   -0.102020215152844447E+02    0.548321320284482217E+00    0.159150308306293664E+01    0.157287848808218035E-01    0.147287051145742298E+01   -0.161239881191381951E+01   -0.144799174011530168E+00   -0.232137651797051658E+01   -0.150086959587850982E+00   -0.773400162954817200E-01   -0.545470404721763308E-01   -0.121555978131524939E+00   -0.107222275675030154E+01   -0.107735558675503262E+01
    0.692487612686909851E-02   -0.992405356258835880E+01    0.551761480021888628E+00    0.151146354326274701E+01    0.161873354037936970E-01    0.159429055918815421E+01   -0.167319007950819909E+01   -0.149445869749692567E+00   -0.254597438101000506E+01   -0.129100361145046805E+00   -0.518555783349474095E-01   -0.278112030701892221E-02   -0.104850699239345174E+00   -0.106214674241142770E+01   -0.107654710657137298E+01
    0.942117959876274946E-02   -0.104151658287788269E+02    0.500012023028609698E+00    0.159653138328551170E+01    0.154216945434756340E-01    0.151071840035025162E+01   -0.169559153239313876E+01   -0.141177107012534636E+00   -0.150173811309431460E+01   -0.163397991017835614E+00   -0.900406857621913748E-01   -0.888208606506101228E-01   -0.160945386597435208E+00   -0.106209589028866858E+01   -0.107563503909673974E+01
    0.107577554234718330E-01   -0.997763109509777912E+01    0.569915853397433336E+00    0.154572782502321360E+01    0.152988344975878883E-01    0.151894921246196768E+01   -0.156329842416960019E+01   -0.145014893866983602E+00   -0.262480838800450478E+01   -0.161811345133652223E+00   -0.343162035735449927E-01   -0.514535192655246540E-01   -0.932740294162836270E-01   -0.105622367256162075E+01   -0.107394239169005301E+01
    0.206595723115938872E-01   -0.979278156533304056E+01    0.437088309460337998E+00    0.171658849816203452E+01    0.150235115893629437E-01    0.159804468373322983E+01   -0.184722793145069830E+01   -0.167760953203812596E+00   -0.353498918188597910E+01   -0.137898171537586989E+00   -0.530780223947122792E-01   -0.607382988424588766E-01   -0.209247977951966424E+00   -0.108488339583094207E+01   -0.107244084075151691E+01
    0.125689408717295781E-02   -0.977682970671838092E+01    0.480893981352472355E+00    0.156652280052929505E+01    0.157967625073900109E-01    0.142129283210906920E+01   -0.144810595405862275E+01   -0.168145732352661503E+00   -0.166554377377587848E+01   -0.104475495586398792E+00   -0.520491380666369963E-01   -0.620351896643753925E-02   -0.146792257120749281E+00   -0.106731261894367391E+01   -0.107146891755309026E+01
    0.232983582161237802E-01   -0.952070881252095447E+01    0.551030741258810797E+00    0.151096439515523184E+01    0.153474572830065523E-01    0.154912364127306956E+01   -0.172398869238666830E+01   -0.152044312583513780E+00   -0.393887312948516710E+01   -0.133905324124361264E+00   -0.116233478460351453E+00   -0.409138621563373620E-01   -0.160326315402241126E+00   -0.107259732161654631E+01   -0.107078353902088064E+01
    0.167425294188804329E-01   -0.102683873687072271E+02    0.575122262629014669E+00    0.158685547651373859E+01    0.155730871007670798E-01    0.162444099458868241E+01   -0.162692891696393760E+01   -0.149164689659713717E+00   -0.243196659674790494E+01   -0.195529983960745446E+00   -0.830619082907789186E-01    0.547778668145206676E-02   -0.144481807459651557E+00   -0.109011928172282935E+01   -0.107028234752004625E+01
    0.247777167143874676E-01   -0.102146085492208556E+02    0.483226075243668673E+00    0.115222152782526055E+01    0.159662754677036209E-01    0.156258898024697879E+01   -0.138244968373559729E+01   -0.157538434039456776E+00   -0.260361995190064555E+01   -0.196223978121576270E+00   -0.703755260259235488E-01    0.216849350226930235E-01   -0.533598980988516519E-01   -0.108074724944991685E+01   -0.107024960178041773E+01
    0.140035357097502318E-01   -0.100382405532645063E+02    0.518721363401234425E+00    0.162984791197654544E+01    0.161346803331470223E-01    0.164893239237339517E+01   -0.167054802270040725E+01   -0.165647938702466441E+00   -0.256300255064737081E+01   -0.576973204603464795E-01   -0.521106779709150578E-01   -0.376079684166591086E-01   -0.183010424992199633E+00   -0.108390200776711043E+01   -0.106825730383360362E+01
    0.200894215168791537E-01   -0.104636805210019102E+02    0.549087834168517475E+00    0.147489484221604483E+01    0.156217714551743596E-01    0.158630976351338648E+01   -0.162082597768651215E+01   -0.131357832810175296E+00   -0.161195331004560694E+01   -0.134570517490151864E+00    0.143428302071502284E-01   -0.522368628888233988E-02   -0.158790798629107027E+00   -0.107457056495498171E+01   -0.106331342544267837E+01
    0.286523503193401932E-01   -0.999189237089978555E+01    0.548993677667694135E+00    0.167818664874448831E+01    0.163177970615513007E-01    0.163859451922016652E+01   -0.149609622324152203E+01   -0.166384199274205058E+00   -0.290747844695861657E+01   -0.204545673484541279E+00   -0.743486678951214286E-01   -0.115297008931459805E+00   -0.155699696527594245E+00   -0.107803105854174963E+01   -0.105865266673005776E+01
    0.188114900617122362E-01   -0.971637126839025456E+01    0.514373233644519479E+00    0.139019614574155947E+01    0.162230334222382873E-01    0.152886085973834418E+01   -0.132781193087174554E+01   -0.171771212093901060E+00   -0.400050056619569361E+01   -0.110653746558335681E+00   -0.126762757073813376E+00   -0.413484050271221704E-01   -0.752319419198348716E-01   -0.106782942901782607E+01   -0.105831357274218019E+01
    0.168580062267300670E-01   -0.103206337457938151E+02    0.514847838593039508E+00    0.144567128761656916E+01    0.158225899752501356E-01    0.166183442101181589E+01   -0.149355628161397003E+01   -0.139201846996790307E+00   -0.233128115810289538E+01   -0.532103910003523944E-01   -0.719475065112294143E-01   -0.194785278363161854E-01   -0.171430603094140044E+00   -0.107632065589262038E+01   -0.105826852255956227E+01
    0.235439695896264983E-01   -0.961840701858806923E+01    0.483088238184022079E+00    0.150330706267016256E+01    0.148109233121450825E-01    0.168358711022554108E+01   -0.143521469944954849E+01   -0.162277768568004910E+00   -0.251546439222627161E+01   -0.124104990031047691E+00   -0.789282840464026469E-01   -0.561643119203632038E-01   -0.183648272941958512E+00   -0.106577616715555235E+01   -0.105349015510492383E+01
    0.227033454132460275E-01   -0.101046766613911778E+02    0.578686003980783958E+00    0.129175844331717715E+01    0.154369049241723909E-01    0.160113532670334857E+01   -0.170907494689552575E+01   -0.150693559423279361E+00   -0.271316881732936510E+01   -0.149377846033884376E+00   -0.993920390007330123E-01   -0.260102336142157345E-01   -0.159372262768901291E+00   -0.105292871418239886E+01   -0.105335723908492063E+01
    0.169052959354426616E-01   -0.990269594328941771E+01    0.584214689467240089E+00    0.141785825402252974E+01    0.154324958237472901E-01    0.146668456139416037E+01   -0.172295801276744243E+01   -0.145997917459064458E+00   -0.331262672612039166E+01   -0.932470579251556408E-01   -0.564406161289122618E-01   -0.211027966124678300E-01   -0.183819341253438240E+00   -0.107830441325913196E+01   -0.105248236132448336E+01
    0.109587535693745457E-01   -0.952103658155660248E+01    0.519073186527736152E+00    0.153397223243885006E+01    0.149329444141801018E-01    0.155263048185716990E+01   -0.156034793240743119E+01   -0.139205116823777425E+00   -0.306347559967892202E+01   -0.229746778981377131E+00   -0.608163804561059410E-01   -0.414605666840749051E-01   -0.162199506952129452E+00   -0.104862841312296595E+01   -0.104672399704970531E+01
    0.236496170868604680E-01   -0.994908347852754282E+01    0.545720603918569247E+00    0.160553307154295388E+01    0.158543726817796521E-01    0.157137192163999573E+01   -0.149678009658767097E+01   -0.159044080395864346E+00   -0.325023056635065899E+01   -0.119494475912210782E+00   -0.534510676126895706E-01   -0.785619616338627258E-01   -0.133187613726691911E+00   -0.107406315378408013E+01   -0.104419630316858991E+01
    0.268657308911628596E-01   -0.976499316191314826E+01    0.517685396111422835E+00    0.162061054349940203E+01    0.154191648587461323E-01    0.158052748967334344E+01   -0.146545882447848697E+01   -0.147971956459073156E+00   -0.142233652745978678E+01   -0.157733589676613467E+00   -0.749946072704803096E-01   -0.605509580195621455E-01   -0.171083177864877312E+00   -0.107514157172031544E+01   -0.103602512445337092E+01
    0.303658578183302330E-01   -0.977075775950297931E+01    0.497311969471424531E+00    0.148788306910860157E+01    0.151685916763024710E-01    0.151337367624523589E+01   -0.148765874399332354E+01   -0.152216307261609896E+00   -0.239258840792107375E+01   -0.168563093032553679E+00   -0.303286863393499931E-01   -0.104618550062810060E-01   -0.147725334344824516E+00   -0.105642697209303682E+01   -0.103415994807646938E+01
    0.181519547707649706E-01   -0.101773117817677452E+02    0.490670549584908078E+00    0.147954729076980041E+01    0.153187041992818174E-01    0.167938875631637874E+01   -0.154629161146243765E+01   -0.135603279682061956E+00   -0.237956790867849532E+01   -0.179550119426262172E+00   -0.428542377925789225E-01    0.157847477322273985E-01   -0.149181337737286979E+00   -0.106869370107192685E+01   -0.103323651471153499E+01
    0.182752034646464674E-01   -0.948082500054118782E+01    0.579863936689361092E+00    0.149958009710422080E+01    0.154209100812525424E-01    0.149653910779876753E+01   -0.173350536520233911E+01   -0.160097576038161549E+00   -0.164274533136265388E+01   -0.199243198956897488E+00   -0.111200799227689343E+00   -0.476461131117483089E-02   -0.101126922073085795E+00   -0.107075438000244794E+01   -0.103237270755621235E+01
    0.317615800190548178E-01   -0.103981541916434512E+02    0.511395112633195703E+00    0.123621265486148135E+01    0.157626737409682083E-01    0.150844268445322593E+01   -0.142929441750884489E+01   -0.157246842910717832E+00   -0.241437309362520125E+01   -0.138270382204199932E+00   -0.516048754856040931E-01   -0.168755823595248683E-01   -0.875775803600175040E-01   -0.106676005816984243E+01   -0.102381779542795348E+01
    0.217412256397840689E-01   -0.102995660356485903E+02    0.505791878442762299E+00    0.140990078594021528E+01    0.147933800853904656E-01    0.137926822993335607E+01   -0.160366147929213732E+01   -0.153753168670632157E+00   -0.300819329367204702E+01   -0.986449918259181269E-01   -0.562615526425187668E-01    0.194927527252111293E-01   -0.144920810243496540E+00   -0.109446982493682321E+01   -0.102021869376012897E+01
    0.218711172267287979E-01   -0.104013649679837368E+02    0.519280726071363774E+00    0.154670331654152871E+01    0.159325302551642650E-01    0.149064840637145224E+01   -0.157384228684196392E+01   -0.160553802455838723E+00   -0.126814851471479817E+01   -0.158664999536146406E+00   -0.442883728542118743E-01   -0.454983584394753685E-01   -0.172395473325734017E+00   -0.109682349235786880E+01   -0.100881004691407061E+01
    0.149474188591499149E-01   -0.100388328148657600E+02    0.472026145633803185E+00    0.167903368056987312E+01    0.151347797037145234E-01    0.155807855084545688E+01   -0.162373078374784674E+01   -0.150036203919433592E+00   -0.306563563300273945E+01   -0.876783673832912114E-01   -0.518270475254574356E-01    0.131719047701849556E-01   -0.169809942186109952E+00   -0.105579486497069008E+01   -0.100730324361192802E+01
    0.129134504233506461E-01   -0.101242458989787334E+02    0.470521609097174387E+00    0.132661074552709479E+01    0.159050001158636614E-01    0.145759560272566224E+01   -0.156868351523629901E+01   -0.141952759215613511E+00   -0.268442419331597648E+01   -0.176695438973565017E+00   -0.938621285225053059E-01   -0.258047747982811798E-01   -0.167942220150143373E+00   -0.104870371621950209E+01   -0.100687062325312637E+01
    0.256164552408963339E-01   -0.967401699506662638E+01    0.522279049879907586E+00    0.161805437807581587E+01    0.155653266550975517E-01    0.142330242293149345E+01   -0.146240850625258312E+01   -0.144781651088970814E+00   -0.794537197435638110E+00   -0.164332684017573422E+00   -0.694949198475833668E-01   -0.315511631386552124E-01   -0.166888534762822838E+00   -0.106317469880673876E+01   -0.100573122169087670E+01
    0.161369776358033790E-01   -0.980740391476843953E+01    0.507090991447397887E+00    0.152651989443891534E+01    0.152242482029508810E-01    0.154434296880549460E+01   -0.141691865917153836E+01   -0.135593857575646265E+00   -0.255679797568800327E+01   -0.225195569703828424E+00   -0.707074550106683436E-01   -0.173420212032474319E-01   -0.189851716657411296E+00   -0.105586047524328652E+01   -0.100266691816595022E+01
    0.192123680773156197E-01   -0.998214731830650948E+01    0.469652220084955496E+00    0.131098058615826885E+01    0.166348724536390970E-01    0.152099768214890174E+01   -0.162265391956657723E+01   -0.163558538469448067E+00   -0.297962876417055922E+01   -0.118066742082412676E+00   -0.703800505995684778E-01   -0.294565539099202675E-01   -0.117253409117290763E+00   -0.104479013702025125E+01   -0.100170454080038396E+01
    0.231803998860243554E-01   -0.964849147365600501E+01    0.571553045397954707E+00    0.134355825462514367E+01    0.152311212516249884E-01    0.132945841080898464E+01   -0.155318539168990699E+01   -0.153901737778504744E+00   -0.340347016871820429E+01   -0.152005902177748342E+00   -0.572484082876357631E-01   -0.362942279474638141E-01   -0.155782097031027272E+00   -0.106579732052729059E+01   -0.967643233458198915E+00
    0.187697476666902341E-01   -0.980482279853127281E+01    0.515380577156707265E+00    0.134984292184737131E+01    0.155292786453275003E-01    0.139026292280944652E+01   -0.160993206254701793E+01   -0.157785651871001714E+00   -0.191304320992245325E+01   -0.152939856143872732E+00   -0.699614548460930075E-01   -0.546176013043540159E-01   -0.948188509246813138E-01   -0.107884067434300790E+01   -0.848522573966981164E+00
    0.211025001124667475E-01   -0.101383867872276721E+02    0.569847221419526040E+00    0.154365552842294140E+01    0.157459297892979452E-01    0.151098138582338626E+01   -0.155250851996878025E+01   -0.148236619078059018E+00   -0.195874527830292933E+01   -0.212984535554405052E+00   -0.427108870424988893E-01    0.187269343918859688E-01   -0.189932786711952684E+00   -0.108438407957931227E+01   -0.982269360672835545E+00
    0.213299839015829301E-01   -0.100982933314304457E+02    0.562190367289813198E+00    0.141884299501052169E+01    0.154001286134609755E-01    0.150160144435418719E+01   -0.143956291823244409E+01   -0.144337599359003921E+00   -0.250018979152370768E+01   -0.133997888054866565E+00   -0.403892190410492791E-01    0.248793344842332675E-01   -0.103936087288387227E+00   -0.107589356574795270E+01   -0.100066429549864111E+01
    0.153467337372810361E-01   -0.102718871391627893E+02    0.490122862550859961E+00    0.125543515666756011E+01    0.157612341703591251E-01    0.158139093003308462E+01   -0.153026497701119646E+01   -0.139957312639317322E+00   -0.236504636621635145E+01   -0.868501492254633717E-01   -0.299316371425579208E-01   -0.548476938717905801E-01   -0.217079068397224684E+00   -0.106760036795690194E+01   -0.949680117675365421E+00
    0.141771883051935790E-01   -0.994863735716250197E+01    0.492621482461175930E+00    0.135315438966799562E+01    0.154223416114527920E-01    0.150598671619879765E+01   -0.154938965340041945E+01   -0.164829297974197264E+00   -0.248961877439404322E+01   -0.163567152835543794E+00   -0.600573085899723386E-01   -0.684312450478845313E-02   -0.144108263546539134E+00   -0.105883401921637943E+01   -0.936879352697777112E+00
    0.186757095203029660E-01   -0.978551228576351839E+01    0.548858980650487105E+00    0.129515995428065778E+01    0.152253372473949971E-01    0.146564700237159817E+01   -0.148861635584963059E+01   -0.157808505390292481E+00   -0.303041970722156373E+01   -0.113214267850718586E+00   -0.791644944496471270E-01   -0.995310328830802116E-02   -0.139478657648138632E+00   -0.106738253455687571E+01   -0.983336544674533686E+00
    0.174476481866616615E-01   -0.100797557713525396E+02    0.486851142539706128E+00    0.132095609842756567E+01    0.160558705242801816E-01    0.153320353916045660E+01   -0.153582560541200097E+01   -0.157177740299496410E+00   -0.228518665571522606E+01   -0.155676093796147330E+00   -0.355068880704880047E-01   -0.152457503625348795E-01   -0.205525312145716205E+00   -0.107034464286828856E+01   -0.929167632887192618E+00
    0.168844294855673843E-01   -0.979469150687834578E+01    0.527775520803704046E+00    0.147223390209262339E+01    0.152723166398966471E-01    0.164881781830456275E+01   -0.153448446585707354E+01   -0.154417414828375343E+00   -0.230957808949420773E+01   -0.180333827715646655E+00   -0.676258060008866485E-01    0.100069459115498458E-01   -0.112021286993221392E+00   -0.105915044699594030E+01   -0.966343761685180103E+00
    0.300243476090764141E-01   -0.981740080512347468E+01    0.579317906446024766E+00    0.122963969933068973E+01    0.153766647494640637E-01    0.159840305328758614E+01   -0.147069986494183591E+01   -0.143928390089159003E+00   -0.207342350490939609E+01   -0.142552500222419887E+00   -0.134103200078964258E+00   -0.374902358271407762E-01   -0.188640353188121168E+00   -0.107161865533483591E+01   -0.930861556125636258E+00
    0.153602153490403591E-01   -0.101660171065735909E+02    0.496418650742504963E+00    0.159062472747041084E+01    0.151923897672595776E-01    0.142803734513949054E+01   -0.138636865119490404E+01   -0.139016459276961046E+00   -0.147986908653018134E+01   -0.215627247857193255E+00   -0.374170795919924401E-01   -0.363391975741535617E-01   -0.161053199285642851E+00   -0.105897306160562832E+01   -0.988501200955145598E+00
    0.252795588358618248E-01   -0.938542128898078687E+01    0.532698745919882755E+00    0.144863417394177851E+01    0.152934738792489082E-01    0.150524937217871524E+01   -0.166005042596619345E+01   -0.145920848499794753E+00   -0.188452388609228061E+01   -0.198354138882349373E+00   -0.390228691732462385E-01    0.230195370611094297E-02   -0.136542366939247262E+00   -0.105388765692189001E+01   -0.903419489705108769E+00
    0.234032736512668274E-01   -0.959836458421480820E+01    0.473985529786168258E+00    0.147053126047673799E+01    0.154408662030372373E-01    0.165641780104811542E+01   -0.136910782780049933E+01   -0.141453779163052962E+00   -0.266745736092491503E+01   -0.171128085610246783E+00   -0.104091479269152382E+00    0.294259959757832423E-01   -0.189690773669063284E+00   -0.106039380942538730E+01   -0.908336022179749847E+00
    0.211022134332482340E-01   -0.102594431373607868E+02    0.525303081424224438E+00    0.162004617547331375E+01    0.159332935283385373E-01    0.167898116956907084E+01   -0.157012789645987882E+01   -0.149011529188149749E+00   -0.168062383001806959E+01   -0.182145868055206717E+00   -0.256842618801651212E-01   -0.338466405844031482E-01   -0.175941153907887837E+00   -0.109255432570308941E+01   -0.968596023088597713E+00
    0.265265521606327936E-01   -0.948882724950921030E+01    0.522286760070250544E+00    0.141628500035791594E+01    0.163040118596206526E-01    0.148276545824803274E+01   -0.163205046821275479E+01   -0.158670956856389600E+00   -0.240506167125735182E+01   -0.240808776636438127E+00   -0.756751428888214617E-01    0.831923768418323106E-02   -0.177387486501736497E+00   -0.106375385991028426E+01   -0.803685749074556588E+00
    0.246882503764902922E-01   -0.980982575024274261E+01    0.483862862155811813E+00    0.150764421504539636E+01    0.150367305893888328E-01    0.139331070925724876E+01   -0.134467594934701440E+01   -0.145177931661368609E+00   -0.200913611073046194E+01   -0.176284393523934546E+00   -0.790537306708269522E-01    0.276100283401150975E-01   -0.131348365879582457E+00   -0.104813333094116024E+01   -0.937238324904434372E+00
    0.327207998741672404E-01   -0.983519828308758193E+01    0.518591740177368976E+00    0.131002614108609539E+01    0.153405194863623778E-01    0.146590984402105784E+01   -0.157856829634853923E+01   -0.144036044389247386E+00   -0.212181709004186381E+01   -0.182438835779371283E+00   -0.856643477679452092E-01   -0.102446667040919683E-01   -0.198431617736382016E+00   -0.106724662779874335E+01   -0.816904125028865447E+00
    0.256275768555055891E-01   -0.100156034021391456E+02    0.474818020624384884E+00    0.144995019553697224E+01    0.153592458728518434E-01    0.155884441975094790E+01   -0.164739774471678913E+01   -0.167523898290394768E+00   -0.202379836271243008E+01   -0.162786577820752815E+00   -0.295469192208885831E-01    0.541659377517814816E-02   -0.111773307880354666E+00   -0.106042214789664846E+01   -0.980278641626645908E+00
    0.183086970132985381E-01   -0.968666281673670859E+01    0.501632822626933761E+00    0.146566173932835664E+01    0.152165189769728239E-01    0.148519620750980241E+01   -0.165043445858299087E+01   -0.133380092202806499E+00   -0.181629795390530391E+01   -0.197094820963255091E+00   -0.563960675582270282E-01   -0.300732229582203817E-01   -0.117775624199514539E+00   -0.106609127662033676E+01   -0.940713437024122245E+00
    0.168139091431851566E-01   -0.967882545111848813E+01    0.495705071189373347E+00    0.144343936744287160E+01    0.153681818261666263E-01    0.131144997776381977E+01   -0.155273880131784070E+01   -0.139244679760063772E+00   -0.290512323867544087E+01   -0.183628868865049311E+00   -0.768102665786052075E-01   -0.547695023827415792E-01   -0.215837359418721259E+00   -0.106335161915159371E+01   -0.922984913689418818E+00
    0.179347828443063295E-01   -0.944811101010589915E+01    0.559288194029192387E+00    0.152328852054796338E+01    0.161305734117105394E-01    0.137181165807150451E+01   -0.158543302054127278E+01   -0.148221673174748797E+00   -0.257084432538484142E+01   -0.123238188035297194E+00   -0.534306114164552620E-01   -0.593512704056161078E-01   -0.199282754664667688E+00   -0.107703193077712522E+01   -0.964268300591677563E+00
    0.661015058706893206E-02   -0.974403876331924401E+01    0.522887669435923685E+00    0.171830691938367219E+01    0.157928771544341984E-01    0.155278874315491544E+01   -0.157206635776476400E+01   -0.159783916315850233E+00   -0.226368116924147467E+01   -0.135891054260295185E+00   -0.290250496840368244E-01   -0.645064405699233845E-01   -0.231590625970521213E+00   -0.107640677574753441E+01   -0.986988830370144399E+00
    0.287602335851509724E-01   -0.934984704953566492E+01    0.487228921867369824E+00    0.152704403908021513E+01    0.157308135997207520E-01    0.158486168061359334E+01   -0.173231908224181530E+01   -0.173117834347565308E+00   -0.208940601231131495E+01   -0.997794355302905056E-01   -0.302967278192448966E-01   -0.531625613888523918E-01   -0.153684047373321586E+00   -0.106807999517229879E+01   -0.917799247003551644E+00
    0.110267538059398845E-01   -0.983089672450635810E+01    0.489936745044448119E+00    0.174797390875156444E+01    0.155568905161343855E-01    0.151441376803412697E+01   -0.147097489722871777E+01   -0.139257544022576674E+00   -0.634481731090575263E+00   -0.154460256380527128E+00   -0.812919656729398366E-01   -0.383556372771022072E-01   -0.136278540465346681E+00   -0.104968370730259108E+01   -0.936554058419018842E+00
    0.179567676795473682E-01   -0.962679956070454246E+01    0.511123720569458762E+00    0.177056721922729676E+01    0.156143647919202554E-01    0.160924598588199408E+01   -0.157333449099123857E+01   -0.159374477781725449E+00   -0.361121751550140235E+01   -0.916558764819284527E-01   -0.722013104288099505E-03   -0.725737208047587817E-01   -0.148732205165289066E+00   -0.107650196304971724E+01   -0.978768304150020030E+00
    0.242063805364784029E-01   -0.938930775912771765E+01    0.479009446419322249E+00    0.152348348029516911E+01    0.161582133896297844E-01    0.147214735275298669E+01   -0.160283515801825738E+01   -0.159070600940937418E+00   -0.261672231222856144E+01   -0.166868138671915578E+00   -0.124086903962387446E+00    0.361637848688080299E-02   -0.125531414808161268E+00   -0.106157310534854021E+01   -0.779997227748181809E+00
    0.200108864189064706E-01   -0.929436208146136522E+01    0.520811796429273000E+00    0.157550707575575988E+01    0.162798357423616473E-01    0.150897445419684373E+01   -0.159829507429864237E+01   -0.161153468327085991E+00   -0.318971310911564476E+01   -0.159835389489070417E+00   -0.894650488538543120E-01   -0.213204637400911286E-01   -0.180854354290437641E+00   -0.107562802775201005E+01   -0.872329842396661337E+00
    0.231917771884289289E-01   -0.955357121347052818E+01    0.499537407048870341E+00    0.151878238451919256E+01    0.164218403823147077E-01    0.153076147079212999E+01   -0.158784975474453494E+01   -0.141594514052285375E+00   -0.279314172336953304E+01   -0.186666014444446582E+00   -0.645751305930533370E-01   -0.496405739176042082E-01   -0.164354780842994708E+00   -0.106266937346974966E+01   -0.878543819160893524E+00
    0.175109683954243235E-01   -0.994611057358661910E+01    0.481002955030179591E+00    0.146302637635681299E+01    0.155474719143902686E-01    0.159609510402229615E+01   -0.159937115954943798E+01   -0.152577209882971521E+00   -0.265917190198605446E+01   -0.123209747572258346E+00   -0.196029768112868236E-01   -0.703369430466147527E-01   -0.199038468080736497E+00   -0.107251894694602989E+01   -0.984408788004289326E+00
    0.153736261086507252E-01   -0.981325525772821372E+01    0.512688222554605000E+00    0.161722048859590961E+01    0.159073005034325136E-01    0.159809093427103921E+01   -0.158241659623220010E+01   -0.146373148055105873E+00   -0.267036516903001653E+01   -0.135744562958555276E+00   -0.505262716279584675E-01   -0.288297096254697127E-02   -0.195650902815502986E+00   -0.106533348561221830E+01   -0.903211898769840205E+00
    0.163077678514212746E-01   -0.979797844779978533E+01    0.425457310822469348E+00    0.145172347142541769E+01    0.155760254364255210E-01    0.150472753578667628E+01   -0.169302473903092698E+01   -0.157532593679228533E+00   -0.295678724562256434E+01   -0.816597694760190090E-01   -0.520492827875640579E-01   -0.389758730462870656E-01   -0.196090230650088376E+00   -0.107232424965871886E+01   -0.884206922847136978E+00
