         MJD         m       dm  uJy  duJy F  err   chi/N        RA      Dec        x        y  maj  min   phi  apfit  mag5sig   Sky            Obs     Mask
57399.565672 19.155932      NaN   28    17 c    0    1.13 171.80257 -0.76754  5565.19  2169.31 3.94 3.55  -1.5 -0.427    19.59 21.57 02a57399o0593c 0xc00900
57399.585782 18.933071      NaN   34    21 c    0    0.72 171.80257 -0.76754  5253.39  1568.43 4.09 3.58  -5.6 -0.450    19.61 21.59 02a57399o0622c 0xc00800
57399.606450 19.841877      NaN  -19    14 c    0    1.11 171.80257 -0.76754  4431.17  7716.96 3.67 3.54  82.0 -0.415    19.59 21.55 02a57399o0653c 0xc00800
57399.613025 19.766969      NaN  -17    15 c    0    0.83 171.80257 -0.76754  4148.64  9474.58 3.74 3.58  28.9 -0.424    19.60 21.54 02a57399o0662c 0xc00800
57421.629669 19.696897      NaN  -20    16 c    0    1.27 171.80257 -0.76754  4589.16  8998.55 3.68 3.63  58.5 -0.420    19.40 21.18 02a57421o0719c 0xc00800
57421.649161 18.955691      NaN   41    18 c    0    0.84 171.80257 -0.76754  4299.37  8414.39 3.76 3.64 -86.5 -0.425    19.33 21.10 02a57421o0751c 0xc00800
57421.662490 19.436675      NaN   10    17 c    0    1.22 171.80257 -0.76754  5463.64  7835.23 3.74 3.57  89.9 -0.414    19.21 20.87 02a57421o0773c 0xc00800
57421.669810 18.582238      NaN   32    34 c    0    0.96 171.80257 -0.76754  5386.49  7797.50 4.13 3.89 -88.8 -0.373    18.62 19.95 02a57421o0785c 0xc00800
57422.631002 19.631075      NaN    0    17 c    0    1.18 171.80257 -0.76754  4375.07  9057.63 4.07 3.90 -88.9 -0.403    19.36 21.29 02a57422o0721c 0xc00800
57422.649825 19.212347      NaN   21    18 c    0    1.12 171.80257 -0.76754  4086.89  8473.29 3.98 3.74 -80.4 -0.412    19.34 21.20 02a57422o0752c 0xc00800
57422.662585 19.051202      NaN   33    18 c    0    1.21 171.80257 -0.76754  5251.81  7893.57 4.08 3.81 -88.6 -0.402    19.17 20.95 02a57422o0773c 0xc00800
57422.669270 18.757738      NaN   18    32 c    0    1.10 171.80257 -0.76754  5388.30  7796.95 3.82 3.55 -88.4 -0.419    18.74 20.03 02a57422o0784c 0xc00800
57428.620422 19.454622      NaN   18    14 c    0    1.03 171.80257 -0.76754  4594.13  9069.46 3.71 3.56 -78.5 -0.424    19.63 21.63 02a57428o0689c 0xc00800
57428.642463 19.766969      NaN  -27    15 c    0    1.21 171.80257 -0.76754  4338.60  8487.07 3.70 3.49 -74.5 -0.438    19.55 21.50 02a57428o0725c 0xc00800
57428.658416 18.048890      NaN   24    65 c    0    0.06 171.80257 -0.76754  5544.67  7907.65 3.66 3.40 -83.1 -0.438    19.44 21.30 02a57428o0751c 0xc00800
57428.668195 18.978793      NaN   -2    31 c    0    1.22 171.80257 -0.76754  5506.11  7750.33 3.66 3.40 -82.7 -0.448    18.73 19.93 02a57428o0767c 0xc00800
57436.326378 18.280067      NaN  -16    59 c    0    1.25 171.80257 -0.76754  6427.03  1919.19 4.93 4.31   3.9 -0.399    18.06 19.11 02a57436o0196c 0xc00800
57436.340451 18.376212      NaN  -22    54 c    0    0.86 171.80257 -0.76754  6711.41  2503.71 4.56 4.12   7.9 -0.393    18.23 19.30 02a57436o0219c 0xc00800
57436.369618 18.757738      NaN  -34    38 c    0    1.07 171.80257 -0.76754  5292.13  2894.38 4.35 3.90  -5.1 -0.377    18.43 19.56 02a57436o0257c 0xc00800
57452.517390 19.743105 0.330441   46    14 c    0    1.18 171.80257 -0.76754  4352.71  9150.03 3.67 3.61 -75.7 -0.423    19.64 21.61 02a57452o0514c 0xc00a00
57452.539842 19.569016      NaN    9    15 c    0    1.03 171.80257 -0.76754  4064.29  8566.02 3.65 3.54 -76.3 -0.424    19.61 21.53 02a57452o0557c 0xc00800
57452.561937 19.549093      NaN   10    15 c    0    1.19 171.80257 -0.76754  5230.28  7986.49 3.64 3.46 -85.7 -0.428    19.57 21.48 02a57452o0599c 0xc00800
57452.584226 19.696897      NaN  -12    16 c    0    1.14 171.80257 -0.76754  5352.05  7776.08 3.65 3.45 -84.2 -0.426    19.50 21.36 02a57452o0642c 0xc00800
57460.488882 19.631075      NaN   -6    17 c    0    0.87 171.80257 -0.76754  4487.68  8935.20 3.69 3.55 -77.5 -0.433    19.54 21.41 02a57460o0559c 0xc00800
57460.511219 19.419021      NaN   11    17 c    0    0.84 171.80257 -0.76754  4198.99  8352.06 3.74 3.53 -73.5 -0.428    19.52 21.39 02a57460o0602c 0xc00800
57460.533651 19.351140      NaN   21    15 c    0    0.99 171.80257 -0.76754  5365.68  7773.31 3.66 3.42 -84.3 -0.427    19.48 21.31 02a57460o0645c 0xc00800
57460.557219 19.241693      NaN   19    18 c    0    0.76 171.80257 -0.76754  5349.17  7776.19 3.68 3.50 -80.8 -0.423    19.42 21.24 02a57460o0688c 0xc00800
57480.446004 19.696897      NaN   -7    16 c    0    0.92 171.80257 -0.76754  4182.51  8982.81 3.74 3.59 -76.1 -0.430    19.63 21.62 02a57480o0476c 0xc00800
57480.469199 19.529530      NaN   11    15 c    0    1.12 171.80257 -0.76754  3895.65  8401.19 3.69 3.53 -67.7 -0.431    19.61 21.55 02a57480o0521c 0xc00800
57480.492524 19.743105      NaN    4    14 c    0    1.13 171.80257 -0.76754  5082.64  7823.52 3.66 3.43 -81.0 -0.429    19.54 21.43 02a57480o0566c 0xc00800
57480.515966 19.115465      NaN   34    16 c    0    1.25 171.80257 -0.76754  5337.74  7767.18 3.69 3.47 -83.7 -0.423    19.41 21.22 02a57480o0611c 0xc00900
57490.377890 19.351140      NaN   18    16 c    0    1.25 171.80257 -0.76754  4232.90  8822.47 3.83 3.74  81.9 -0.410    19.46 21.31 02a57490o0395c 0xc00800
57490.396696 19.766969      NaN   -1    15 c    0    1.12 171.80257 -0.76754  3943.01  8241.70 3.76 3.63 -88.0 -0.415    19.56 21.49 02a57490o0426c 0xc00800
57490.433491 19.696897      NaN    6    14 c    0    1.16 171.80257 -0.76754  5341.50  7761.56 3.84 3.62 -88.0 -0.396    19.54 21.57 02a57490o0488c 0xc00800
57491.374637 19.510313      NaN  -23    19 c    0    1.15 171.80257 -0.76754  4643.84  8843.04 4.04 3.89 -83.5 -0.392    19.18 20.89 02a57491o0306c 0xc00800
57491.393169 18.836735      NaN   40    22 c    0    0.93 171.80257 -0.76754  4354.12  8262.16 4.30 4.11 -79.4 -0.372    19.13 20.93 02a57491o0338c 0xc00900
57491.430226 19.197966      NaN   10    22 c    0    1.09 171.80257 -0.76754  5341.62  7763.91 4.50 4.19 -79.3 -0.362    18.97 20.96 02a57491o0401c 0xc00800
57507.380338 19.652575      NaN    2    16 c    0    1.07 171.80257 -0.76754  4710.55  8647.63 3.85 3.63 -75.7 -0.426    19.53 21.52 02a57507o0318c 0xc00800
57507.396773 19.287255      NaN   22    16 c    0    0.99 171.80257 -0.76754  4751.45  8609.01 3.85 3.67 -78.4 -0.421    19.51 21.48 02a57507o0350c 0xc00800
57507.413158 19.318728      NaN   23    15 c    0    1.04 171.80257 -0.76754  4693.62  8589.57 3.91 3.72 -73.5 -0.413    19.45 21.43 02a57507o0382c 0xc00800
57507.429492 19.351140      NaN   18    16 c    0    0.96 171.80257 -0.76754  4770.44  8667.81 3.83 3.71 -74.9 -0.420    19.38 21.30 02a57507o0414c 0xc00800
57507.445196 19.351140      NaN  -28    22 c    0    0.95 171.80257 -0.76754  4673.29  8686.44 3.89 3.77 -74.5 -0.421    19.07 20.75 02a57507o0445c 0xc00800
57509.393096 19.436675      NaN   10    17 c    0    0.90 171.80257 -0.76754  4708.83  8648.50 3.73 3.55 -74.7 -0.433    19.43 21.28 02a57509o0360c 0xc00800
57509.408216 19.334813      NaN   16    17 c    0    0.94 171.80257 -0.76754  4748.75  8609.01 3.83 3.66 -75.8 -0.420    19.38 21.25 02a57509o0390c 0xc00800
57509.423332 19.384550      NaN   10    18 c    0    0.99 171.80257 -0.76754  4690.26  8588.77 3.75 3.60 -74.1 -0.430    19.36 21.18 02a57509o0420c 0xc00800
57509.438419 19.696897      NaN   -2    16 c    0    1.38 171.80257 -0.76754  4768.03  8666.09 3.76 3.61 -77.1 -0.428    19.30 21.10 02a57509o0450c 0xc00800
57509.453034 19.155932      NaN   19    20 c    0    1.07 171.80257 -0.76754  4672.01  8684.49 3.85 3.70 -73.4 -0.422    19.19 21.00 02a57509o0479c 0xc00800
57510.381710 19.696897      NaN    0    16 c    0    1.13 171.80257 -0.76754  4711.07  8646.74 4.05 3.80 -76.2 -0.413    19.41 21.41 02a57510o0326c 0xc00800
57510.400644 19.401649      NaN   -6    21 c    0    0.85 171.80257 -0.76754  4751.95  8607.94 4.27 4.10 -66.8 -0.420    19.33 21.36 02a57510o0363c 0xc00800
57510.419758 19.472870      NaN    2    19 c    0    1.06 171.80257 -0.76754  4693.65  8587.73 4.35 4.10 -65.6 -0.393    19.21 21.23 02a57510o0400c 0xc00800
57510.438702 19.089302      NaN   18    22 c    0    1.12 171.80257 -0.76754  4770.87  8666.22 5.09 4.84 -67.1 -0.352    18.99 21.12 02a57510o0437c 0xc00800
57511.352497 19.287255      NaN   22    16 c    0    0.93 171.80257 -0.76754  6575.21  8826.10 3.96 3.66  87.2 -0.427    19.47 21.40 02a57511o0280c 0xc00800
57511.364390 19.115465      NaN   28    18 c    0    0.99 171.80257 -0.76754  6555.32  8788.68 4.08 3.81  89.3 -0.407    19.41 21.40 02a57511o0303c 0xc00800
57511.376341 19.401649      NaN   18    15 c    0    1.14 171.80257 -0.76754  6613.72  8870.85 4.06 3.82 -87.5 -0.410    19.39 21.35 02a57511o0326c 0xc00800
57511.388276 19.609992      NaN    7    15 c    0    1.29 171.80257 -0.76754  6633.90  8753.26 3.96 3.70 -88.9 -0.413    19.41 21.33 02a57511o0349c 0xc00800
57511.400181 19.076453      NaN   28    19 c    0    0.94 171.80257 -0.76754  4541.97  8591.33 4.00 3.82 -68.1 -0.409    19.37 21.29 02a57511o0372c 0xc00800
57514.275542 19.549093      NaN    1    18 c    0    1.11 171.80257 -0.76754  4391.52  9689.89 4.06 3.96  22.0 -0.418    19.49 21.49 02a57514o0131c 0xc00800
57514.288782 19.256669      NaN   18    18 c    0    0.99 171.80257 -0.76754  4371.34  9658.91 4.01 4.01  36.0 -0.424    19.51 21.54 02a57514o0158c 0xc00800
57514.301506 19.569016      NaN  -18    18 c    0    1.05 171.80257 -0.76754  4428.56  9745.05 4.09 4.05 -61.7 -0.420    19.50 21.54 02a57514o0184c 0xc00800
57514.314296 19.155932      NaN   22    19 c    0    0.98 171.80257 -0.76754  4446.90  9633.61 4.06 3.89 -63.7 -0.431    19.53 21.54 02a57514o0210c 0xc00800
57514.327564 19.287255      NaN   16    18 c    0    0.97 171.80257 -0.76754  4405.39  9698.97 4.22 4.06 -66.8 -0.415    19.47 21.55 02a57514o0237c 0xc00800
57538.278387 19.142275      NaN   20    20 c    0    0.79 171.80257 -0.76754  3951.64  8122.46 4.16 3.76 -72.7 -0.461    19.38 21.34 02a57538o0100c 0xc00800
57538.289920 19.102305      NaN   29    18 c    0    1.03 171.80257 -0.76754  3931.72  8083.08 4.00 3.73 -72.1 -0.452    19.39 21.33 02a57538o0123c 0xc00900
57538.300541 19.318728      NaN   14    18 c    0    1.11 171.80257 -0.76754  3988.72  8159.13 4.04 3.70 -70.7 -0.449    19.38 21.33 02a57538o0144c 0xc00900
57538.311967 19.401649      NaN  -19    21 c    0    0.80 171.80257 -0.76754  4007.56  8042.30 3.97 3.58 -66.0 -0.456    19.39 21.30 02a57538o0166c 0xc00800
57538.322978 19.155932      NaN   25    18 c    0    1.14 171.80257 -0.76754  3967.49  8099.21 3.92 3.61 -61.7 -0.445    19.39 21.30 02a57538o0187c 0xc00800
57539.275665 19.454622      NaN  -25    20 c    0    0.91 171.80257 -0.76754  3730.16  8955.96 4.04 3.81 -67.5 -0.449    19.42 21.37 02a57539o0087c 0xc00800
57539.289400 19.014394      NaN   -4    30 c    0    1.12 171.80257 -0.76754  3711.36  8915.47 3.96 3.74 -59.6 -0.454    18.92 20.79 02a57539o0114c 0xc00800
57540.276206 19.454622      NaN    6    18 c    0    0.84 171.80257 -0.76754  6056.10  8395.00 4.00 3.68 -86.9 -0.439    19.49 21.46 02a57540o0087c 0xc00800
57540.288892 19.631075      NaN  -23    17 c    0    1.00 171.80257 -0.76754  6036.55  8355.59 4.03 3.71 -86.0 -0.455    19.47 21.45 02a57540o0112c 0xc00800
57540.301215 18.900000      NaN   40    20 c    0    0.73 171.80257 -0.76754  6096.03  8432.53 4.01 3.63 -89.8 -0.456    19.45 21.38 02a57540o0136c 0xc00800
57540.311947 19.256669      NaN   15    19 c    0    0.90 171.80257 -0.76754  6117.55  8314.19 4.18 3.87 -75.7 -0.426    19.38 21.35 02a57540o0157c 0xc00800
57540.324184 19.510313      NaN  -18    19 c    0    1.06 171.80257 -0.76754  6079.68  8370.09 3.98 3.63 -84.1 -0.455    19.42 21.35 02a57540o0181c 0xc00800
57544.268366 19.014394      NaN  -33    30 c    0    0.93 171.80257 -0.76754  6140.10  9008.83 3.96 3.68  82.6 -0.458    19.02 20.85 02a57544o0080c 0xc00800
57544.280347 19.169763      NaN    0    26 c    0    1.00 171.80257 -0.76754  6122.18  8970.09 3.99 3.68  88.0 -0.463    19.08 20.92 02a57544o0104c 0xc00800
57544.293688 18.978793      NaN  -13    31 c    0    1.01 171.80257 -0.76754  6181.10  9047.57 4.04 3.73 -89.8 -0.466    18.95 20.83 02a57544o0130c 0xc00800
57544.305442 19.256669      NaN  -29    24 c    0    1.28 171.80257 -0.76754  6200.87  8931.17 3.97 3.73 -82.4 -0.434    19.02 20.92 02a57544o0153c 0xc00800
57544.317079 18.534680      NaN   32    36 c    0    0.79 171.80257 -0.76754  6164.85  8988.24 3.83 3.63 -87.9 -0.446    18.97 20.86 02a57544o0176c 0xc00900
57548.263057 19.302877      NaN   -3    23 c    0    1.00 171.80257 -0.76754  3894.91  8110.80 4.06 3.93 -66.3 -0.438    19.16 20.89 02a57548o0071c 0xc00800
57548.273021 19.367717      NaN    2    21 c    0    1.08 171.80257 -0.76754  3877.67  8071.75 3.99 3.78 -74.4 -0.431    19.21 20.93 02a57548o0091c 0xc00800
57548.285671 18.767304      NaN   47    22 c    0    0.95 171.80257 -0.76754  3936.77  8148.95 4.13 3.86 -69.0 -0.439    19.16 20.91 02a57548o0116c 0xc00800
57548.297620 19.351140      NaN  -23    22 c    0    1.20 171.80257 -0.76754  3957.87  8031.21 3.98 3.76 -70.9 -0.522    19.16 20.85 02a57548o0140c 0xc00900
57548.309337 19.212347      NaN    9    22 c    0    1.14 171.80257 -0.76754  3919.44  8088.28 3.96 3.70 -68.5 -0.451    19.17 20.86 02a57548o0163c 0xc00800
57756.638001 19.674510      NaN    1    16 c    0    0.87 171.80257 -0.76754  5592.16  7041.57 3.49 3.41 -64.9 -0.457    19.72 21.63 02a57756o0810c 0xc00800
57756.643049 19.674510      NaN    4    15 c    0    0.89 171.80257 -0.76754  5575.99  7004.40 3.52 3.42 -65.6 -0.460    19.72 21.63 02a57756o0820c 0xc00800
57756.665041 19.472870      NaN    8    17 c    0    1.07 171.80257 -0.76754  5635.54  7083.74 3.49 3.35 -43.2 -0.444    19.47 21.14 02a57756o0859c 0xc00800
57776.610235 19.674510      NaN    1    16 c    0    0.98 171.80257 -0.76754  4154.74  7809.22 3.78 3.67  53.5 -0.416    19.69 21.67 02a57776o0754c 0xc00800
57776.629007 19.454622      NaN    9    17 c    0    0.96 171.80257 -0.76754  4136.92  7770.82 3.73 3.65  54.3 -0.414    19.67 21.60 02a57776o0791c 0xc00800
57776.646767 19.841877      NaN   -9    14 c    0    1.19 171.80257 -0.76754  4199.04  7847.58 3.76 3.71  53.6 -0.413    19.62 21.53 02a57776o0827c 0xc00900
57776.657610 19.766969      NaN    3    14 c    0    1.43 171.80257 -0.76754  4220.46  7731.91 3.87 3.80  59.9 -0.397    19.56 21.47 02a57776o0846c 0xc00800
57776.678537 17.047121      NaN  149   134 c    0    1.37 171.80257 -0.76754  4184.51  7786.53 3.88 3.84  57.3 -0.425    17.97 18.55 02a57776o0884c 0xc00800
57780.605467 19.142275      NaN   32    16 c    0    0.95 171.80257 -0.76754  3993.89  9348.10 3.50 3.20  -5.0 -0.422    19.82 21.85 02a57780o0739c 0xc00800
57780.621777 19.631075      NaN   -9    17 c    0    0.96 171.80257 -0.76754  3976.76  9309.58 3.66 3.39   2.7 -0.406    19.79 21.84 02a57780o0767c 0xc00800
57780.642381 19.631075      NaN   -4    17 c    0    1.03 171.80257 -0.76754  4039.13  9384.32 4.13 3.99  23.6 -0.406    19.69 21.79 02a57780o0809c 0xc00800
57780.656364 19.674510      NaN    7    14 c    0    1.56 171.80257 -0.76754  4060.91  9267.88 3.75 3.43   6.3 -0.393    19.70 21.71 02a57780o0834c 0xc00800
57780.671516 18.878500      NaN  -30    34 c    0    1.00 171.80257 -0.76754  4023.00  9323.23 3.87 3.65   9.1 -0.424    18.81 20.04 02a57780o0860c 0xc00800
57784.589875 19.696897      NaN   -5    16 c    0    0.69 171.80257 -0.76754  5705.68  7519.00 3.79 3.71  73.2 -0.403    19.77 21.89 02a57784o0525c 0xc00800
57784.620750 19.631075      NaN    3    16 c    0    1.13 171.80257 -0.76754  5750.58  7556.74 3.82 3.71  80.0 -0.400    19.59 21.65 02a57784o0587c 0xc00900
57784.637245 19.791368      NaN    2    14 c    0    1.28 171.80257 -0.76754  5769.73  7440.52 3.87 3.74  85.9 -0.402    19.63 21.70 02a57784o0616c 0xc00800
57784.649564 19.510313      NaN  -18    19 c    0    0.88 171.80257 -0.76754  5732.54  7495.33 3.96 3.83 -89.9 -0.395    19.48 21.55 02a57784o0639c 0xc00800
57804.546815 19.212347      NaN  -15    25 c    0    1.15 171.80257 -0.76754  6556.58   170.00 4.07 4.01 -63.6 -0.401    19.14 20.95 02a57804o0646c 0xc00800
57804.549100 17.552310      NaN  127    73 c    0    0.99 171.80257 -0.76754  2777.92  9858.60 3.71 3.37   6.8 -0.407    17.52 19.11 02a57804o0650c 0xc00800
57804.562644 18.900000      NaN   22    26 c    0    1.01 171.80257 -0.76754  6540.17   130.28 3.92 3.82 -60.5 -0.409    19.04 20.72 02a57804o0674c 0xc00800
57804.565423 18.990530      NaN    8    28 c    0    0.74 171.80257 -0.76754  2760.46  9818.44 3.89 3.55  14.0 -0.390    18.96 20.69 02a57804o0679c 0xc00800
57804.579245 18.748255      NaN   49    22 c    0    1.07 171.80257 -0.76754  6599.40   209.36 3.84 3.76 -27.5 -0.432    19.39 21.10 02a57804o0704c 0xc00900
57804.581555 18.967180      NaN   28    22 c    0    0.97 171.80257 -0.76754  2818.35  9897.21 3.82 3.46  12.7 -0.388    19.24 20.94 02a57804o0708c 0xc00800
57804.594919 19.454622      NaN  -20    20 c    0    0.90 171.80257 -0.76754  6621.19    89.93 4.07 4.02  15.6 -0.403    19.36 21.12 02a57804o0734c 0xc00800
57804.596401 19.401649      NaN  -40    21 c    0    0.84 171.80257 -0.76754  2840.32  9776.44 4.18 3.93  36.3 -0.409    19.29 21.06 02a57804o0737c 0xc00800
57804.610161 19.256669      NaN   -8    24 c    0    0.76 171.80257 -0.76754  6584.13   150.31 3.94 3.86 -13.3 -0.429    19.30 20.98 02a57804o0762c 0xc00800
57804.613150 19.510313      NaN   -7    19 c    0    1.32 171.80257 -0.76754  2805.56  9833.62 3.85 3.53  15.4 -0.390    19.28 20.94 02a57804o0767c 0xc00800
57808.532555 19.631075      NaN  -28    17 c    0    0.77 171.80257 -0.76754  2881.99  8589.27 3.66 3.52  18.9 -0.420    19.64 21.54 02a57808o0598c 0xc00900
57808.550058 19.197966      NaN   25    17 c    0    0.74 171.80257 -0.76754  2865.61  8548.67 3.68 3.57  22.0 -0.435    19.58 21.45 02a57808o0630c 0xc00800
57808.585366 19.510313      NaN  -22    19 c    0    0.89 171.80257 -0.76754  2951.43  8506.84 3.65 3.51  21.8 -0.433    19.45 21.29 02a57808o0697c 0xc00800
57808.592355 18.438271      NaN   60    31 c    0    0.90 171.80257 -0.76754  2910.79  8562.48 3.70 3.57  27.8 -0.421    18.88 20.72 02a57808o0711c 0xc00900
57816.460610 19.491430      NaN   16    14 c    0    0.94 171.80257 -0.76754  5878.45  7077.76 3.63 3.53  79.0 -0.424    19.72 21.80 02a57816o0412c 0xc00900
57816.467935 19.589310      NaN    8    15 c    0    1.05 171.80257 -0.76754  5859.35  7040.03 3.57 3.48  82.8 -0.436    19.73 21.80 02a57816o0426c 0xc00800
57816.478046 19.241693      NaN   25    16 c    0    0.75 171.80257 -0.76754  5918.06  7120.05 3.58 3.47  83.1 -0.434    19.73 21.81 02a57816o0444c 0xc00800
57816.500740 19.674510      NaN   10    13 c    0    0.92 171.80257 -0.76754  5938.32  7004.60 3.56 3.45 -86.9 -0.433    19.73 21.81 02a57816o0487c 0xc00800
57816.506799 19.922338      NaN  -15    13 c    0    1.25 171.80257 -0.76754  5895.52  7064.40 3.70 3.57  83.5 -0.418    19.71 21.82 02a57816o0497c 0xc00800
57836.467935 19.351140      NaN    0    22 c    0    0.94 171.80257 -0.76754  3266.30  8920.62 3.72 3.54  22.4 -0.465    18.95 20.73 02a57836o0453c 0xc00800
57836.484169 19.089302      NaN   24    20 c    0    0.99 171.80257 -0.76754  3248.56  8880.40 3.68 3.49  14.2 -0.416    18.92 20.69 02a57836o0483c 0xc00900
57836.500700 18.900000      NaN   37    21 c    0    0.86 171.80257 -0.76754  3308.33  8956.78 3.66 3.46  16.5 -0.410    18.91 20.66 02a57836o0513c 0xc00900
57836.534105 19.401649      NaN  -16    21 c    0    1.35 171.80257 -0.76754  3290.79  8896.30 4.03 3.90  50.3 -0.409    18.72 20.47 02a57836o0574c 0xc00800
57840.456587 18.878500      NaN   39    21 c    0    0.98 171.80257 -0.76754  3484.63  8492.25 3.71 3.56  28.0 -0.433    18.97 20.81 02a57840o0433c 0xc00800
57840.473664 19.002397      NaN   31    20 c    0    1.19 171.80257 -0.76754  3468.03  8452.17 3.78 3.64  29.7 -0.427    18.94 20.79 02a57840o0465c 0xc00800
57840.508606 19.128787      NaN   12    23 c    0    0.84 171.80257 -0.76754  3550.38  8409.05 3.68 3.52  23.5 -0.447    18.89 20.65 02a57840o0530c 0xc00800
57840.526945 19.401649      NaN   -2    21 c    0    1.18 171.80257 -0.76754  3510.28  8466.75 3.69 3.56  30.1 -0.443    18.83 20.56 02a57840o0564c 0xc00800
57844.422141 19.569016      NaN  -24    18 c    0    1.26 171.80257 -0.76754  5581.19  8613.82 3.49 3.35 -13.7 -0.427    19.62 21.61 02a57844o0361c 0xc00800
57844.441856 19.510313      NaN  -16    19 c    0    1.20 171.80257 -0.76754  5565.12  8574.32 3.58 3.49 -13.1 -0.441    19.57 21.56 02a57844o0399c 0xc00800
57844.454912 19.436675      NaN    7    18 c    0    1.07 171.80257 -0.76754  5623.40  8649.87 3.61 3.55 -14.5 -0.461    19.56 21.53 02a57844o0424c 0xc00800
57844.473118 19.367717      NaN    8    19 c    0    0.98 171.80257 -0.76754  5644.83  8531.86 3.57 3.50 -11.6 -0.466    19.54 21.49 02a57844o0458c 0xc00800
57844.489787 19.419021      NaN    2    20 c    0    1.10 171.80257 -0.76754  5606.33  8589.18 3.58 3.50 -13.8 -0.441    19.51 21.45 02a57844o0490c 0xc00800
57868.432850 19.743105      NaN   10    12 c    0    0.96 171.80257 -0.76754  4253.65  6739.85 2.61 2.42  21.6 -0.481    19.27 20.36 02a57868o0176c 0xc00800
57868.446005 19.766969      NaN   12    11 c    0    1.28 171.80257 -0.76754  4234.88  6700.81 2.71 2.44  13.1 -0.484    19.20 20.28 02a57868o0201c 0xc00800
57896.350073 19.696897      NaN   15    11 c    0    1.25 171.80257 -0.76754  5799.29  8211.94 3.09 3.02 -17.0 -0.458    19.49 21.34 02a57896o0160c 0xc00800
57896.367565 19.743105      NaN    4    14 c    0    0.98 171.80257 -0.76754  5855.58  8289.28 3.56 3.50 -71.1 -0.428    19.31 21.24 02a57896o0193c 0xc00800
57900.323774 19.894850      NaN    7    11 c    0    0.93 171.80257 -0.76754  4530.77  7549.23 2.59 2.38  35.4 -0.518    19.56 21.13 02a57900o0148c 0xc00800
57900.340388 19.472870      NaN   23    12 c    0    0.77 171.80257 -0.76754  4513.24  7508.53 2.46 2.34  20.5 -0.543    19.55 21.12 02a57900o0179c 0xc00800
57900.357423 19.922338      NaN    6    11 c    0    1.21 171.80257 -0.76754  4573.42  7584.65 2.53 2.35  17.1 -0.528    19.52 21.07 02a57900o0211c 0xc00800
57900.374880 19.791368      NaN    8    12 c    0    1.02 171.80257 -0.76754  4597.74  7466.98 2.54 2.27  11.5 -0.523    19.44 20.98 02a57900o0244c 0xc00800
57900.392339 19.631075      NaN   12    13 c    0    0.87 171.80257 -0.76754  4558.36  7523.25 2.53 2.28   5.3 -0.524    19.39 20.88 02a57900o0277c 0xc00800
57904.278654 19.841877      NaN  -18    14 c    0    1.05 171.80257 -0.76754  3419.03  7856.39 2.45 2.39  -4.5 -0.469    19.29 20.39 02a57904o0035c 0xc00800
58074.648390 19.454622      NaN   24    12 c    0    1.60 171.80257 -0.76754  4785.96  7477.59 2.51 2.29  29.9 -0.500    19.24 20.50 02a58074o0836c 0xc00800
58074.656465 18.757738      NaN   15    33 c    0    1.44 171.80257 -0.76754  4803.22  7517.56 2.52 2.26  37.7 -0.506    18.24 19.12 02a58074o0853c 0xc00800
58082.653321 19.367717      NaN    5    20 c    0    1.12 171.80257 -0.76754  5148.67  4969.93 2.66 2.54  53.8 -0.420    18.76 20.08 02a58082o0965c 0xc00800
58082.662341 17.419558      NaN  190    67 c    0    1.49 171.80257 -0.76754  5168.38  5011.32 2.40 2.33  53.4 -0.455    17.43 18.31 02a58082o0982c 0xc00900
58134.636305 20.449472      NaN   -5     8 c    0    1.00 171.80257 -0.76754  6450.37  4881.15 2.59 2.48 -84.7 -0.430    19.79 21.76 02a58134o0930c 0xc00800
58134.646398 20.495680      NaN    2     7 c    0    1.02 171.80257 -0.76754  6431.48  4843.20 2.55 2.49  82.0 -0.429    19.78 21.73 02a58134o0951c 0xc00800
58134.656381 20.594452      NaN  -16     7 c    0    1.26 171.80257 -0.76754  6490.86  4920.44 2.65 2.58 -82.4 -0.422    19.74 21.72 02a58134o0972c 0xc00800
58134.666283 19.791368      NaN   17     9 c    0    0.99 171.80257 -0.76754  6512.65  4803.94 2.53 2.46  76.8 -0.431    19.62 21.30 02a58134o0993c 0xc00800
58162.564898 20.362567      NaN    2     8 c    0    0.98 171.80257 -0.76754  5214.85  3447.81 2.49 2.32  49.4 -0.411    19.83 21.77 02a58162o0265c 0xc00800
58162.575705 20.321591      NaN    6     7 c    0    0.99 171.80257 -0.76754  5198.55  3408.26 2.46 2.32  48.2 -0.415    19.83 21.75 02a58162o0287c 0xc00800
58162.586003 20.761819      NaN   -1     6 c    0    1.37 171.80257 -0.76754  5258.66  3483.65 2.46 2.34  48.8 -0.414    19.82 21.76 02a58162o0308c 0xc00800
58226.430597 16.108481      NaN -401   436 c    0    0.71 171.80257 -0.76754  6940.02  2485.66 2.63 2.49 -72.1 -0.384    15.66 17.07 02a58226o0234c 0xc00802
58226.441165 17.439172      NaN -259   128 c    0    0.92 171.80257 -0.76754  6920.86  2446.87 2.67 2.55 -67.6 -0.432    16.71 18.18 02a58226o0256c 0xc00900
58226.452166 18.232071      NaN   62    41 c    0    0.85 171.80257 -0.76754  6979.50  2524.74 2.64 2.55 -66.3 -0.407    18.20 19.70 02a58226o0279c 0xc00800
58226.462651 18.878500      NaN   -5    34 c    0    1.23 171.80257 -0.76754  7001.39  2408.36 2.69 2.62 -58.5 -0.399    18.30 19.83 02a58226o0301c 0xc00800
58251.455890 19.652575      NaN   14    12 c    0    1.01 171.80257 -0.76754  6579.09  3709.57 2.79 2.56 -58.2 -0.402    19.36 20.99 02a58251o0489c 0xc00900
58252.385362 20.321591      NaN   -7     9 c    0    1.34 171.80257 -0.76754  6585.94  3705.66 2.63 2.51 -74.0 -0.409    19.63 21.32 02a58252o0321c 0xc00800
58252.404164 19.816329      NaN   13    10 c    0    1.13 171.80257 -0.76754  6584.26  3704.57 2.56 2.48 -74.8 -0.414    19.57 21.23 02a58252o0358c 0xc00900
58252.423562 19.491430      NaN   22    12 c    0    0.70 171.80257 -0.76754  6585.03  3705.48 2.70 2.52 -65.7 -0.403    19.50 21.11 02a58252o0395c 0xc00800
58252.436474 20.207197      NaN  -11    10 c    0    1.51 171.80257 -0.76754  6585.78  3706.05 2.66 2.52 -56.0 -0.401    19.46 21.02 02a58252o0423c 0xc00800
58254.366344 20.137125      NaN    5     9 c    0    0.91 171.80257 -0.76754  7647.19  4410.33 2.78 2.59 -67.2 -0.408    19.53 21.44 02a58254o0057c 0xc00800
58254.377199 20.207197      NaN   -4    10 c    0    0.96 171.80257 -0.76754  7627.79  4370.35 2.70 2.52 -69.3 -0.412    19.53 21.38 02a58254o0080c 0xc00800
58254.388509 19.696897      NaN    9    13 c    0    1.08 171.80257 -0.76754  7685.71  4447.25 2.77 2.66 -66.1 -0.413    19.33 21.14 02a58254o0103c 0xc00800
58254.399305 20.137125      NaN    2    10 c    0    1.43 171.80257 -0.76754  7705.49  4329.62 2.85 2.70 -62.1 -0.409    19.35 21.18 02a58254o0126c 0xc00800
58278.322826 19.696897      NaN   -1    16 c    0    1.18 171.80257 -0.76754  6513.51  3339.56 2.93 2.73 -67.1 -0.391    18.84 20.56 02a58278o0176c 0xc00800
58286.301462 19.472870      NaN   23    12 c    0    1.25 171.80257 -0.76754  6646.18  3296.75 2.77 2.55 -68.9 -0.410    19.31 20.78 02a58286o0131c 0xc00800
58286.312386 19.652575      NaN   14    12 c    0    1.32 171.80257 -0.76754  6625.87  3258.09 2.74 2.53 -63.9 -0.410    19.36 20.84 02a58286o0154c 0xc00800
58286.323305 19.868040      NaN    2    13 c    0    0.82 171.80257 -0.76754  6684.24  3336.57 2.84 2.57 -58.8 -0.404    19.33 20.87 02a58286o0177c 0xc00800
58286.334360 19.922338      NaN    9    10 c    0    1.28 171.80257 -0.76754  6706.26  3222.08 2.69 2.55 -58.4 -0.417    19.41 20.91 02a58286o0200c 0xc00800
58310.257038 19.401649      NaN   -2    21 c    0    1.11 171.80257 -0.76754  6372.09  3598.44 2.70 2.42 -62.2 -0.412    18.80 19.92 02a58310o0033c 0xc00800
58310.264681 19.841877      NaN   -1    14 c    0    1.15 171.80257 -0.76754  6352.50  3558.84 2.76 2.52 -60.9 -0.395    19.20 20.49 02a58310o0049c 0xc00800
58310.275150 19.367717      NaN   26    13 c    0    1.05 171.80257 -0.76754  6410.51  3636.04 2.76 2.51 -58.9 -0.403    19.18 20.59 02a58310o0071c 0xc00900
58310.286122 20.009244      NaN   -1    12 c    0    1.38 171.80257 -0.76754  6431.08  3517.89 2.85 2.59 -57.0 -0.398    19.19 20.64 02a58310o0094c 0xc00800
58458.657596 19.674510      NaN   10    13 c    0    0.98 171.80257 -0.76754  2997.23  2865.10 2.66 2.53  43.6 -0.397    19.30 20.69 02a58458o0635c 0xc00900
58458.666468 18.757738      NaN  -46    38 c    0    1.05 171.80257 -0.76754  3015.71  2905.31 2.53 2.44  43.6 -0.415    17.96 18.74 02a58458o0653c 0xc00800
58462.647338 20.103715      NaN    3    10 c    0    1.20 171.80257 -0.76754  4940.97   924.54 3.18 2.99  48.6 -0.406    19.50 21.49 02a58462o0949c 0xc00800
58462.656136 19.894850      NaN    7    11 c    0    1.03 171.80257 -0.76754  4959.70   965.35 3.01 2.80  35.4 -0.404    19.46 21.21 02a58462o0967c 0xc00800
58462.664416 19.454622      NaN   -1    20 c    0    0.95 171.80257 -0.76754  4899.29   887.72 3.10 2.93  40.3 -0.398    18.71 19.93 02a58462o0984c 0xc00800
58462.673411 17.555452      NaN  -96   115 c    0    0.95 171.80257 -0.76754  4880.06  1007.18 3.01 2.85  47.3 -0.355    16.74 17.56 02a58462o1002c 0xc00800
58486.590448 20.321591      NaN   -3     9 c    0    1.00 171.80257 -0.76754  8805.31  4821.30 2.55 2.45 -65.4 -0.418    19.75 21.66 02a58486o0833c 0xc00800
58486.595493 18.511660 0.083518  143    11 c    0 1244.11 171.80257 -0.76754  8828.09  4859.88 2.61 2.50 -83.0 -0.424    19.70 21.66 02a58486o0844c 0xc00801
58486.604834 20.137125      NaN    2    10 c    0    0.96 171.80257 -0.76754  8771.76  4781.92 2.63 2.56 -80.1 -0.418    19.66 21.67 02a58486o0864c 0xc00800
58486.619225 20.071303      NaN    7     9 c    0    1.12 171.80257 -0.76754  8747.74  4899.70 2.58 2.49 -73.2 -0.414    19.71 21.69 02a58486o0895c 0xc00800
58494.547393 20.071303      NaN    7     9 c    0    1.34 171.80257 -0.76754  8834.83   927.71 2.77 2.60  64.2 -0.406    19.69 21.88 02a58494o0731c 0xc00800
58494.556148 20.137125      NaN    5     9 c    0    1.04 171.80257 -0.76754  8851.66   967.60 2.73 2.56  71.1 -0.407    19.69 21.90 02a58494o0749c 0xc00800
58494.565744 20.009244      NaN    6    10 c    0    1.02 171.80257 -0.76754  8789.16   893.50 2.76 2.67  80.2 -0.404    19.72 21.91 02a58494o0768c 0xc00800
58494.574735 19.696897      NaN   21     9 c    0    0.89 171.80257 -0.76754  8768.75  1012.34 2.74 2.62  66.2 -0.405    19.72 21.89 02a58494o0786c 0xc00900
58518.539527 19.950541      NaN   11     9 c    0    0.85 171.80257 -0.76754  9552.93  7685.95 2.47 2.40 -11.7 -0.433    19.84 21.85 02a58518o0675c 0xc00900
58518.548373 20.449472 0.361912   24     8 c    0    1.17 171.80257 -0.76754  9531.68  7649.02 2.52 2.47  39.5 -0.427    19.83 21.88 02a58518o0693c 0xc00900
58518.556683 20.039830      NaN    8     9 c    0    0.96 171.80257 -0.76754  9590.12  7729.44 2.50 2.49 -86.9 -0.422    19.83 21.87 02a58518o0710c 0xc00900
58518.565411 20.103715      NaN    6     9 c    0    1.09 171.80257 -0.76754  9608.71  7615.05 2.55 2.53 -81.1 -0.418    19.78 21.85 02a58518o0728c 0xc00800
58578.418505 20.009244      NaN    9     9 c    0    1.41 171.80257 -0.76754  3707.94  7685.75 2.71 2.33  49.2 -0.379    19.70 21.72 02a58578o0424c 0xc00800
58578.427686 19.816329      NaN   13    10 c    0    1.18 171.80257 -0.76754  3689.29  7647.10 2.84 2.39  54.7 -0.380    19.66 21.71 02a58578o0443c 0xc00800
58578.436831 20.207197      NaN  -12    10 c    0    1.31 171.80257 -0.76754  3748.54  7724.69 2.69 2.36  50.2 -0.388    19.67 21.71 02a58578o0462c 0xc00800
58578.446047 20.039830      NaN    5    10 c    0    0.87 171.80257 -0.76754  3769.66  7608.30 2.69 2.37  51.4 -0.389    19.68 21.70 02a58578o0481c 0xc00800
58582.416259 20.071303      NaN    7     9 c    0    1.03 171.80257 -0.76754  9531.79  3819.20 2.70 2.43 -61.5 -0.401    19.62 21.49 02a58582o0416c 0xc00800
58582.425381 19.791368      NaN   17     9 c    0    1.18 171.80257 -0.76754  9512.59  3780.83 2.76 2.48 -59.3 -0.409    19.55 21.48 02a58582o0435c 0xc00900
58582.434520 20.039830      NaN    5    10 c    0    1.00 171.80257 -0.76754  9572.04  3858.50 2.85 2.45 -58.2 -0.400    19.58 21.47 02a58582o0454c 0xc00800
58582.443856 19.868040      NaN   11    10 c    0    1.14 171.80257 -0.76754  9594.85  3741.16 3.00 2.57 -56.9 -0.398    19.50 21.44 02a58582o0473c 0xc00800
58610.375266 19.894850      NaN   16     8 c    0    1.02 171.80257 -0.76754  5648.40  3826.66 2.40 2.26  66.9 -0.407    19.75 21.52 02a58610o0279c 0xc00800
58610.384278 20.071303      NaN   10     8 c    0    1.45 171.80257 -0.76754  5629.82  3787.60 2.45 2.27  57.3 -0.403    19.73 21.46 02a58610o0298c 0xc00900
58610.393143 20.039830      NaN   11     8 c    0    1.21 171.80257 -0.76754  5688.50  3865.36 2.44 2.28  57.9 -0.405    19.71 21.41 02a58610o0317c 0xc00800
58610.402144 19.979496      NaN   10     9 c    0    1.14 171.80257 -0.76754  5710.70  3748.43 2.39 2.30  68.6 -0.404    19.71 21.38 02a58610o0336c 0xc00800
58634.293073 20.009244      NaN    6    10 c    0    1.12 171.80257 -0.76754  9587.67  8201.92 2.72 2.63  60.4 -0.391    19.69 21.42 02a58634o0135c 0xc00800
58634.296010 20.009244      NaN    3    11 c    0    0.86 171.80257 -0.76754  9568.03  8162.32 2.75 2.66  62.1 -0.388    19.68 21.41 02a58634o0141c 0xc00800
58634.302091 20.103715      NaN  -16    11 c    0    1.12 171.80257 -0.76754  9627.45  8240.39 2.75 2.64  83.5 -0.392    19.71 21.39 02a58634o0154c 0xc00800
58634.312326 19.696897      NaN   12    12 c    0    0.72 171.80257 -0.76754  9648.19  8123.17 2.72 2.66 -74.0 -0.396    19.63 21.41 02a58634o0176c 0xc00800
58642.275566 19.841877 0.336061   42    13 c    0    0.75 171.80257 -0.76754  1397.87  8083.82 2.42 2.26 -56.7 -0.435    19.45 20.76 02a58642o0094c 0xc00900
58642.278337 19.510313      NaN   24    11 c    0    1.32 171.80257 -0.76754  1379.08  8044.27 2.42 2.28 -57.9 -0.433    19.42 20.76 02a58642o0100c 0xc00900
58642.284334 19.766969      NaN    9    12 c    0    1.22 171.80257 -0.76754  1436.67  8122.04 2.39 2.27 -59.2 -0.433    19.40 20.76 02a58642o0113c 0xc00800
58642.294092 19.922338      NaN  -27    13 c    0    1.09 171.80257 -0.76754  1458.64  8003.56 2.73 2.53 -56.2 -0.418    19.27 20.73 02a58642o0134c 0xc00800
58666.245869 17.016042      NaN -713   189 c    0    1.02 171.80257 -0.76754  3445.76  9939.62 3.20 2.54  51.2 -0.421    16.75 17.65 02a58666o0020c 0xc00802
58666.248611 17.685696      NaN -235   102 c    0    1.01 171.80257 -0.76754  3426.03  9899.22 3.04 2.61  52.1 -0.382    17.34 18.28 02a58666o0026c 0xc00800
58666.255090 18.816441      NaN  -39    36 c    0    0.82 171.80257 -0.76754  3484.56  9976.36 2.96 2.62  57.1 -0.396    18.61 19.63 02a58666o0040c 0xc00800
58666.264916 19.841877      NaN   -5    14 c    0    1.30 171.80257 -0.76754  3503.69  9858.16 2.73 2.52  80.2 -0.388    19.35 20.76 02a58666o0061c 0xc00800
58790.613510 19.318728      NaN   14    18 c    0    0.94 171.80257 -0.76754  2925.74  2284.97 2.59 2.47  37.0 -0.390    18.88 20.22 02a58790o0902c 0xc00800
58790.616735 19.510313      NaN    6    17 c    0    1.30 171.80257 -0.76754  2944.95  2323.76 2.65 2.48  35.4 -0.389    18.90 20.23 02a58790o0909c 0xc00800
58790.623522 19.226921      NaN   23    17 c    0    0.87 171.80257 -0.76754  2888.95  2245.90 2.49 2.40  35.5 -0.400    19.00 20.25 02a58790o0923c 0xc00800
58790.637538 19.868040      NaN    2    13 c    0    1.76 171.80257 -0.76754  2870.64  2362.60 2.42 2.35  49.6 -0.400    18.99 20.20 02a58790o0952c 0xc00800
58814.633561 20.171596      NaN    1    10 c    0    0.99 171.80257 -0.76754  8988.04  8802.81 2.65 2.60  77.2 -0.384    19.59 21.16 02a58814o0856c 0xc00900
58814.636793 20.103715      NaN  -10    11 c    0    0.85 171.80257 -0.76754  9007.51  8842.41 2.67 2.61  74.3 -0.388    19.58 21.16 02a58814o0863c 0xc00800
58814.643691 20.009244      NaN   -2    12 c    0    1.07 171.80257 -0.76754  8947.85  8764.45 2.69 2.61 -88.8 -0.388    19.58 21.15 02a58814o0878c 0xc00800
58814.648333 20.009244      NaN    0    12 c    0    0.89 171.80257 -0.76754  8928.35  8882.34 2.69 2.61 -89.7 -0.385    19.55 21.08 02a58814o0888c 0xc00800
58846.469866 19.212347      NaN   33    14 c    0    1.13 171.80257 -0.76754  9170.88  2475.93 4.09 3.87 -38.6 -0.338    19.14 21.51 02a58846o0599c 0xc00900
58846.473387 19.569016      NaN   18    12 c    0    1.49 171.80257 -0.76754  9189.45  2515.08 3.97 3.71 -64.0 -0.358    19.17 21.54 02a58846o0606c 0xc00900
58846.480854 19.472870      NaN   11    16 c    0    1.02 171.80257 -0.76754  9136.64  2435.09 4.23 3.99  -6.3 -0.387    19.14 21.56 02a58846o0622c 0xc00800
58846.491105 19.841877      NaN  -23    14 c    0    0.93 171.80257 -0.76754  9117.79  2551.21 4.18 4.08  19.8 -0.355    19.13 21.59 02a58846o0644c 0xc00800
58870.519414 20.362567      NaN    2     8 c    0    0.97 171.80257 -0.76754  7138.66   623.47 2.36 2.19 -63.6 -0.420    19.83 21.86 02a58870o0688c 0xc00800
58870.523302 20.449472      NaN    0     8 c    0    0.85 171.80257 -0.76754  7158.03   664.15 2.34 2.23 -65.8 -0.418    19.81 21.87 02a58870o0696c 0xc00900
58874.571390 20.244005      NaN    2     9 c    0    0.94 171.80257 -0.76754  3239.83  6039.81 2.33 2.31 -66.8 -0.415    19.80 21.94 02a58874o0791c 0xc00800
58874.582746 19.950541      NaN   14     8 c    0    0.86 171.80257 -0.76754  3220.69  6000.06 2.32 2.26 -50.5 -0.419    19.84 21.92 02a58874o0814c 0xc00800
58874.595914 20.207197      NaN    6     8 c    0    1.34 171.80257 -0.76754  3274.90  6078.63 2.31 2.27 -65.3 -0.419    19.84 21.89 02a58874o0841c 0xc00800
58874.598675 19.868040      NaN   17     8 c    0    1.06 171.80257 -0.76754  3297.88  5963.94 2.26 2.21 -66.6 -0.423    19.81 21.89 02a58874o0847c 0xc00900
58878.439458 19.318728      NaN   29    13 c    0    1.23 171.80257 -0.76754  7325.65  4511.40 2.43 2.28  30.1 -0.464    19.30 21.14 02a58878o0508c 0xc00800
58878.442718 20.009244      NaN   -3    12 c    0    1.26 171.80257 -0.76754  7345.03  4550.10 2.42 2.26  41.1 -0.404    19.50 21.33 02a58878o0515c 0xc00800
58878.449216 20.171596      NaN    1    10 c    0    0.93 171.80257 -0.76754  7289.88  4472.67 2.34 2.27  78.5 -0.406    19.66 21.53 02a58878o0529c 0xc00800
58878.460279 20.362567      NaN    2     8 c    0    1.11 171.80257 -0.76754  7264.35  4589.35 2.46 2.28  41.8 -0.401    19.65 21.53 02a58878o0553c 0xc00800
58882.522784 20.405150      NaN    1     8 c    0    1.03 171.80257 -0.76754  2188.74  6928.48 2.51 2.18 -50.5 -0.419    19.76 21.79 02a58882o0620c 0xc00800
58882.527907 19.950541      NaN    8    10 c    0    0.84 171.80257 -0.76754  2209.50  6969.55 2.58 2.21 -52.3 -0.422    19.74 21.80 02a58882o0631c 0xc00900
58882.531145 20.137125      NaN    8     8 c    0    1.22 171.80257 -0.76754  2152.82  6891.14 2.52 2.14 -54.4 -0.432    19.78 21.80 02a58882o0638c 0xc00800
58882.541172 19.950541      NaN    8    10 c    0    0.98 171.80257 -0.76754  2137.38  7010.43 2.57 2.17 -54.9 -0.425    19.75 21.77 02a58882o0659c 0xc00800
58902.466604 20.244005      NaN    5     8 c    0    1.04 171.80257 -0.76754  4684.36  8482.06 2.51 2.35 -41.6 -0.415    19.76 21.73 02a58902o0548c 0xc00800
58902.471739 20.594452      NaN   -7     7 c    0    1.95 171.80257 -0.76754  4700.82  8526.02 2.55 2.36 -46.4 -0.414    19.76 21.72 02a58902o0558c 0xc00800
58902.475381 20.282105      NaN    7     7 c    0    1.29 171.80257 -0.76754  4645.22  8444.91 2.46 2.30 -48.6 -0.416    19.77 21.71 02a58902o0565c 0xc00800
58902.486562 19.922338      NaN   12     9 c    0    1.13 171.80257 -0.76754  4625.09  8561.17 2.61 2.37 -52.4 -0.420    19.74 21.67 02a58902o0588c 0xc00800
58930.462175 19.922338      NaN   -5    13 c    0    1.01 171.80257 -0.76754  6428.53  3731.59 2.34 2.26  87.8 -0.401    19.11 20.79 02a58930o0463c 0xc00900
58930.465406 20.321591      NaN  -10     9 c    0    1.42 171.80257 -0.76754  6410.47  3689.94 2.35 2.20 -68.2 -0.405    19.46 21.18 02a58930o0470c 0xc00800
58930.472332 19.894850      NaN    7    11 c    0    0.97 171.80257 -0.76754  6467.60  3770.62 2.37 2.28  68.0 -0.405    19.51 21.26 02a58930o0485c 0xc00800
58930.482580 19.609992      NaN   22    10 c    0    0.83 171.80257 -0.76754  6488.92  3655.08 2.38 2.27 -67.9 -0.403    19.45 21.18 02a58930o0507c 0xc00800
58934.382085 19.419021      NaN   20    14 c    0    1.14 171.80257 -0.76754  4135.73  6828.04 2.83 2.67 -33.8 -0.379    19.08 21.09 02a58934o0350c 0xc00800
58934.386257 19.002397      NaN   22    23 c    0    1.05 171.80257 -0.76754  4154.35  6866.24 2.97 2.82 -41.5 -0.382    18.69 20.72 02a58934o0359c 0xc00800
58934.394293 19.696897      NaN  -12    16 c    0    1.42 171.80257 -0.76754  6477.14  3764.69 2.90 2.79 -57.6 -0.378    18.84 20.84 02a58934o0376c 0xc00800
58934.406918 19.351140      NaN   12    18 c    0    1.11 171.80257 -0.76754  6496.55  3649.40 3.09 3.00 -57.0 -0.366    18.75 20.85 02a58934o0402c 0xc00800
58958.352701 20.207197      NaN   -4    10 c    0    0.79 171.80257 -0.76754  5585.43  6436.48 2.70 2.28  41.2 -0.393    19.71 21.52 02a58958o0276c 0xc00900
58958.356399 20.207197      NaN    3     9 c    0    0.88 171.80257 -0.76754  5566.07  6398.04 2.69 2.28  44.6 -0.396    19.69 21.51 02a58958o0284c 0xc00800
58958.362456 19.979496      NaN   10     9 c    0    0.87 171.80257 -0.76754  5625.49  6472.70 2.66 2.30  44.1 -0.397    19.73 21.52 02a58958o0297c 0xc00800
58958.372823 20.207197      NaN   -1    10 c    0    1.00 171.80257 -0.76754  5645.31  6357.88 2.67 2.33  47.3 -0.398    19.72 21.52 02a58958o0319c 0xc00800
58962.390732 19.115465      NaN    7    25 c    0    1.28 171.80257 -0.76754  9778.65  1887.06 2.63 2.31 -53.8 -0.423    18.60 20.19 02a58962o0338c 0xc00800
58962.393952 19.569016      NaN  -25    18 c    0    1.31 171.80257 -0.76754  9760.14  1847.25 2.52 2.28 -53.0 -0.418    18.70 20.29 02a58962o0345c 0xc00900
58962.399569 19.510313      NaN  -41    19 c    0    1.17 171.80257 -0.76754  9818.41  1925.80 2.54 2.32 -51.5 -0.412    18.81 20.47 02a58962o0357c 0xc00900
58962.409703 18.878500      NaN  -20    34 c    0    1.29 171.80257 -0.76754  9840.97  1807.99 2.59 2.30 -52.3 -0.421    18.14 19.68 02a58962o0379c 0xc00900
58966.359611 20.449472      NaN   -8     8 c    0    1.15 171.80257 -0.76754  9780.58  1878.45 2.61 2.21 -55.4 -0.427    19.66 21.44 02a58966o0285c 0xc00800
58966.362385 20.103715      NaN    6     9 c    0    1.09 171.80257 -0.76754  9762.05  1840.51 2.67 2.27 -55.9 -0.425    19.67 21.45 02a58966o0291c 0xc00800
58966.368863 20.321591      NaN   -2     9 c    0    1.51 171.80257 -0.76754  9821.70  1922.96 2.63 2.29 -56.8 -0.472    19.69 21.44 02a58966o0305c 0xc00800
58966.379013 20.321591      NaN   -2     9 c    0    1.44 171.80257 -0.76754  9842.22  1805.38 2.63 2.28 -54.8 -0.416    19.68 21.46 02a58966o0327c 0xc00900
58982.311959 20.071303      NaN    1    11 c    0    0.79 171.80257 -0.76754  3528.51  1678.31 2.69 2.32 -53.2 -0.410    19.53 21.41 02a58982o0155c 0xc00800
58982.342726 20.594452      NaN   -8     7 c    0    1.23 171.80257 -0.76754  3505.41  1642.38 2.60 2.23 -56.5 -0.421    19.74 21.59 02a58982o0221c 0xc00800
58982.345505 20.405150      NaN    4     7 c    0    1.33 171.80257 -0.76754  3565.08  1720.65 2.55 2.21 -55.6 -0.422    19.72 21.59 02a58982o0227c 0xc00800
58982.351491 20.449472      NaN    3     7 c    0    1.43 171.80257 -0.76754  3585.73  1606.02 2.57 2.20 -55.0 -0.414    19.73 21.57 02a58982o0240c 0xc00800
58986.336426 20.207197      NaN   -9    10 c    0    0.89 171.80257 -0.76754  7617.22  8286.45 2.74 2.60 -88.1 -0.400    19.68 21.56 02a58986o0226c 0xc00800
58986.341523 20.009244      NaN    9     9 c    0    1.55 171.80257 -0.76754  7599.29  8244.62 2.64 2.53  86.0 -0.407    19.69 21.53 02a58986o0237c 0xc00800
58986.344782 20.207197      NaN   -5    10 c    0    1.16 171.80257 -0.76754  7657.50  8323.37 2.71 2.55  81.1 -0.398    19.69 21.50 02a58986o0244c 0xc00800
58986.357699 19.868040      NaN   14     9 c    0    1.41 171.80257 -0.76754  7677.14  8209.83 2.62 2.49  75.6 -0.400    19.69 21.49 02a58986o0272c 0xc00800
58990.301360 20.405150      NaN    1     8 c    0    1.19 171.80257 -0.76754  7624.20  8279.73 2.61 2.49  65.2 -0.401    19.69 21.47 02a58990o0146c 0xc00800
58990.304562 19.816329      NaN   19     8 c    0    1.52 171.80257 -0.76754  7606.44  8240.92 2.59 2.51  76.1 -0.400    19.73 21.47 02a58990o0153c 0xc00800
58990.311027 20.207197      NaN   -4    10 c    0    1.08 171.80257 -0.76754  7665.04  8319.65 2.62 2.49  63.5 -0.407    19.68 21.47 02a58990o0167c 0xc00800
58990.321622 19.894850      NaN   10    10 c    0    1.01 171.80257 -0.76754  7685.37  8203.32 2.63 2.51  66.3 -0.410    19.67 21.45 02a58990o0190c 0xc00800
58994.321360 20.207197      NaN  -12    10 c    0    0.75 171.80257 -0.76754  2568.93  3909.54 2.59 2.35  50.6 -0.395    19.61 21.33 02a58994o0183c 0xc00900
58994.325042 20.103715      NaN    3    10 c    0    0.94 171.80257 -0.76754  2549.20  3871.96 2.48 2.40  72.3 -0.404    19.59 21.33 02a58994o0191c 0xc00800
58994.330143 20.321591      NaN   -1     9 c    0    1.44 171.80257 -0.76754  2607.35  3949.43 2.73 2.59  52.2 -0.397    19.50 21.30 02a58994o0202c 0xc00800
58994.341680 20.103715      NaN   -7    11 c    0    1.00 171.80257 -0.76754  2628.09  3833.38 2.78 2.69  62.4 -0.376    19.46 21.24 02a58994o0227c 0xc00800
59022.252085 19.302877      NaN  -22    23 c    0    1.20 171.80257 -0.76754  1300.52  6134.39 2.39 2.16 -54.6 -0.444    18.47 19.40 02a59022o0019c 0xc00800
59022.255293 19.155932      NaN   34    15 c    0    1.35 171.80257 -0.76754  1283.21  6095.90 2.32 2.28  87.8 -0.425    19.00 20.06 02a59022o0026c 0xc00800
59022.260855 19.549093      NaN   22    11 c    0    1.21 171.80257 -0.76754  1343.47  6171.52 2.34 2.23 -58.7 -0.433    19.45 20.81 02a59022o0038c 0xc00800
59022.271910 19.791368      NaN    8    12 c    0    0.86 171.80257 -0.76754  1365.17  6054.08 2.37 2.27 -63.5 -0.426    19.53 21.14 02a59022o0062c 0xc00800
59042.253942 18.396507      NaN  -30    53 c    0    1.09 171.80257 -0.76754  1393.59  8081.92 2.33 2.28  67.9 -0.419    18.06 19.13 02a59042o0023c 0xc00800
59042.257168 19.051202      NaN  -14    29 c    0    0.79 171.80257 -0.76754  1374.40  8042.34 2.34 2.29  51.6 -0.409    18.58 19.67 02a59042o0030c 0xc00800
59042.265012 19.696897      NaN    0    16 c    0    1.21 171.80257 -0.76754  1432.11  8119.52 2.45 2.40  72.4 -0.391    19.05 20.40 02a59042o0047c 0xc00800
59042.276130 19.766969      NaN  -18    15 c    0    1.17 171.80257 -0.76754  1451.56  8001.86 2.46 2.34  53.1 -0.396    19.12 20.53 02a59042o0071c 0xc00800
59170.623481 19.841877      NaN    9    11 c    0    1.08 171.80257 -0.76754  7225.48  2577.66 2.57 2.38  41.4 -0.385    19.38 20.90 02a59170o0857c 0xc00800
59170.641986 19.791368      NaN   14    10 c    0    1.90 171.80257 -0.76754  7238.90  2616.23 2.74 2.43  39.6 -0.379    19.38 20.87 02a59170o0897c 0xc00800
59170.647526 19.922338      NaN  -15    13 c    0    0.93 171.80257 -0.76754  7183.59  2537.82 2.47 2.37  44.8 -0.388    19.31 20.65 02a59170o0909c 0xc00900
59170.653019 19.051202      NaN   36    17 c    0    1.32 171.80257 -0.76754  7163.62  2654.85 2.52 2.36  45.2 -0.380    18.90 19.96 02a59170o0921c 0xc00900
59194.625924 20.137125      NaN    2    10 c    0    1.03 171.80257 -0.76754  8003.14  6644.34 2.66 2.43  32.6 -0.394    19.64 21.28 02a59194o0955c 0xc00800
59194.631414 20.137125      NaN    5     9 c    0    1.53 171.80257 -0.76754  8022.47  6683.92 2.57 2.41  37.6 -0.399    19.66 21.27 02a59194o0967c 0xc00800
59194.653806 20.103715      NaN    9     8 c    0    1.71 171.80257 -0.76754  7963.52  6608.33 2.58 2.42  35.2 -0.395    19.65 21.20 02a59194o1015c 0xc00900
59194.663001 19.696897      NaN    0    16 c    0    1.13 171.80257 -0.76754  7943.66  6727.53 2.64 2.41  34.5 -0.431    19.23 20.32 02a59194o1035c 0xc00800
59198.581585 19.766969      NaN  -33    15 c    0    1.49 171.80257 -0.76754  7999.96  6646.85 2.69 2.49  34.8 -0.385    18.97 20.66 02a59198o0858c 0xc00900
59198.583423 19.401649      NaN  -13    21 c    0    0.73 171.80257 -0.76754  8019.03  6685.18 2.68 2.47  41.4 -0.386    18.83 20.53 02a59198o0862c 0xc00800
59198.588956 19.631075      NaN  -27    17 c    0    1.40 171.80257 -0.76754  7959.30  6607.76 2.70 2.49  38.9 -0.386    18.90 20.60 02a59198o0874c 0xc00800
59198.600442 18.889197      NaN   32    23 c    0    0.94 171.80257 -0.76754  7938.35  6724.24 2.72 2.58  37.0 -0.383    18.61 20.33 02a59198o0899c 0xc00900
59204.605395 20.449472      NaN   -1     8 c    0    1.10 171.80257 -0.76754  5710.78  8373.57 2.37 2.19 -67.7 -0.381    19.83 21.68 01a59204o0830c 0xc00800
59204.610769 20.171596      NaN    1    10 c    0    1.17 171.80257 -0.76754  5692.10  8333.98 2.78 2.47 -11.8 -0.392    19.59 21.59 01a59204o0841c 0xc00800
59204.614489 20.362567      NaN    5     7 c    0    1.43 171.80257 -0.76754  5750.20  8412.56 2.34 2.20 -65.1 -0.380    19.78 21.66 01a59204o0849c 0xc00800
59204.626945 19.894850      NaN   13     9 c    0    0.79 171.80257 -0.76754  5770.79  8297.49 2.40 2.28 -49.9 -0.366    19.81 21.68 01a59204o0876c 0xc00a00
59206.566306 20.039830      NaN    8     9 c    0    1.03 171.80257 -0.76754  6065.93  6737.98 2.52 2.39  46.8 -0.413    19.73 21.51 02a59206o0801c 0xc00800
59206.569522 20.362567      NaN    2     8 c    0    1.12 171.80257 -0.76754  6084.84  6776.99 2.57 2.37  46.3 -0.409    19.69 21.52 02a59206o0808c 0xc00800
59206.575024 19.766969      NaN   21     8 c    0    1.40 171.80257 -0.76754  6026.09  6698.75 2.55 2.36  43.1 -0.406    19.73 21.54 02a59206o0820c 0xc00800
59206.580063 19.979496      NaN   10     9 c    0    1.26 171.80257 -0.76754  6005.72  6814.52 2.68 2.47  46.0 -0.404    19.70 21.54 02a59206o0831c 0xc00800
59208.586119 20.321591      NaN    3     8 c    0    1.62 171.80257 -0.76754   634.68  4012.00 2.41 2.34  11.6 -0.383    19.76 21.59 01a59208o0829c 0xc00800
59208.588885 20.495680      NaN    2     7 c    0    1.44 171.80257 -0.76754   615.02  3973.92 2.37 2.34  64.0 -0.385    19.77 21.59 01a59208o0835c 0xc00800
59208.591650 20.321591      NaN    3     8 c    0    1.38 171.80257 -0.76754   674.19  4052.57 2.47 2.38   6.9 -0.374    19.73 21.60 01a59208o0841c 0xc00800
59208.601782 20.207197      NaN    9     7 c    0    1.68 171.80257 -0.76754   694.88  3937.32 2.44 2.41  67.4 -0.376    19.73 21.64 01a59208o0862c 0xc00800
59224.571206 20.449472      NaN   -2     8 c    0    1.05 171.80257 -0.76754  6447.99  3723.10 2.67 2.45 -14.5 -0.356    19.75 21.77 01a59224o0750c 0xc00800
59224.573047 20.137125      NaN    8     8 c    0    1.09 171.80257 -0.76754  6428.59  3684.38 2.70 2.42 -11.1 -0.359    19.73 21.75 01a59224o0754c 0xc00800
59224.576749 20.594452      NaN   -3     7 c    0    1.27 171.80257 -0.76754  6486.50  3762.10 2.54 2.38 -18.4 -0.371    19.78 21.73 01a59224o0762c 0xc00800
59224.581826 20.449472      NaN   -6     8 c    0    0.99 171.80257 -0.76754  6505.98  3645.45 2.56 2.39 -15.8 -0.369    19.79 21.77 01a59224o0773c 0xc00800
59226.566424 20.137125      NaN    5     9 c    0    0.75 171.80257 -0.76754   887.12   408.13 2.66 2.28 -58.1 -0.410    19.82 21.80 02a59226o0804c 0xc00800
59226.568255 20.207197      NaN    6     8 c    0    1.21 171.80257 -0.76754   907.91   448.13 2.72 2.28 -56.8 -0.410    19.79 21.80 02a59226o0808c 0xc00800
59226.570998 20.244005      NaN    5     8 c    0    1.16 171.80257 -0.76754   847.52   368.50 2.71 2.33 -59.2 -0.406    19.78 21.81 02a59226o0814c 0xc00800
59226.577898 20.207197      NaN    6     8 c    0    1.03 171.80257 -0.76754   830.29   486.35 2.78 2.32 -62.3 -0.406    19.78 21.81 02a59226o0829c 0xc00800
59228.509797 20.449472      NaN   -7     8 c    0    1.18 171.80257 -0.76754  6442.48  3721.01 3.07 2.99 -76.9 -0.339    19.52 21.79 01a59228o0399c 0xc00800
59228.514626 20.171596      NaN    7     8 c    0    1.13 171.80257 -0.76754  6424.84  3683.93 3.07 2.94 -88.2 -0.324    19.57 21.81 01a59228o0409c 0xc00800
59228.517404 19.868040      NaN   11    10 c    0    0.83 171.80257 -0.76754  6484.62  3761.68 3.47 3.34  51.9 -0.317    19.43 21.81 01a59228o0415c 0xc00800
59228.528718 20.207197      NaN   -9    10 c    0    0.88 171.80257 -0.76754  6503.24  3645.86 3.47 3.04 -10.2 -0.310    19.48 21.86 01a59228o0439c 0xc00800
59230.516599 20.207197      NaN    3     9 c    0    0.95 171.80257 -0.76754   883.92   409.35 2.72 2.38 -64.7 -0.403    19.70 21.65 02a59230o0689c 0xc00800
59230.520739 20.647425      NaN    2     6 c    0    2.19 171.80257 -0.76754   904.33   447.62 2.60 2.28 -67.0 -0.412    19.73 21.65 02a59230o0698c 0xc00800
59230.526301 20.449472      NaN   -3     8 c    0    1.06 171.80257 -0.76754   844.95   368.81 2.60 2.29 -65.7 -0.414    19.74 21.63 02a59230o0710c 0xc00800
59230.536250 20.009244      NaN   12     8 c    0    1.33 171.80257 -0.76754   822.54   489.14 2.61 2.29 -64.6 -0.414    19.74 21.66 02a59230o0731c 0xc00800
59232.524433 19.351140      NaN   21    15 c    0    1.13 171.80257 -0.76754  7785.45    57.30 2.63 2.52  30.3 -0.400    19.62 21.70 01a59232o0577c 0xc00800
59232.530882 20.321591      NaN   -1     9 c    0    1.16 171.80257 -0.76754  7749.82 10224.14 2.80 2.24 -79.1 -0.403    19.67 21.74 01a59232o0591c 0xc00800
59232.532728 20.449472      NaN   -8     8 c    0    1.23 171.80257 -0.76754  7729.39 10182.97 2.73 2.16 -79.2 -0.405    19.71 21.75 01a59232o0595c 0xc00900
59232.537848 20.321591      NaN   -4     9 c    0    1.20 171.80257 -0.76754  7792.50 10264.39 2.73 2.48 -76.2 -0.382    19.68 21.77 01a59232o0606c 0xc00900
59232.553994 20.244005      NaN    2     9 c    0    1.06 171.80257 -0.76754  7811.96 10148.05 2.99 2.61 -82.4 -0.356    19.63 21.80 01a59232o0640c 0xc00800
59234.593670 18.191747      NaN  -66    64 c    0    0.87 171.80257 -0.76754  9580.51  8186.31 2.71 2.57  44.5 -0.485    17.46 19.16 02a59234o0613c 0xc00800
59234.645965 15.161486      NaN -176  1043 c    0    0.93 171.80257 -0.76754  9616.09  8232.80 2.71 2.66  53.1 -0.490    15.13 16.61 02a59234o0725c 0xc00802
59234.670782 17.552310      NaN   22   108 c    0    0.87 171.80257 -0.76754  9635.40  8118.45 2.72 2.66 -57.2 -0.386    17.47 18.71 02a59234o0778c 0xc00800
59252.534134 20.321591      NaN    0     9 c    0    0.70 171.80257 -0.76754  4942.08  4134.22 2.58 2.38 -76.3 -0.377    19.76 22.01 01a59252o0712c 0xc00900
59252.537833 20.594452      NaN    0     7 c    0    1.45 171.80257 -0.76754  4963.71  4171.18 2.76 2.57 -80.8 -0.362    19.72 21.99 01a59252o0720c 0xc00900
59252.544305 20.071303      NaN   13     7 c    0    1.25 171.80257 -0.76754  4906.29  4093.37 2.70 2.56 -85.1 -0.362    19.72 21.98 01a59252o0734c 0xc00800
59252.549867 20.244005      NaN    5     8 c    0    0.97 171.80257 -0.76754  4888.40  4209.90 3.01 2.84 -82.2 -0.363    19.59 21.97 01a59252o0746c 0xc00800
59256.485719 20.103715      NaN    6     9 c    0    0.85 171.80257 -0.76754  9772.23  1862.33 2.98 2.77 -64.0 -0.353    19.72 21.98 01a59256o0604c 0xc00800
59256.487564 19.868040      NaN   14     9 c    0    1.07 171.80257 -0.76754  9752.85  1823.19 2.93 2.71 -65.4 -0.358    19.74 21.97 01a59256o0608c 0xc00900
59256.495894 20.039830      NaN    5    10 c    0    0.86 171.80257 -0.76754  9812.94  1903.16 2.92 2.70 -60.7 -0.357    19.77 21.95 01a59256o0626c 0xc00800
59256.500972 20.321591      NaN  -13     9 c    0    1.19 171.80257 -0.76754  9832.63  1783.39 2.83 2.68 -51.3 -0.350    19.79 21.96 01a59256o0637c 0xc00900
59258.469215 19.950541      NaN    8    10 c    0    1.09 171.80257 -0.76754  3053.26  4218.67 2.92 2.79  39.4 -0.393    19.53 21.64 02a59258o0547c 0xc00800
59258.471052 20.071303      NaN    7     9 c    0    1.40 171.80257 -0.76754  3073.23  4256.12 2.63 2.53  36.7 -0.396    19.63 21.64 02a59258o0551c 0xc00800
59258.473808 20.207197      NaN    6     8 c    0    1.26 171.80257 -0.76754  3014.91  4179.43 2.78 2.59  33.6 -0.391    19.66 21.65 02a59258o0557c 0xc00800
59258.489368 19.609992      NaN   22    10 c    0    1.02 171.80257 -0.76754  2994.80  4297.43 3.03 2.94  21.4 -0.391    19.49 21.65 02a59258o0590c 0xc00900
59260.479716 19.894850      NaN   10    10 c    0    0.99 171.80257 -0.76754  9775.11  1863.04 2.86 2.68 -49.1 -0.358    19.74 21.82 01a59260o0483c 0xc00800
59260.481559 20.207197      NaN    3     9 c    0    1.42 171.80257 -0.76754  9755.57  1823.60 2.81 2.62 -53.5 -0.360    19.78 21.82 01a59260o0487c 0xc00800
59260.487098 20.009244      NaN    9     9 c    0    1.22 171.80257 -0.76754  9814.47  1901.54 3.06 2.85 -50.3 -0.343    19.71 21.84 01a59260o0499c 0xc00800
59260.508731 20.207197      NaN    3     9 c    0    1.07 171.80257 -0.76754   728.21  8826.82 2.72 2.49 -62.2 -0.373    19.69 21.88 01a59260o0545c 0xc00800
59262.473126 20.244005      NaN    5     8 c    0    1.00 171.80257 -0.76754  3052.58  4220.22 2.55 2.28  30.4 -0.398    19.74 21.61 02a59262o0565c 0xc00800
59262.474955 20.321591      NaN    3     8 c    0    1.15 171.80257 -0.76754  3074.15  4259.54 2.44 2.28  32.8 -0.401    19.75 21.61 02a59262o0569c 0xc00800
59262.477700 20.495680      NaN    2     7 c    0    1.75 171.80257 -0.76754  3016.52  4181.60 2.46 2.29  31.7 -0.398    19.74 21.61 02a59262o0575c 0xc00800
59262.484106 20.449472      NaN  -15     8 c    0    1.04 171.80257 -0.76754  2997.95  4296.91 2.46 2.27  27.9 -0.401    19.75 21.60 02a59262o0589c 0xc00900
59264.493430 18.376212      NaN  -11    54 c    0    1.40 171.80257 -0.76754  7184.76  2592.25 2.52 2.34 -23.0 -0.368    17.50 19.58 01a59264o0607c 0xc00800
59264.496651 18.349730      NaN   13    51 c    0    0.93 171.80257 -0.76754  7205.43  2631.40 2.47 2.31 -25.4 -0.372    17.82 19.85 01a59264o0614c 0xc00800
59266.642084 15.823239      NaN  546   385 c    0    1.14 171.80257 -0.76754  3419.36  9928.33 2.68 2.66 -68.0 -0.365    15.87 17.37 02a59266o0585c 0xc00802
59266.646249 17.696393      NaN   87    72 c    0    1.30 171.80257 -0.76754  3399.35  9888.94 2.60 2.58 -88.2 -0.388    17.21 18.70 02a59266o0594c 0xc00800
59308.417042 20.244005      NaN    8     7 c    0    1.34 171.80257 -0.76754  8997.40  8778.41 2.46 2.22  78.5 -0.367    19.95 21.61 01a59308o0221c 0xc00800
59308.420266 20.594452      NaN    3     6 c    0    1.70 171.80257 -0.76754  9016.64  8816.39 2.46 2.18  80.5 -0.369    19.94 21.60 01a59308o0228c 0xc00800
59308.426328 20.449472      NaN   -8     8 c    0    0.94 171.80257 -0.76754  8956.96  8739.03 2.46 2.17  79.0 -0.368    19.95 21.58 01a59308o0241c 0xc00900
59308.436509 20.543943      NaN    1     7 c    0    1.13 171.80257 -0.76754  8939.17  8853.74 2.41 2.11  81.3 -0.365    19.97 21.58 01a59308o0262c 0xc00800
59312.414095 20.244005      NaN    8     7 c    0    1.34 171.80257 -0.76754  9249.84  4407.74 2.61 2.40 -85.7 -0.395    19.94 21.79 01a59312o0424c 0xc00800
59312.417332 20.103715      NaN    9     8 c    0    0.94 171.80257 -0.76754  9270.07  4446.56 2.43 2.29  81.8 -0.408    19.98 21.78 01a59312o0431c 0xc00800
59312.422453 20.449472      NaN   -1     8 c    0    1.06 171.80257 -0.76754  9211.17  4368.80 2.45 2.34 -87.1 -0.404    19.98 21.79 01a59312o0442c 0xc00800
59312.438062 20.405150      NaN    1     8 c    0    1.23 171.80257 -0.76754  9193.11  4485.52 2.71 2.40 -86.1 -0.392    19.89 21.72 01a59312o0475c 0xc00800
59320.361294 18.598565      NaN  -33    44 c    0    1.22 171.80257 -0.76754   819.43   472.63 3.63 2.23  84.2 -0.483    17.70 19.70 01a59320o0306c 0xc00800
59320.364519 17.931525      NaN   79    55 c    0    0.91 171.80257 -0.76754   840.20   509.16 3.92 2.29  84.9 -0.449    17.78 19.79 01a59320o0313c 0xc00800
59320.370054 18.220396      NaN   43    48 c    0    1.14 171.80257 -0.76754   779.86   429.23 4.16 2.23  86.0 -0.501    17.93 19.99 01a59320o0325c 0xc00800
59338.378786 19.051202      NaN    9    26 c    0    1.00 171.80257 -0.76754  7721.53 10244.48 2.81 2.67 -77.2 -0.389    18.78 20.49 02a59338o0251c 0xc00800
59338.408456 19.631075      NaN    6    15 c    0    0.90 171.80257 -0.76754  7703.13 10204.64 2.75 2.60 -58.9 -0.403    19.47 21.09 02a59338o0315c 0xc00800
59338.415784 17.685696      NaN  -26   102 c    0    0.78 171.80257 -0.76754  7766.49 10282.65 2.85 2.66 -47.3 -0.383    18.86 20.40 02a59338o0331c 0xc00800
59338.419012 18.702047      NaN   39    27 c    0    1.05 171.80257 -0.76754  7783.83 10164.19 2.76 2.63 -52.2 -0.385    18.73 20.30 02a59338o0338c 0xc00800
59338.419470 19.510313      NaN -314    19 c    0   63.42 171.80257 -0.76754  7750.88    29.70 2.57 2.09 -58.1 -0.409    18.73 20.32 02a59338o0339c 0xc00801
59338.444219 19.589310      NaN    8    15 c    0    1.41 171.80257 -0.76754  7793.60    66.76 2.54 2.07 -53.4 -0.399    19.38 20.88 02a59338o0391c 0xc00900
59342.334923 20.009244      NaN   -9    12 c    0    0.69 171.80257 -0.76754  7728.54 10240.31 2.69 2.62  74.4 -0.395    19.73 21.56 02a59342o0214c 0xc00800
59342.338586 20.009244      NaN    6    10 c    0    1.26 171.80257 -0.76754  7710.09 10201.72 2.67 2.61  69.0 -0.396    19.72 21.57 02a59342o0222c 0xc00800
59342.345018 20.071303      NaN    7     9 c    0    1.12 171.80257 -0.76754  7768.57 10280.88 2.66 2.62  87.4 -0.393    19.69 21.57 02a59342o0236c 0xc00800
59342.359321 20.071303      NaN    4    10 c    0    1.18 171.80257 -0.76754  7789.66 10163.17 2.73 2.63  63.1 -0.391    19.71 21.52 02a59342o0267c 0xc00900
59342.370396 20.207197      NaN  -10    10 c    0    1.51 171.80257 -0.76754  7793.93    67.30 2.48 2.08 -58.5 -0.412    19.69 21.48 02a59342o0291c 0xc00800
59346.331514 19.816329      NaN   16     9 c    0    1.58 171.80257 -0.76754  9475.00  6255.43 2.65 2.56  71.2 -0.400    19.68 21.53 02a59346o0221c 0xc00800
59346.335660 20.103715      NaN   -3    11 c    0    0.87 171.80257 -0.76754  9455.60  6216.17 2.63 2.51  53.3 -0.401    19.71 21.54 02a59346o0230c 0xc00800
59346.341630 20.449472      NaN   -6     8 c    0    1.33 171.80257 -0.76754  9513.33  6295.45 2.58 2.49  64.1 -0.399    19.73 21.54 02a59346o0243c 0xc00800
59346.354158 20.009244      NaN    6    10 c    0    1.12 171.80257 -0.76754  9534.81  6178.95 2.63 2.57  69.1 -0.398    19.67 21.54 02a59346o0270c 0xc00800
59350.312018 19.922338      NaN    6    11 c    0    1.01 171.80257 -0.76754  9478.62  6253.45 2.75 2.67  47.4 -0.388    19.53 21.26 02a59350o0172c 0xc00800
59350.316133 20.039830      NaN    5    10 c    0    1.61 171.80257 -0.76754  9459.29  6214.57 2.94 2.89  54.7 -0.382    19.43 21.27 02a59350o0181c 0xc00800
59350.321238 19.922338      NaN    9    10 c    0    1.30 171.80257 -0.76754  9517.17  6293.81 2.87 2.81  68.4 -0.383    19.49 21.28 02a59350o0192c 0xc00800
59368.306480 19.816329      NaN   16     9 c    0    0.68 171.80257 -0.76754  7315.02  4508.86 2.27 2.07 -83.1 -0.403    19.91 21.45 01a59368o0155c 0xc00800
59368.310194 20.449472      NaN   -4     8 c    0    1.04 171.80257 -0.76754  7334.32  4547.11 2.30 2.08 -83.5 -0.402    19.90 21.44 01a59368o0163c 0xc00900
59368.316649 20.449472      NaN  -10     8 c    0    1.11 171.80257 -0.76754  7276.15  4470.28 2.29 2.08 -83.7 -0.404    19.89 21.44 01a59368o0177c 0xc00800
59368.330009 20.071303      NaN   10     8 c    0    0.92 171.80257 -0.76754  7255.77  4587.31 2.29 2.07 -80.6 -0.405    19.87 21.45 01a59368o0206c 0xc00800
59372.275887 20.449472      NaN   -3     8 c    0    1.04 171.80257 -0.76754  7308.82  4508.21 2.25 2.01 -85.4 -0.412    19.93 21.49 01a59372o0086c 0xc00800
59372.279123 20.071303      NaN   10     8 c    0    1.03 171.80257 -0.76754  7328.23  4547.29 2.30 2.02 -85.8 -0.417    19.91 21.48 01a59372o0093c 0xc00800
59372.284661 20.594452 0.361912   21     7 c    0    1.36 171.80257 -0.76754  7270.31  4470.15 2.29 2.03 -84.7 -0.409    19.90 21.49 01a59372o0105c 0xc00a00
59372.296672 20.543943      NaN    1     7 c    0    1.54 171.80257 -0.76754  7250.50  4585.51 2.26 2.00 -83.6 -0.412    19.91 21.49 01a59372o0131c 0xc00800
59376.297666 20.282105      NaN    4     8 c    0    1.40 171.80257 -0.76754  2193.95  6960.02 2.37 2.14 -77.9 -0.412    19.78 21.37 01a59376o0131c 0xc00800
59376.300891 19.696897      NaN   18    10 c    0    0.74 171.80257 -0.76754  2213.24  6998.10 2.40 2.18 -75.8 -0.409    19.77 21.37 01a59376o0138c 0xc00800
59376.306426 20.449472      NaN   -8     8 c    0    1.39 171.80257 -0.76754  2155.01  6921.66 2.37 2.22 -68.7 -0.401    19.75 21.36 01a59376o0150c 0xc00900
59376.319366 20.449472      NaN  -10     8 c    0    1.39 171.80257 -0.76754  2131.96  7036.19 2.32 2.09 -77.7 -0.413    19.77 21.31 01a59376o0178c 0xc00900
59380.254673 19.696897      NaN   18    10 c    0    1.23 171.80257 -0.76754  2187.20  6960.08 2.20 1.97 -81.8 -0.412    19.65 20.82 01a59380o0035c 0xc00800
59380.258357 20.009244      NaN   -7    12 c    0    1.15 171.80257 -0.76754  2206.43  6997.85 2.18 1.97 -76.5 -0.411    19.42 20.60 01a59380o0043c 0xc00800
59380.263899 20.039830      NaN    8     9 c    0    1.02 171.80257 -0.76754  2147.25  6920.19 2.20 1.98 -78.7 -0.414    19.65 20.96 01a59380o0055c 0xc00800
59380.276841 20.207197      NaN  -19    10 c    0    1.34 171.80257 -0.76754  2128.43  7035.55 2.20 1.96 -75.9 -0.420    19.70 21.04 01a59380o0083c 0xc00900
59394.267360 20.071303      NaN    7     9 c    0    1.66 171.80257 -0.76754  2583.56  3918.46 2.33 2.19 -66.7 -0.419    19.46 20.81 02a59394o0051c 0xc00800
59394.270573 20.207197      NaN  -13    10 c    0    1.20 171.80257 -0.76754  2564.67  3878.15 2.33 2.20 -68.5 -0.417    19.45 20.83 02a59394o0058c 0xc00800
59394.276072 19.979496      NaN    7    10 c    0    1.46 171.80257 -0.76754  2622.08  3956.01 2.31 2.22 -75.8 -0.418    19.48 20.81 02a59394o0070c 0xc00800
59394.288005 19.674510      NaN   16    11 c    0    1.05 171.80257 -0.76754  2647.19  3838.38 2.35 2.18 -59.6 -0.426    19.42 20.78 02a59394o0096c 0xc00800
59402.259553 19.631075      NaN   -8    17 c    0    0.83 171.80257 -0.76754  4518.53  3825.57 2.39 2.28 -78.2 -0.408    18.99 20.06 02a59402o0037c 0xc00800
59402.262778 19.384550      NaN   25    13 c    0    1.26 171.80257 -0.76754  4499.26  3786.51 2.36 2.25 -72.0 -0.406    19.17 20.38 02a59402o0044c 0xc00800
59402.268265 19.922338      NaN   -5    13 c    0    1.16 171.80257 -0.76754  4557.40  3864.20 2.38 2.28 -73.6 -0.399    19.28 20.62 02a59402o0056c 0xc00800
59402.279252 19.841877      NaN   -8    14 c    0    0.94 171.80257 -0.76754  4578.17  3747.18 2.45 2.31 -60.4 -0.397    19.29 20.64 02a59402o0080c 0xc00800
59526.622903 19.351140      NaN   12    18 c    0    1.45 171.80257 -0.76754  9082.78   522.45 2.61 2.26 -55.1 -0.392    19.25 20.57 02a59526o0957c 0xc00800
59526.633046 19.510313      NaN    3    18 c    0    1.19 171.80257 -0.76754  9100.23   562.50 2.72 2.54 -56.1 -0.378    19.12 20.59 02a59526o0979c 0xc00800
59526.643371 19.569016      NaN    0    18 c    0    1.13 171.80257 -0.76754  9045.07   483.84 2.67 2.33 -54.0 -0.393    19.13 20.32 02a59526o1001c 0xc00800
59526.647517 18.847027      NaN   33    24 c    0    1.29 171.80257 -0.76754  9024.13   602.17 2.68 2.36 -55.3 -0.419    18.77 19.80 02a59526o1010c 0xc00800
59586.513614 20.282105      NaN    4     8 c    0    1.76 171.80257 -0.76754  2940.98  2277.85 2.41 2.33 -88.4 -0.420    19.61 21.57 02a59586o0652c 0xc00800
59586.525052 20.039830      NaN    8     9 c    0    1.14 171.80257 -0.76754  2964.28  2314.97 2.33 2.31  87.9 -0.423    19.64 21.64 02a59586o0677c 0xc00800
59586.532856 19.922338      NaN    9    10 c    0    1.07 171.80257 -0.76754  2903.26  2237.80 2.37 2.30  84.1 -0.425    19.65 21.67 02a59586o0693c 0xc00800
59586.536579 20.282105      NaN    4     8 c    0    1.08 171.80257 -0.76754  2886.60  2353.67 2.32 2.27  85.7 -0.427    19.66 21.68 02a59586o0701c 0xc00800
59590.568287 19.979496      NaN   10     9 c    0    1.03 171.80257 -0.76754  2949.54  2275.59 2.33 2.21 -65.3 -0.429    19.65 21.65 02a59590o0267c 0xc00900
59590.571533 20.594452      NaN    0     7 c    0    1.86 171.80257 -0.76754  2969.92  2313.50 2.34 2.22 -61.7 -0.428    19.65 21.65 02a59590o0274c 0xc00800
59590.574298 20.449472      NaN   -9     8 c    0    1.35 171.80257 -0.76754  2911.57  2235.53 2.34 2.26 -60.8 -0.425    19.66 21.64 02a59590o0280c 0xc00900
59590.636218 20.207197      NaN   -2    10 c    0    0.98 171.80257 -0.76754  7682.14  8203.97 2.84 2.59  42.3 -0.402    19.55 21.62 02a59590o0352c 0xc00800
59590.674243 18.944322      NaN    6    30 c    0    1.54 171.80257 -0.76754  7643.47  8269.00 2.77 2.57  37.9 -0.402    18.60 19.45 02a59590o0432c 0xc00800
59609.030697 19.868040      NaN   11    10 c    0    1.03 171.80257 -0.76754  9439.25  6337.26 2.69 2.50 -76.9 -0.397    19.55 21.84 03a59609o0565c 0xc00800
59609.033892 20.321591      NaN   -4     9 c    0    1.60 171.80257 -0.76754  9421.96  6296.69 2.63 2.37  89.3 -0.395    19.57 21.83 03a59609o0572c 0xc00800
59609.038906 19.979496      NaN    7    10 c    0    0.81 171.80257 -0.76754  9480.83  6373.44 2.54 2.34  76.8 -0.414    19.62 21.82 03a59609o0583c 0xc00800
59609.067056 19.950541      NaN   11     9 c    0    1.45 171.80257 -0.76754   978.99  4311.99 2.99 2.31  84.1 -0.384    19.54 21.81 03a59609o0644c 0xc00800
59612.546009 20.137125      NaN    8     8 c    0    0.98 171.80257 -0.76754  1588.91  1763.47 2.54 2.39 -66.2 -0.438    19.65 21.62 02a59612o0736c 0xc00800
59612.549302 19.894850      NaN   10    10 c    0    1.01 171.80257 -0.76754  1569.95  1725.04 2.71 2.55 -69.6 -0.438    19.56 21.61 02a59612o0743c 0xc00800
59612.556288 19.472870      NaN   29    10 c    0    1.30 171.80257 -0.76754  1629.43  1803.18 2.85 2.67 -66.8 -0.411    19.58 21.61 02a59612o0758c 0xc00800
59612.566841 19.472870      NaN   29    10 c    0    1.00 171.80257 -0.76754  1649.85  1686.57 2.53 2.37 -63.8 -0.441    19.67 21.59 02a59612o0781c 0xc00800
59616.494059 19.674510      NaN   13    12 c    0    0.95 171.80257 -0.76754  8999.07  8790.98 2.91 2.86  86.4 -0.394    19.55 21.55 02a59616o0618c 0xc00800
59616.500453 20.009244      NaN    6    10 c    0    1.11 171.80257 -0.76754  9019.22  8831.36 2.73 2.67 -67.6 -0.390    19.61 21.54 02a59616o0631c 0xc00800
59616.535724 20.321591      NaN  -14     9 c    0    1.21 171.80257 -0.76754  8961.75  8756.39 2.81 2.75  54.3 -0.392    19.53 21.50 02a59616o0666c 0xc00800
59616.544687 20.321591      NaN   -1     9 c    0    1.40 171.80257 -0.76754  1645.18  1686.22 2.77 2.68  84.7 -0.415    19.51 21.48 02a59616o0685c 0xc00800
59617.008004 20.071303      NaN    4    10 c    0    0.86 171.80257 -0.76754  5586.30  6423.15 2.43 2.17 -89.0 -0.411    19.56 21.70 03a59617o0512c 0xc00800
59617.009369 20.207197      NaN   -6    10 c    0    0.94 171.80257 -0.76754  5568.80  6383.65 2.39 2.19 -88.6 -0.420    19.56 21.70 03a59617o0515c 0xc00800
59617.015796 20.321591      NaN   -1     9 c    0    1.40 171.80257 -0.76754  5627.17  6461.16 2.37 2.20 -89.5 -0.424    19.57 21.71 03a59617o0529c 0xc00800
59617.024960 20.103715      NaN    3    10 c    0    0.82 171.80257 -0.76754  5651.39  6344.73 2.34 2.15 -88.0 -0.408    19.57 21.69 03a59617o0549c 0xc00800
59636.503445 19.791368      NaN   14    10 c    0    1.17 171.80257 -0.76754  9578.02  8183.74 2.83 2.67  44.3 -0.394    19.67 21.53 02a59636o0630c 0xc00800
59636.507716 20.207197      NaN   -2    10 c    0    1.28 171.80257 -0.76754  9560.07  8151.13 2.82 2.63  41.4 -0.396    19.68 21.55 02a59636o0639c 0xc00800
59636.515807 20.103715      NaN  -18    11 c    0    0.82 171.80257 -0.76754  9619.50  8224.33 2.76 2.62  45.6 -0.406    19.63 21.54 02a59636o0656c 0xc00900
59636.525586 19.922338      NaN    6    11 c    0    0.82 171.80257 -0.76754  9641.73  8110.76 2.85 2.72  38.9 -0.398    19.63 21.54 02a59636o0677c 0xc00800
59640.490485 19.841877      NaN    9    11 c    0    1.12 171.80257 -0.76754  9577.30  8185.56 2.78 2.60  42.8 -0.407    19.65 21.67 02a59640o0563c 0xc00800
59640.520655 20.207197      NaN   -8    10 c    0    1.24 171.80257 -0.76754  9551.93  8143.05 2.77 2.63  10.8 -0.401    19.61 21.59 02a59640o0623c 0xc00800
59640.523628 20.207197      NaN  -13    10 c    0    1.04 171.80257 -0.76754  9612.40  8225.62 2.68 2.65  20.0 -0.405    19.65 21.59 02a59640o0629c 0xc00900
59640.531444 20.171596      NaN    1    10 c    0    1.21 171.80257 -0.76754  9632.65  8108.69 2.66 2.63 -42.3 -0.411    19.63 21.56 02a59640o0645c 0xc00800
59643.191236 19.529530      NaN    5    17 c    0    1.34 171.80257 -0.76754  1589.84  1762.26 2.44 1.87  45.3 -0.404    19.30 21.24 04a59643o0420c 0xc00800
59643.192586 20.009244      NaN   -8    12 c    0    0.77 171.80257 -0.76754  1567.33  1724.20 2.43 1.91  41.3 -0.402    19.39 21.31 04a59643o0423c 0xc00800
59643.198217 20.039830      NaN    8     9 c    0    1.29 171.80257 -0.76754  1630.70  1800.99 2.41 1.82  45.1 -0.401    19.55 21.49 04a59643o0435c 0xc00800
59643.216543 20.207197      NaN  -12    10 c    0    1.03 171.80257 -0.76754  8913.73  8917.34 2.61 2.35 -16.6 -0.356    19.50 21.53 04a59643o0475c 0xc00800
59644.474398 19.454622      NaN  -23    20 c    0    0.84 171.80257 -0.76754  1386.36  8062.60 2.36 2.25  29.3 -0.452    18.88 21.71 02a59644o0446c 0xc00900
59644.477469 19.569016      NaN  -35    18 c    0    0.82 171.80257 -0.76754  1366.60  8026.31 2.34 2.16  32.2 -0.449    18.90 21.68 02a59644o0452c 0xc00900
59644.482888 18.944322      NaN   42    18 c    0    1.57 171.80257 -0.76754  1425.35  8102.56 2.35 2.19  31.7 -0.449    18.90 21.69 02a59644o0463c 0xc00800
59644.493252 19.631075      NaN  -10    17 c    0    0.97 171.80257 -0.76754  1446.79  7985.79 2.26 2.12  36.1 -0.451    18.95 21.71 02a59644o0484c 0xc00800
59668.361677 19.529530      NaN    2    18 c    0    0.87 171.80257 -0.76754  7159.47   654.26 2.38 2.21 -79.8 -0.429    18.99 20.97 02a59668o0321c 0xc00800
59668.363522 19.384550      NaN   16    16 c    0    1.00 171.80257 -0.76754  7179.26   694.06 2.34 2.19 -79.8 -0.429    19.04 21.04 02a59668o0325c 0xc00800
59668.366264 19.569016      NaN   18    12 c    0    0.88 171.80257 -0.76754  7120.59   614.13 2.32 2.16 -78.5 -0.431    19.44 21.42 02a59668o0331c 0xc00800
59668.373582 20.071303      NaN    4    10 c    0    0.94 171.80257 -0.76754  7101.95   732.63 2.37 2.23 -82.1 -0.426    19.52 21.58 02a59668o0347c 0xc00800
59668.909534 18.550302      NaN  -28    46 c    0    0.91 171.80257 -0.76754  5940.30  6717.77 2.33 2.18 -45.5 -0.399    17.85 19.66 03a59669o0432c 0xc00800
59668.913301 18.558199      NaN    5    44 c    0    1.05 171.80257 -0.76754  5915.19  6832.48 2.35 2.16 -52.4 -0.392    17.92 19.75 03a59669o0440c 0xc00800
59672.843572 20.449472      NaN   -3     8 c    0    1.41 171.80257 -0.76754  1662.37  1698.08 2.45 2.32 -19.1 -0.400    19.74 21.61 03a59673o0285c 0xc00800
59672.846307 20.449472      NaN   -6     8 c    0    1.18 171.80257 -0.76754  1643.38  1658.51 2.52 2.43 -32.6 -0.394    19.71 21.58 03a59673o0291c 0xc00800
59672.851341 19.894850      NaN   16     8 c    0    1.12 171.80257 -0.76754  1700.48  1738.75 2.52 2.41 -31.8 -0.398    19.71 21.60 03a59673o0302c 0xc00900
59672.862739 20.009244      NaN    9     9 c    0    0.87 171.80257 -0.76754  1720.38  1624.12 2.53 2.37 -22.4 -0.397    19.68 21.58 03a59673o0327c 0xc00800
59676.382241 19.894850      NaN    4    12 c    0    1.40 171.80257 -0.76754  3248.05  6032.44 2.58 2.27  34.3 -0.401    19.53 21.47 02a59676o0298c 0xc00800
59676.386365 20.207197      NaN   -9    10 c    0    1.19 171.80257 -0.76754  3229.18  5995.31 2.58 2.29  36.6 -0.404    19.53 21.48 02a59676o0307c 0xc00800
59676.392361 19.549093      NaN   16    13 c    0    0.88 171.80257 -0.76754  3286.09  6071.10 2.63 2.26  34.9 -0.400    19.50 21.51 02a59676o0320c 0xc00800
59676.405195 19.868040      NaN    8    11 c    0    1.07 171.80257 -0.76754  3306.07  5957.20 2.56 2.26  42.1 -0.401    19.56 21.59 02a59676o0348c 0xc00800
59676.838664 19.922338      NaN   -4    13 c    0    1.21 171.80257 -0.76754  1665.68  1699.47 4.40 4.09  89.6 -0.330    19.18 21.51 03a59677o0282c 0xc00800
59676.841409 19.183773      NaN   32    15 c    0    1.12 171.80257 -0.76754  1645.77  1660.24 4.84 4.30 -89.2 -0.296    19.07 21.57 03a59677o0288c 0xc00a00
59676.844158 19.922338      NaN    0    13 c    0    1.53 171.80257 -0.76754  1701.60  1740.29 4.88 4.44  89.2 -0.306    19.06 21.59 03a59677o0294c 0xc00800
59676.855108 19.529530      NaN   20    12 c    0    1.23 171.80257 -0.76754  1719.79  1626.15 4.53 4.09 -82.9 -0.299    19.19 21.73 03a59677o0318c 0xc00800
59680.405327 18.816441      NaN   36    24 c    0    1.49 171.80257 -0.76754  3243.52  6034.85 2.66 2.26  38.1 -0.391    18.55 20.18 02a59680o0387c 0xc00800
59680.410873 19.115465      NaN    4    26 c    0    1.10 171.80257 -0.76754  3225.43  5997.00 2.70 2.28  38.9 -0.391    18.57 20.17 02a59680o0399c 0xc00800
59680.417225 18.910912      NaN  -14    33 c    0    0.90 171.80257 -0.76754  3289.19  6077.86 2.66 2.28  39.4 -0.381    18.51 20.08 02a59680o0412c 0xc00800
59680.452585 18.094452      NaN  -61    70 c    0    0.74 171.80257 -0.76754  3306.03  5961.17 2.62 2.29  37.2 -0.526    17.65 19.12 02a59680o0487c 0xc00900
59692.359052 19.922338      NaN  -10    13 c    0    1.64 171.80257 -0.76754  5788.32 10329.41 2.69 2.42  42.9 -0.413    19.19 21.04 02a59692o0195c 0xc00800
59692.364547 19.089302      NaN  -22    28 c    0    1.08 171.80257 -0.76754  5768.46 10289.56 2.65 2.43  44.5 -0.408    18.69 20.48 02a59692o0207c 0xc00800
59692.368212 19.002397      NaN   10    27 c    0    1.04 171.80257 -0.76754  5826.48 10368.46 2.68 2.43  44.2 -0.405    18.70 20.55 02a59692o0215c 0xc00800
59692.370038 18.382935      NaN   26    45 c    0    1.23 171.80257 -0.76754  5812.23   128.26 2.38 2.13 -80.4 -0.426    18.13 19.89 02a59692o0219c 0xc00800
59692.373237 17.316329      NaN  130   100 c    0    0.89 171.80257 -0.76754  5793.38    91.26 2.41 2.11 -77.7 -0.398    17.73 19.51 02a59692o0226c 0xc00800
59692.378721 19.491430      NaN   10    16 c    0    1.17 171.80257 -0.76754  5851.99   167.30 2.38 2.10 -77.2 -0.441    19.37 21.25 02a59692o0238c 0xc00800
59692.382397 19.128787      NaN  -22    27 c    0    1.04 171.80257 -0.76754  5846.34 10252.53 2.65 2.43  44.2 -0.406    19.01 20.86 02a59692o0246c 0xc00800
59696.330580 19.652575      NaN   11    13 c    0    0.98 171.80257 -0.76754  5790.96 10325.73 2.71 2.46  38.2 -0.421    19.51 21.40 02a59696o0222c 0xc00900
59696.331494 19.922338      NaN   -8    13 c    0    1.30 171.80257 -0.76754  5813.80   122.99 2.44 2.15 -75.7 -0.439    19.50 21.39 02a59696o0224c 0xc00800
59696.334694 19.472870      NaN   23    12 c    0    1.07 171.80257 -0.76754  5771.48 10286.54 2.69 2.47  39.9 -0.416    19.53 21.40 02a59696o0231c 0xc00800
59696.341297 20.103715      NaN  -10    11 c    0    1.03 171.80257 -0.76754  5793.72    82.70 2.42 2.12 -75.8 -0.435    19.50 21.37 02a59696o0245c 0xc00800
59696.341754 20.103715      NaN   -9    11 c    0    1.39 171.80257 -0.76754  5828.57 10363.23 2.69 2.47  43.8 -0.414    19.54 21.38 02a59696o0246c 0xc00800
59696.344954 19.719755      NaN   11    12 c    0    1.02 171.80257 -0.76754  5852.35   161.05 2.42 2.12 -76.0 -0.446    19.53 21.37 02a59696o0253c 0xc00800
59696.353681 19.631075      NaN   12    13 c    0    1.11 171.80257 -0.76754  5848.99 10249.86 2.68 2.50  42.3 -0.406    19.53 21.37 02a59696o0272c 0xc00800
59696.355507 18.944322      NaN   -7    32 c    0    1.22 171.80257 -0.76754  5872.91    44.13 2.40 2.11 -75.2 -0.446    19.51 21.37 02a59696o0276c 0xc00800
59700.333267 17.879400      NaN   82    58 c    0    0.90 171.80257 -0.76754  5899.30  2077.41 2.52 2.38  54.8 -0.412    17.67 19.20 02a59700o0228c 0xc00800
59700.336922 18.978793      NaN  -29    31 c    0    0.80 171.80257 -0.76754  5879.99  2037.64 2.51 2.38  55.3 -0.396    18.35 19.90 02a59700o0236c 0xc00800
59700.342956 19.569016      NaN  -21    18 c    0    1.00 171.80257 -0.76754  5937.80  2114.48 2.52 2.39  59.5 -0.402    18.82 20.44 02a59700o0249c 0xc00900
59700.353029 19.334813      NaN   25    14 c    0    0.66 171.80257 -0.76754  5957.59  1999.94 2.46 2.33  65.2 -0.400    19.21 20.90 02a59700o0271c 0xc00800
59704.318755 20.207197      NaN  -11    10 c    0    0.92 171.80257 -0.76754  5903.80  2080.41 2.40 2.26  56.2 -0.398    19.59 21.19 02a59704o0193c 0xc00900
59704.321955 19.979496      NaN   10     9 c    0    1.27 171.80257 -0.76754  5884.49  2041.72 2.39 2.26  57.9 -0.408    19.57 21.19 02a59704o0200c 0xc00800
59704.331103 20.449472      NaN   -5     8 c    0    1.55 171.80257 -0.76754  5942.76  2122.05 2.40 2.26  61.4 -0.410    19.59 21.16 02a59704o0220c 0xc00800
59704.346696 19.302877      NaN  -24    23 c    0    0.90 171.80257 -0.76754  5960.82  2004.53 2.43 2.27  62.7 -0.402    18.75 20.32 02a59704o0254c 0xc00800
59720.322696 19.950541      NaN    8    10 c    0    0.93 171.80257 -0.76754   633.70  4009.41 2.34 2.26  41.7 -0.426    19.56 21.16 02a59720o0192c 0xc00900
59720.326817 20.207197      NaN   -6    10 c    0    1.13 171.80257 -0.76754   615.16  3970.42 2.34 2.27  44.6 -0.420    19.59 21.16 02a59720o0201c 0xc00800
59720.332300 20.207197      NaN   -7    10 c    0    0.87 171.80257 -0.76754   675.78  4048.78 2.35 2.30  50.4 -0.425    19.56 21.15 02a59720o0213c 0xc00800
59720.345150 20.321591      NaN  -15     9 c    0    1.26 171.80257 -0.76754   694.55  3931.32 2.33 2.26  42.5 -0.426    19.56 21.12 02a59720o0241c 0xc00900
59724.267752 19.719755      NaN   14    11 c    0    1.13 171.80257 -0.76754  1485.70 10041.78 2.52 2.32 -55.0 -0.446    19.55 21.10 02a59724o0069c 0xc00800
59724.273722 19.816329      NaN   10    11 c    0    1.30 171.80257 -0.76754  1465.21 10001.74 2.51 2.23 -56.9 -0.449    19.60 21.11 02a59724o0082c 0xc00800
59724.277834 19.674510      NaN   16    11 c    0    1.24 171.80257 -0.76754  1522.52 10081.95 2.53 2.31 -58.9 -0.440    19.57 21.10 02a59724o0091c 0xc00800
59724.291246 20.103715      NaN   -6    11 c    0    0.98 171.80257 -0.76754  1543.90  9965.22 2.52 2.27 -60.5 -0.450    19.54 21.14 02a59724o0120c 0xc00800
59732.282788 20.282105      NaN    1     9 c    0    1.28 171.80257 -0.76754  6457.09  3735.45 2.47 2.30  42.2 -0.406    19.54 21.23 02a59732o0097c 0xc00800
59732.285990 19.979496      NaN    1    12 c    0    0.65 171.80257 -0.76754  6439.13  3696.59 2.54 2.36  41.1 -0.402    19.54 21.14 02a59732o0104c 0xc00800
59732.294714 20.321591      NaN   -2     9 c    0    1.13 171.80257 -0.76754  6497.52  3775.01 2.50 2.29  40.1 -0.406    19.58 21.16 02a59732o0123c 0xc00800
59732.306602 20.207197      NaN    0    10 c    0    1.13 171.80257 -0.76754  6519.35  3659.76 2.51 2.33  43.8 -0.403    19.58 21.16 02a59732o0149c 0xc00800
59939.299397 20.207197      NaN   -9    10 c    0    1.45 171.80257 -0.76754  5717.51  8388.63 2.64 2.24 -72.5 -0.376    19.51 21.47 04a59939o0605c 0xc00900
59939.323039 19.894850      NaN   13     9 c    0    1.30 171.80257 -0.76754  5696.36  8347.04 2.90 2.40 -68.2 -0.361    19.49 21.60 04a59939o0656c 0xc00800
59939.331452 20.207197      NaN   -1    10 c    0    1.03 171.80257 -0.76754  5756.34  8425.71 2.80 2.31 -73.3 -0.374    19.58 21.63 04a59939o0674c 0xc00800
59939.344684 20.071303      NaN    4    10 c    0    1.18 171.80257 -0.76754  5777.74  8305.46 2.99 2.43 -72.4 -0.365    19.46 21.47 04a59939o0702c 0xc00800
59939.356341 19.652575      NaN    8    14 c    0    1.23 171.80257 -0.76754  5742.82  8363.60 2.77 2.18 -70.3 -0.371    19.10 20.35 04a59939o0727c 0xc00800
59943.324288 19.816329      NaN   13    10 c    0    1.14 171.80257 -0.76754  5714.04  8381.44 2.50 1.96 -70.9 -0.409    19.60 21.44 04a59943o0645c 0xc00800
59943.327443 20.071303      NaN    4    10 c    0    1.20 171.80257 -0.76754  5695.90  8342.43 2.44 1.93 -73.3 -0.413    19.64 21.44 04a59943o0652c 0xc00800
59943.339573 20.207197      NaN   -3    10 c    0    0.88 171.80257 -0.76754  5757.58  8420.63 2.54 1.97 -69.7 -0.401    19.62 21.39 04a59943o0678c 0xc00800
59943.349091 20.009244      NaN    6    10 c    0    1.67 171.80257 -0.76754  5780.53  8303.25 2.56 2.02 -68.8 -0.401    19.53 21.17 04a59943o0699c 0xc00800
59943.359460 19.569016      NaN  -10    18 c    0    1.18 171.80257 -0.76754  5746.18  8359.73 2.65 1.99 -69.2 -0.390    18.95 19.91 04a59943o0722c 0xc00900
59965.022135 20.171596      NaN    7     8 c    0    0.97 171.80257 -0.76754  5945.75  2092.15 2.21 2.06 -52.7 -0.416    19.79 21.56 03a59965o0549c 0xc00800
59965.023956 20.321591      NaN    3     8 c    0    1.09 171.80257 -0.76754  5927.43  2053.11 2.21 2.07 -50.0 -0.415    19.79 21.56 03a59965o0553c 0xc00800
59965.042998 20.039830      NaN   11     8 c    0    0.83 171.80257 -0.76754  5984.09  2132.76 2.31 2.20 -55.0 -0.407    19.75 21.58 03a59965o0595c 0xc00800
59965.046612 20.362567      NaN    2     8 c    0    1.00 171.80257 -0.76754  6007.78  2016.39 2.25 2.11 -45.2 -0.414    19.77 21.59 03a59965o0603c 0xc00800
59969.059986 20.543943      NaN    1     7 c    0    1.68 171.80257 -0.76754  5624.10  8364.26 2.47 2.22 -47.5 -0.386    19.75 21.55 03a59969o0588c 0xc00800
59969.063147 20.449472      NaN   -4     8 c    0    1.15 171.80257 -0.76754  5605.96  8325.19 2.51 2.25 -50.9 -0.385    19.72 21.54 03a59969o0595c 0xc00800
59969.087313 20.009244      NaN    6    10 c    0    0.90 171.80257 -0.76754  4902.17  2155.45 2.92 2.73 -54.7 -0.408    19.52 21.57 03a59969o0648c 0xc00800
59969.110416 20.321591      NaN   -7     9 c    0    1.32 171.80257 -0.76754  4881.11  2273.28 2.43 2.21 -51.3 -0.398    19.48 20.99 03a59969o0697c 0xc00900
59994.233371 19.719755      NaN   11    12 c    0    0.95 171.80257 -0.76754  9804.17  1895.86 2.99 2.24 -17.1 -0.386    19.49 21.27 04a59994o0494c 0xc00800
59994.236977 20.103715      NaN   -2    11 c    0    1.24 171.80257 -0.76754  9786.95  1856.69 3.00 2.20 -17.1 -0.374    19.55 21.27 04a59994o0502c 0xc00800
59994.240132 20.321591      NaN    0     9 c    0    1.96 171.80257 -0.76754  9847.17  1934.32 2.99 2.21 -17.5 -0.372    19.53 21.27 04a59994o0509c 0xc00800
59994.245992 20.009244      NaN   -5    12 c    0    0.71 171.80257 -0.76754  9870.20  1816.55 3.05 2.23 -18.4 -0.362    19.53 21.27 04a59994o0522c 0xc00800
59998.223608 19.922338      NaN    6    11 c    0    1.12 171.80257 -0.76754  9803.29  1895.05 2.95 2.17 -17.1 -0.377    19.57 21.42 04a59998o0478c 0xc00800
59998.225411 20.103715      NaN  -30    11 c    0    1.03 171.80257 -0.76754  9784.93  1856.26 2.98 2.17 -19.4 -0.386    19.59 21.43 04a59998o0482c 0xc00900
59998.245838 20.103715      NaN    0    11 c    0    0.64 171.80257 -0.76754   754.51  8700.32 2.57 2.06 -83.9 -0.375    19.57 21.38 04a59998o0525c 0xc00800
59998.250126 19.791368      NaN    8    12 c    0    1.01 171.80257 -0.76754  9881.49  1813.52 3.12 2.30 -20.2 -0.356    19.52 21.36 04a59998o0534c 0xc00800
60000.440090 19.549093      NaN   10    15 c    0    1.09 171.80257 -0.76754  8000.01  6656.50 3.00 2.67  34.5 -0.393    19.10 20.89 02a60000o0361c 0xc00800
60000.475372 20.103715      NaN   -9    11 c    0    0.83 171.80257 -0.76754  2532.77  3867.12 2.77 2.48  32.5 -0.405    19.42 21.23 02a60000o0383c 0xc00800
60000.478628 19.922338      NaN  -14    13 c    0    0.73 171.80257 -0.76754  2591.20  3948.35 2.82 2.58  35.2 -0.449    19.37 21.24 02a60000o0390c 0xc00800
60000.492983 19.674510      NaN   16    11 c    0    1.05 171.80257 -0.76754  2608.37  3826.94 2.62 2.34  36.2 -0.410    19.51 21.28 02a60000o0419c 0xc00900
60002.264755 20.207197      NaN   -6    10 c    0    0.87 171.80257 -0.76754  7266.33  2593.94 2.66 2.21 -19.5 -0.367    19.62 21.52 04a60002o0561c 0xc00800
60002.267915 20.207197      NaN  -16    10 c    0    0.89 171.80257 -0.76754  7286.74  2629.08 2.57 2.08 -15.4 -0.378    19.70 21.50 04a60002o0568c 0xc00800
60002.273777 19.719755      NaN   17    10 c    0    0.97 171.80257 -0.76754  7231.55  2546.47 2.67 2.14 -16.6 -0.370    19.62 21.46 04a60002o0581c 0xc00800
60002.309247 19.791368      NaN    8    12 c    0    0.82 171.80257 -0.76754  7226.18  2638.05 2.54 2.13 -15.5 -0.376    19.55 21.21 04a60002o0657c 0xc00800
60020.974366 20.321591      NaN    0     9 c    0    1.03 171.80257 -0.76754  5006.12  4150.10 2.61 2.38 -51.7 -0.375    19.56 21.54 03a60021o0536c 0xc00800
60020.977521 19.791368      NaN    2    14 c    0    0.79 171.80257 -0.76754  5024.28  4189.33 2.60 2.37 -51.3 -0.375    19.33 21.28 03a60021o0543c 0xc00800
60020.987677 17.833722      NaN   27    80 c    0    1.40 171.80257 -0.76754  4967.96  4110.77 2.56 2.36 -55.1 -0.383    17.43 19.40 03a60021o0565c 0xc00800
60020.992854 18.598565      NaN   30    34 c    0    0.80 171.80257 -0.76754  4946.68  4226.35 2.50 2.25 -53.8 -0.375    18.09 19.94 03a60021o0576c 0xc00800
60024.956012 20.103715      NaN    6     9 c    0    1.58 171.80257 -0.76754   726.11  8592.03 2.61 2.31 -43.7 -0.383    19.63 21.40 03a60025o0502c 0xc00800
60024.959632 20.207197      NaN   -2    10 c    0    1.07 171.80257 -0.76754   743.80  8631.07 2.59 2.32 -43.9 -0.385    19.64 21.38 03a60025o0510c 0xc00800
60024.965992 19.791368      NaN   11    11 c    0    0.78 171.80257 -0.76754   687.50  8552.91 2.66 2.35 -46.5 -0.383    19.63 21.36 03a60025o0524c 0xc00800
60025.000545 19.631075      NaN   12    13 c    0    0.84 171.80257 -0.76754   670.31  8672.28 2.67 2.40 -45.1 -0.377    19.55 21.26 03a60025o0598c 0xc00800
60032.933035 20.321591      NaN   -4     9 c    0    1.04 171.80257 -0.76754  7296.60  2659.66 2.47 2.26 -51.8 -0.410    19.66 21.47 03a60033o0430c 0xc00800
60032.936226 20.405150      NaN    4     7 c    0    2.06 171.80257 -0.76754  7314.69  2699.63 2.55 2.21 -60.2 -0.403    19.62 21.50 03a60033o0437c 0xc00800
60032.943994 20.362567      NaN    2     8 c    0    1.35 171.80257 -0.76754  7259.66  2621.06 2.47 2.23 -51.5 -0.414    19.61 21.46 03a60033o0454c 0xc00800
60032.958737 20.171596      NaN    4     9 c    0    1.39 171.80257 -0.76754  7237.25  2738.37 2.51 2.20 -55.0 -0.405    19.60 21.48 03a60033o0486c 0xc00800
60048.134012 19.529530      NaN   26    10 c    0    1.11 171.80257 -0.76754  4918.55  2217.62 2.34 2.22   7.5 -0.389    19.48 21.45 04a60048o0375c 0xc00800
60048.137685 20.009244      NaN    3    11 c    0    0.85 171.80257 -0.76754  4939.39  2252.64 2.36 2.24  17.3 -0.387    19.47 21.45 04a60048o0383c 0xc00800
60048.144102 19.841877      NaN    6    12 c    0    0.81 171.80257 -0.76754  4885.32  2169.42 2.39 2.26  13.1 -0.387    19.44 21.44 04a60048o0397c 0xc00800
60048.155290 19.922338      NaN   12     9 c    0    0.96 171.80257 -0.76754  4870.85  2276.72 2.42 2.25   6.5 -0.391    19.44 21.43 04a60048o0421c 0xc00900
60051.117072 20.009244      NaN  -17    12 c    0    1.27 171.80257 -0.76754  9978.65  6575.02 3.06 2.29 -17.4 -0.380    19.34 21.03 04a60051o0344c 0xc00900
60051.123902 19.841877      NaN   -2    14 c    0    0.87 171.80257 -0.76754 10002.01  6607.56 3.00 2.22 -14.3 -0.397    19.37 21.08 04a60051o0359c 0xc00800
60051.127094 19.631075      NaN   21    10 c    0    2.30 171.80257 -0.76754  9944.43  6527.06 2.98 2.25 -12.8 -0.396    19.37 21.09 04a60051o0366c 0xc00800
60051.138640 19.569016      NaN   18    12 c    0    1.32 171.80257 -0.76754  9930.51  6634.31 2.95 2.20 -15.6 -0.398    19.42 21.12 04a60051o0391c 0xc00800
60054.129140 20.321591      NaN  -13     9 c    0    1.26 171.80257 -0.76754  4165.58  6842.97 2.17 1.90 -74.1 -0.377    19.50 21.34 04a60054o0377c 0xc00900
60054.132332 19.894850      NaN   13     9 c    0    1.54 171.80257 -0.76754  4186.36  6878.84 2.20 1.95 -76.3 -0.379    19.47 21.40 04a60054o0384c 0xc00800
60054.144556 19.816329      NaN   13    10 c    0    0.97 171.80257 -0.76754  4132.93  6792.09 2.26 2.00 -75.9 -0.376    19.45 21.42 04a60054o0411c 0xc00800
60054.151515 19.609992      NaN   22    10 c    0    1.18 171.80257 -0.76754  4116.86  6902.93 2.23 1.95 -76.0 -0.374    19.51 21.39 04a60054o0426c 0xc00900
60057.117871 19.922338      NaN   -1    13 c    0    1.12 171.80257 -0.76754  2876.21   351.30 3.02 2.25  47.3 -0.354    19.40 21.38 04a60057o0297c 0xc00800
60057.121047 19.719755      NaN    5    14 c    0    0.83 171.80257 -0.76754  2897.72   387.74 3.04 2.32  47.5 -0.352    19.37 21.37 04a60057o0304c 0xc00800
60057.124239 18.857417      NaN   32    24 c    0    0.89 171.80257 -0.76754  2825.07 10501.59 3.28 2.34 -78.5 -0.347    19.35 21.31 04a60057o0311c 0xc00800
60057.126533 19.491430      NaN   19    13 c    0    1.07 171.80257 -0.76754  2841.40   304.38 3.07 2.25  50.0 -0.355    19.41 21.37 04a60057o0316c 0xc00800
60057.137405 19.922338      NaN   -2    13 c    0    0.81 171.80257 -0.76754  2826.20   412.22 2.96 2.14  47.6 -0.367    19.39 21.34 04a60057o0340c 0xc00900
60082.771099 19.589310      NaN   23    10 c    0    1.15 171.80257 -0.76754  9241.55  2606.20 2.97 2.62 -57.6 -0.385    19.54 21.71 03a60083o0188c 0xc00800
60082.774281 20.321591      NaN   -5     9 c    0    1.04 171.80257 -0.76754  9259.93  2645.82 2.95 2.57 -56.2 -0.381    19.55 21.69 03a60083o0195c 0xc00900
60082.780802 20.207197      NaN  -20    10 c    0    1.19 171.80257 -0.76754  9203.71  2568.02 3.15 2.85 -55.7 -0.370    19.46 21.70 03a60083o0209c 0xc00900
60082.791661 20.009244      NaN    0    12 c    0    1.18 171.80257 -0.76754  9182.20  2686.16 2.97 2.62 -58.0 -0.388    19.41 21.51 03a60083o0232c 0xc00800
60108.016449 20.009244      NaN  -14    12 c    0    1.35 171.80257 -0.76754  1141.80  4300.39 2.71 2.24  54.2 -0.394    19.28 21.24 04a60108o0169c 0xc00800
60108.019628 19.743105      NaN    7    13 c    0    0.90 171.80257 -0.76754  1162.25  4337.41 2.72 2.25  52.5 -0.401    19.26 21.26 04a60108o0176c 0xc00800
60108.029199 19.696897      NaN    9    13 c    0    1.63 171.80257 -0.76754  1106.07  4254.63 2.74 2.23  55.9 -0.401    19.30 21.28 04a60108o0197c 0xc00800
60108.038481 20.009244      NaN   -8    12 c    0    1.38 171.80257 -0.76754  1089.13  4366.71 2.75 2.31  56.4 -0.386    19.25 21.22 04a60108o0217c 0xc00800
60110.991069 19.766969      NaN    3    14 c    0    0.82 171.80257 -0.76754  5008.26  4118.39 2.25 2.11 -13.5 -0.402    19.24 21.02 04a60111o0117c 0xc00800
60110.993788 19.766969      NaN    6    13 c    0    0.97 171.80257 -0.76754  5029.08  4154.59 2.17 2.06 -16.1 -0.401    19.26 21.00 04a60111o0123c 0xc00800
60110.998790 19.652575      NaN   11    13 c    0    0.99 171.80257 -0.76754  4972.61  4074.05 2.14 2.00 -16.5 -0.400    19.27 21.01 04a60111o0134c 0xc00800
60111.009831 19.922338      NaN    3    12 c    0    0.87 171.80257 -0.76754  4956.84  4183.50 2.12 2.03 -11.8 -0.395    19.30 21.06 04a60111o0158c 0xc00800
60113.988022 18.776955      NaN   52    20 c    0    1.08 171.80257 -0.76754  7272.96  2564.62 4.23 3.81 -22.9 -0.287    18.66 21.00 04a60114o0034c 0xc00800
60113.990742 19.128787      NaN  -33    27 c    0    0.87 171.80257 -0.76754  7292.46  2602.26 5.11 4.79 -15.5 -0.250    18.42 20.97 04a60114o0040c 0xc00800
60113.997807 19.026525      NaN    5    28 c    0    1.07 171.80257 -0.76754  7238.24  2520.08 5.24 4.60 -14.7 -0.265    18.37 20.89 04a60114o0055c 0xc00800
60296.557053 20.103715      NaN  -10    11 c    0    1.54 171.80257 -0.76754  4960.15  8288.94 2.49 2.36  31.1 -0.409    19.35 20.91 02a60296o0786c 0xc00800
60296.560219 20.009244      NaN   -8    12 c    0    0.94 171.80257 -0.76754  4979.01  8327.82 2.59 2.42  32.5 -0.399    19.38 20.99 02a60296o0793c 0xc00800
60296.563384 20.103715      NaN   -6    11 c    0    0.88 171.80257 -0.76754  4918.91  8249.12 2.55 2.39  32.0 -0.400    19.41 21.02 02a60296o0800c 0xc00800
60296.576102 19.609992      NaN   16    12 c    0    0.86 171.80257 -0.76754  4892.67  8367.02 2.47 2.33  32.9 -0.409    19.50 21.09 02a60296o0823c 0xc00800
60328.971920 19.719755      NaN   11    12 c    0    0.88 171.80257 -0.76754  9619.22 10229.82 3.00 2.52 -61.1 -0.392    19.50 21.49 03a60329o0414c 0xc00800
60328.973724 19.766969      NaN   12    11 c    0    1.35 171.80257 -0.76754  9598.60 10189.61 2.95 2.49 -61.8 -0.403    19.57 21.53 03a60329o0418c 0xc00800
60328.976926 19.894850      NaN    1    13 c    0    0.71 171.80257 -0.76754  9873.32    65.06 2.62 2.31 -48.8 -0.455    19.53 21.45 03a60329o0425c 0xc00800
60328.977376 19.979496      NaN    4    11 c    0    1.21 171.80257 -0.76754  9656.18 10270.68 2.96 2.49 -63.0 -0.402    19.58 21.54 03a60329o0426c 0xc00800
60328.991112 20.103715      NaN   -3    11 c    0    0.96 171.80257 -0.76754  9675.79 10153.86 3.05 2.65 -62.7 -0.385    19.54 21.59 03a60329o0456c 0xc00800
60348.539512 19.791368      NaN   14    10 c    0    0.78 171.80257 -0.76754  5662.41  8361.95 2.83 2.55  37.3 -0.396    19.55 21.46 02a60348o0717c 0xc00900
60348.567576 20.207197      NaN   -1    10 c    0    1.22 171.80257 -0.76754  5650.31  8330.48 2.81 2.51  41.1 -0.397    19.54 21.48 02a60348o0776c 0xc00800
60348.596174 19.631075      NaN   18    11 c    0    1.20 171.80257 -0.76754  5718.20  8414.00 2.84 2.58  43.9 -0.472    19.51 21.41 02a60348o0835c 0xc00800
60348.599413 19.791368      NaN    8    12 c    0    0.73 171.80257 -0.76754  5745.66  8301.19 2.88 2.58  44.5 -0.392    19.46 21.40 02a60348o0841c 0xc00800
60352.512983 20.103715      NaN  -13    11 c    0    1.33 171.80257 -0.76754  1439.69 10021.78 2.83 2.60 -34.6 -0.429    19.40 21.26 02a60352o0656c 0xc00800
60352.541115 20.039830      NaN    2    11 c    0    1.01 171.80257 -0.76754  1424.07  9985.56 2.56 2.46 -42.7 -0.435    19.48 21.29 02a60352o0715c 0xc00800
60352.569322 20.321591      NaN   -9     9 c    0    1.62 171.80257 -0.76754  1493.39 10067.84 2.50 2.36 -47.8 -0.443    19.54 21.28 02a60352o0775c 0xc00800
60352.594104 20.103715      NaN   -9    11 c    0    1.26 171.80257 -0.76754  1524.84  9953.31 2.52 2.36 -53.4 -0.453    19.47 21.27 02a60352o0826c 0xc00800
60356.585345 19.454622      NaN   12    16 c    0    0.89 171.80257 -0.76754  7721.94 10239.40 2.90 2.78 -40.3 -0.385    19.24 21.10 02a60356o0299c 0xc00800