    0.162651211103910474E-01    0.229923746963485094E+02    0.666076486627481812E-01   -0.159039043181965631E+02    0.777694430453609975E+00    0.942709195929042010E+00    0.101967619485808566E-01    0.215350568607160620E+01   -0.237455776046287914E+01   -0.132317095986808270E+00   -0.611687307889202980E+01   -0.102215094156122566E+00   -0.356905354952352927E-01   -0.216504099082390142E-01   -0.173469536315390194E+00   -0.107943611116346960E+01
    0.160458341083046102E-01    0.229795221907508491E+02    0.702764495063049888E-01   -0.149018642280167501E+02    0.821480402328080173E+00    0.985803260787995628E+00    0.100356148472815522E-01    0.214810452541489649E+01   -0.240959091260329439E+01   -0.980156333774881844E-01   -0.595441466504782291E+01   -0.235899272056795895E+00    0.850186591938818653E-01    0.228286098520297354E+00   -0.206242617901374353E+00   -0.109038675764673076E+01
    0.163895015554235239E-01    0.228971387467159495E+02    0.622184652356824255E-01   -0.146516268585506957E+02    0.761031831161986805E+00    0.109008230604519873E+01    0.909533211475327917E-02    0.214663717380115360E+01   -0.222534449463804229E+01   -0.790606709990880341E-01   -0.695144794346993411E+01   -0.148074889081492828E+00   -0.154355693230213670E+00   -0.331413181586724254E-01   -0.181792738684136562E+00   -0.111063971099547576E+01
    0.162299035194060776E-01    0.228767098344411828E+02    0.777807443390878539E-01   -0.153127783511599525E+02    0.790035826996406398E+00    0.792847671211900695E+00    0.102056374785626080E-01    0.215276684481367120E+01   -0.227812681441128673E+01   -0.832842648947340475E-01   -0.483358214284441612E+01   -0.205803523726022952E+00    0.125619671787981002E+00    0.952451098349516162E-01   -0.220350217036042823E+00   -0.109142353846605733E+01
    0.159091148015716340E-01    0.228766363024172037E+02    0.673476205529446870E-01   -0.151136284083897294E+02    0.788364742365090909E+00    0.948086732099133522E+00    0.107629251822446790E-01    0.213604275249171938E+01   -0.245071060586327505E+01   -0.810325009851146638E-01   -0.442421528199704905E+01   -0.181724875662984092E+00   -0.143074953390196630E-01   -0.932120495992651010E-01   -0.157670255395967518E+00   -0.114220152123563379E+01
    0.157625857099992529E-01    0.228551424305605408E+02    0.629757539603941069E-01   -0.157009374130875781E+02    0.816596613083698020E+00    0.106688092628351328E+01    0.947751000980476439E-02    0.214711260052757780E+01   -0.241617099023966997E+01   -0.812564877434585747E-01   -0.383334033015454345E+01   -0.130023536344297586E+00    0.125114908726493168E+00   -0.355258423436390081E-02   -0.111544452635553334E+00   -0.112644899749052452E+01
    0.157589016088515652E-01    0.228156099340291725E+02    0.705199495382702463E-01   -0.157886903238808181E+02    0.816692569668417301E+00    0.764992056967663592E+00    0.100336572604546644E-01    0.216803780718601491E+01   -0.241414171539498401E+01   -0.633043753443780777E-01   -0.328083833188407414E+01   -0.199633714818223618E+00   -0.112423582515497542E-01   -0.174701659425397227E+00   -0.157631576460214223E+00   -0.112247090075262368E+01
    0.155026136646357632E-01    0.228084034418219019E+02    0.650277819743196039E-01   -0.147845058248566250E+02    0.831658408368909585E+00    0.905411863194049982E+00    0.899035602037942007E-02    0.213421568218673041E+01   -0.237420642193593201E+01   -0.821926589989261103E-01   -0.574761777290503950E+01   -0.803044294667492747E-01   -0.507342462957953641E-01   -0.160424112659782958E+00   -0.120878937791251112E+00   -0.113904339908812924E+01
    0.152539238934176809E-01    0.228007471594059723E+02    0.635043596748795791E-01   -0.146528379824385695E+02    0.841397702494903310E+00    0.824520414915844269E+00    0.986352346084516142E-02    0.215882242986396156E+01   -0.225506682153402638E+01   -0.103360754586537193E+00   -0.440949878117790561E+01   -0.678561241644258240E-01   -0.417756261403054024E-01   -0.938540820893365990E-01   -0.659721145186304148E-01   -0.110441493635376942E+01
    0.152013143370660023E-01    0.227676569209758419E+02    0.619309052626744877E-01   -0.153033870012911439E+02    0.822667453663103010E+00    0.949380741002711748E+00    0.107511702661845440E-01    0.215651725112236781E+01   -0.251772118281683088E+01   -0.654283106918092661E-01   -0.402580991311471958E+01   -0.104397080670277337E+00   -0.982862206081804579E-01    0.365871467408103862E-01   -0.649904601921324487E-01   -0.106199308085899324E+01
    0.149966584815490415E-01    0.227547658915133297E+02    0.620406273710139913E-01   -0.155913228353530062E+02    0.807162651113580987E+00    0.871072563255481103E+00    0.923476037447899106E-02    0.214331154014619329E+01   -0.234464144886749937E+01   -0.834683054890916626E-01   -0.494846865553071158E+01   -0.169820485409330785E+00   -0.153369400075562434E+00    0.143461316409936729E-02   -0.128124876937270565E+00   -0.105611189295035435E+01
    0.149056781734988909E-01    0.227269362566383606E+02    0.655915270070509815E-01   -0.155089504715421658E+02    0.791517555505928616E+00    0.888567413724453581E+00    0.106631272234659416E-01    0.214620501577924649E+01   -0.234556038119244326E+01   -0.858468110380785077E-01   -0.525209499104112609E+01   -0.320588625426250884E+00   -0.126245962816722623E+00   -0.116317886172865412E+00   -0.525504640338857604E-01   -0.106741964140899470E+01
    0.146249877861682840E-01    0.227249575923238254E+02    0.654374806392966496E-01   -0.154247738057760575E+02    0.784618534267592316E+00    0.100074865329662432E+01    0.981789922169774669E-02    0.214556125113295337E+01   -0.236286730989036720E+01   -0.920732112759581056E-01   -0.726327387772129640E+01   -0.706970117671316262E-01   -0.143526739186044749E+00   -0.157885323800705191E+00   -0.822088325706282763E-01   -0.105738445343839449E+01
    0.145600497380925665E-01    0.226938577906103944E+02    0.758556129396985440E-01   -0.156558192884282050E+02    0.784710250037061408E+00    0.839912687305695238E+00    0.932965007801718135E-02    0.215661978272730126E+01   -0.242900965247911316E+01   -0.864447528431324802E-01   -0.352224286712458046E+01   -0.180364697613339009E+00   -0.443148491980581150E-01   -0.109669498499974649E+00   -0.178579099867409719E+00   -0.110473841234535319E+01
    0.142819133941224606E-01    0.226924328300504428E+02    0.668777501982456418E-01   -0.159585147826751790E+02    0.789122637823614359E+00    0.803313065684429728E+00    0.955623649350895339E-02    0.214960768828912752E+01   -0.219179718776552956E+01   -0.111046511414166355E+00   -0.486240246538736365E+01   -0.555142258920518078E-01    0.561252127479215240E-01    0.903757040535222295E-01   -0.908311634110625654E-02   -0.113653480891870085E+01
    0.142025787817868735E-01    0.226635736033507165E+02    0.763933349828182229E-01   -0.153123797315420678E+02    0.782360872043901479E+00    0.861975997954442685E+00    0.969592102714451377E-02    0.214978223029132876E+01   -0.250503053204088477E+01   -0.721200656346516755E-01   -0.463064639422635782E+01   -0.270860154079213045E+00   -0.107234972490415678E+00   -0.326669115229040241E+00   -0.794509762434469913E-01   -0.105925670792978499E+01
    0.139285557628669628E-01    0.226625384998301627E+02    0.666488217366858898E-01   -0.146144697461527606E+02    0.790119375423455228E+00    0.874066850665249584E+00    0.100780256524494755E-01    0.216065430346424492E+01   -0.224620138602778230E+01   -0.100332363988879014E+00   -0.414818354146655111E+01   -0.183506334401187604E+00   -0.490368306194956388E-01   -0.531985889471858139E-01   -0.152341780534929166E+00   -0.112503950716957579E+01
    0.137266299251817617E-01    0.226517452357358593E+02    0.695581501053470358E-01   -0.150265101239918586E+02    0.752455262784616941E+00    0.777839404569099169E+00    0.925395804592202276E-02    0.215738266698391268E+01   -0.244365561834271494E+01   -0.688396054102381194E-01   -0.241572891789668409E+01   -0.135431837233526892E+00    0.342422479005352470E-01    0.265841147102056197E+00   -0.402635836247211415E-01   -0.111403054770529275E+01
    0.134849733590396755E-01    0.226472687463110489E+02    0.667311179590243247E-01   -0.153420055389951795E+02    0.798859362689765540E+00    0.851136309764726651E+00    0.101084503168003461E-01    0.214557025604660989E+01   -0.243101217749564302E+01   -0.115552047801697727E+00   -0.350115021081349198E+01   -0.502609102909909594E-01   -0.137060005837448151E+00   -0.863189069836882844E-01   -0.458330095092985002E-01   -0.108188898048738658E+01
    0.132737947764615324E-01    0.226388371602127485E+02    0.629385885333679923E-01   -0.150121077027283771E+02    0.806668367201995973E+00    0.926835589197339438E+00    0.100276559280560121E-01    0.214956341538453755E+01   -0.244816809447243511E+01   -0.956611033274512024E-01   -0.406149914720631955E+01   -0.454624221225000541E-01   -0.115912918581371510E+00    0.144111003908395319E+00   -0.792523132233254879E-01   -0.113295583830074431E+01
    0.130993004624573115E-01    0.226253030503536543E+02    0.713139553848122915E-01   -0.151457516665625782E+02    0.784195027604091210E+00    0.965448114263733781E+00    0.880332632286210184E-02    0.214080521327212114E+01   -0.233398863753270192E+01   -0.102769808688507588E+00   -0.369540425449070353E+01   -0.216834840075967289E+00    0.652821515172944539E-01   -0.929475040866231256E-01   -0.129870033980873489E+00   -0.108229036383408506E+01
    0.128644262481842075E-01    0.226214890145869276E+02    0.771482594124904830E-01   -0.150027161177313086E+02    0.792107498514267983E+00    0.877326181992553744E+00    0.929927933283815171E-02    0.214221103712015148E+01   -0.233310916180132333E+01   -0.750176420155714285E-01   -0.497893372483552010E+01   -0.142501873994261924E+00    0.188415167502273134E-01   -0.122193726834970207E+00   -0.711251975402698994E-01   -0.111449827447612693E+01
    0.126311562936435012E-01    0.226180877412330013E+02    0.650618737812829750E-01   -0.156681161098394277E+02    0.774127510268857733E+00    0.955030830094319327E+00    0.909543718705402640E-02    0.214308261561531443E+01   -0.250198347701332446E+01   -0.119005065241332975E+00   -0.608244603468479639E+01   -0.183485383697407078E+00    0.429454491352057321E-01   -0.949022042332890031E-02   -0.891457359285856704E-01   -0.109637266880774287E+01
    0.124131626800743598E-01    0.226129058761533734E+02    0.634474937166590175E-01   -0.159080216671647623E+02    0.746073752842917770E+00    0.851291262890869538E+00    0.100871228006269645E-01    0.214492499928100377E+01   -0.246883060890098882E+01   -0.752153964554424098E-01   -0.478632410031608035E+01   -0.232200423022916075E+00   -0.715535060001000478E-03    0.167230501992519875E+00   -0.133250449047220082E+00   -0.114584143165379859E+01
    0.121703092365071080E-01    0.226124220754628666E+02    0.651063351495512060E-01   -0.154676254498244568E+02    0.790518568451132442E+00    0.983571728419853963E+00    0.102446751405018670E-01    0.216501717380567493E+01   -0.239562548903685002E+01   -0.117055215346670349E+00   -0.490688840637465784E+01   -0.243106418409348213E+00   -0.148885550131617694E+00    0.421956924669009692E-01   -0.138869151405174002E+00   -0.110392509043701259E+01
    0.120609784650347850E-01    0.225904700661005968E+02    0.664231401041149028E-01   -0.158789619102612356E+02    0.810007846246523333E+00    0.921216187737917913E+00    0.844277716983030113E-02    0.216046405385555129E+01   -0.254978545571021931E+01   -0.925330179737368919E-01   -0.435767951928987252E+01   -0.918202885259866430E-01   -0.585471583053208122E-01    0.777621596628066819E-01   -0.642907129537176880E-01   -0.103420143622789773E+01
    0.118224626251330813E-01    0.225904180398968606E+02    0.726859791208861322E-01   -0.157644790381292488E+02    0.814827324319236324E+00    0.101473092289812916E+01    0.963631748946851448E-02    0.215069230607176243E+01   -0.230956909702422486E+01   -0.100935594950135307E+00   -0.567959237504900649E+01   -0.816334971757030209E-01   -0.105170917974909933E+00    0.485574605217815591E-01   -0.467621706199496667E-01   -0.116715707732333529E+01
    0.116156335929780488E-01    0.225857168797299650E+02    0.717983914137060725E-01   -0.156517615198147499E+02    0.806233526861121375E+00    0.101188282787641759E+01    0.996721463872063396E-02    0.215137105113489735E+01   -0.232139047071524329E+01   -0.792781369607041542E-01   -0.520876472786596256E+01   -0.194178024450016917E+00    0.411249236249250499E-01   -0.922609108848834736E-02   -0.770244710930418214E-01   -0.108059791290182194E+01
    0.114082510703671387E-01    0.225817469648878237E+02    0.658972103483001087E-01   -0.146115656541833925E+02    0.776240132428804852E+00    0.972343909989673572E+00    0.935530434628567553E-02    0.214531923465596464E+01   -0.239751968815964212E+01   -0.946684589545672694E-01   -0.428449876152618714E+01   -0.684974272424042213E-01   -0.776827478314509601E-01   -0.175242383479154135E+00   -0.586829488348339992E-01   -0.112711413239547720E+01
    0.111849844658992517E-01    0.225812762960757745E+02    0.761823071401002971E-01   -0.158107349199847569E+02    0.774031280382754483E+00    0.865817932213818975E+00    0.990245153703683649E-02    0.215318561968183797E+01   -0.266683679190839085E+01   -0.658714313528437900E-01   -0.545882101555168209E+01   -0.120788224339061778E-01    0.947718022053284787E-01   -0.253021251262527225E+00   -0.706021420290912638E-01   -0.110877798179331455E+01
    0.109980519899776346E-01    0.225749843777002859E+02    0.703391535607021806E-01   -0.151493568312518896E+02    0.766966144503450242E+00    0.988522492745677939E+00    0.781456377821482424E-02    0.214373294630116851E+01   -0.242498133471178923E+01   -0.747600781293643046E-01   -0.469778580742439722E+01   -0.160855999303382541E+00   -0.916690134402715351E-01   -0.920474865864440023E-01   -0.351208734226525904E-01   -0.112808993179955541E+01
    0.107839009468100235E-01    0.225743119704345752E+02    0.610423003382716822E-01   -0.152288784593960855E+02    0.804935502740101172E+00    0.835024285827186352E+00    0.969558466830691343E-02    0.215759362319610926E+01   -0.237984860461772030E+01   -0.983888494225391014E-01   -0.587511618843116423E+01   -0.284311857761983255E-01   -0.341096032524123086E-01    0.157557624891784709E+00   -0.593991928216073620E-01   -0.111135016425438793E+01
    0.105939215652264013E-01    0.225698599094969587E+02    0.674738954785872452E-01   -0.157011884765680829E+02    0.765199577807924913E+00    0.944298471907570658E+00    0.811434311936619357E-02    0.216366655179756817E+01   -0.244583760804302353E+01   -0.975472969116814026E-01   -0.340548473872779844E+01   -0.345198222422888196E-01   -0.141436986768241457E+00   -0.753785638584329454E-01   -0.545164951806000261E-01   -0.119452313068809768E+01
    0.103959662413716583E-01    0.225675849692852530E+02    0.679207502246309824E-01   -0.154727304994727390E+02    0.787289864580656751E+00    0.730618612219747665E+00    0.988970571973048218E-02    0.215197761134130516E+01   -0.240174323487656904E+01   -0.118953567097291490E+00   -0.444135282677127297E+01   -0.221836711582792334E+00   -0.442426010984897644E-01    0.471042610736858297E-01   -0.132814267110186984E+00   -0.110554682317692388E+01
    0.101910632898995872E-01    0.225673983318931199E+02    0.738736322644171772E-01   -0.146477579233864219E+02    0.812610227573563382E+00    0.955288678468694141E+00    0.954097640033629325E-02    0.215268025005829911E+01   -0.243428902699323624E+01   -0.833666785008894129E-01   -0.380066046905840516E+01   -0.409802916124506755E-01   -0.160122840509898612E+00   -0.205859050629954715E-01   -0.599420958562170772E-01   -0.108565371607923078E+01
    0.100016488620172737E-01    0.225649207770842999E+02    0.678581514995907908E-01   -0.153028417266458643E+02    0.773142980050615325E+00    0.928477548467439462E+00    0.952980898865733728E-02    0.214858085106870345E+01   -0.232352357038921342E+01   -0.883973285314362811E-01   -0.483614023886467859E+01    0.210303952712009024E-01   -0.386583449722934652E-02   -0.209629930906923334E+00   -0.215135663337501837E+00   -0.112053708877515135E+01
    0.981558710435449268E-02    0.225624774223106819E+02    0.717554591526399499E-01   -0.149008206158995407E+02    0.814011327458591727E+00    0.955667422478195139E+00    0.977563911419083650E-02    0.214354275684859097E+01   -0.227745132092886315E+01   -0.721248901240828799E-01   -0.492977757768634284E+01   -0.475101823389958294E-01    0.383376787936026003E-02   -0.237463362787720123E-01   -0.820977655577939391E-01   -0.112746014922105409E+01
    0.962296874482749219E-02    0.225621150714845022E+02    0.597906202333839468E-01   -0.151720789932927662E+02    0.771728510038132809E+00    0.807318479078644735E+00    0.986753209111638011E-02    0.214789588714395663E+01   -0.251837249582924727E+01   -0.778365621032141713E-01   -0.364525290441085126E+01   -0.143044068301392518E+00   -0.149891797452576192E+00   -0.375485792700877286E-01   -0.110792718378126376E+00   -0.109898740959671470E+01
    0.943262264884203554E-02    0.225620723571624175E+02    0.630679695346965108E-01   -0.149020379667023786E+02    0.792235126463097572E+00    0.925849919617919626E+00    0.996643816873432273E-02    0.215845400527896114E+01   -0.241844426526848855E+01   -0.739838979751638870E-01   -0.464475267281354487E+01   -0.999736022843713129E-01   -0.630146674524129091E-02    0.545745024304712112E-01   -0.217719009074120201E+00   -0.110402185447907031E+01
    0.928264536767038108E-02    0.225541275735968405E+02    0.666688405061066497E-01   -0.145572576981359383E+02    0.779813691510089613E+00    0.977286123758011493E+00    0.100260003410996938E-01    0.214635260277530859E+01   -0.247828598346700879E+01   -0.744236236471461782E-01   -0.598774820788006856E+01   -0.974619977084100475E-01    0.115973452348110545E-01   -0.272048223272312206E+00   -0.126902065776240497E+00   -0.113822174778350593E+01
    0.910529889819573779E-02    0.225527076271733655E+02    0.619435213981306271E-01   -0.155905305894044126E+02    0.812346258661554854E+00    0.954118469990253293E+00    0.847190514696194268E-02    0.215880176259247447E+01   -0.229832809174368968E+01   -0.953413335145023022E-01   -0.341613979119787059E+01   -0.147174324600420042E+00   -0.104533722349782171E+00   -0.730502793001170242E-01   -0.135845323028808251E+00   -0.113461282536268437E+01
    0.894830367914283518E-02    0.225474927457585004E+02    0.601525127736825885E-01   -0.153553914030962542E+02    0.760786492236621759E+00    0.916331624851495996E+00    0.100034200468391635E-01    0.215187807562925748E+01   -0.237254584909472044E+01   -0.729285828532803548E-01   -0.453329378082906942E+01   -0.160620054102001891E+00    0.184071096815559693E-01   -0.104813535440295230E+00   -0.922438044872105622E-01   -0.116882357813615512E+01
    0.877274291102002682E-02    0.225471216719947840E+02    0.638742458470076685E-01   -0.147297216918582130E+02    0.816217741732936597E+00    0.830201896424216601E+00    0.107104002427420939E-01    0.215412803539202846E+01   -0.241032541914221499E+01   -0.669325758441373098E-01   -0.500742821407945460E+01   -0.158835810431293190E+00   -0.656939759904130033E-01   -0.111244316261148515E-01   -0.147934301109537564E+00   -0.110541433362119856E+01
    0.861050771207583741E-02    0.225444541394476161E+02    0.633256460171880003E-01   -0.155262840460242000E+02    0.765834636215150022E+00    0.896392083678421714E+00    0.977264412317839157E-02    0.216250976049349086E+01   -0.240350526849758106E+01   -0.927706830346556460E-01   -0.265357285781475083E+01   -0.230626439229215552E+00   -0.171417184147225565E+00    0.129535750972772146E+00   -0.526533221585745448E-01   -0.109245087356573078E+01
    0.844588810676798196E-02    0.225430612915911581E+02    0.669512695649906869E-01   -0.149797242647239965E+02    0.787440396708360746E+00    0.919042567397572840E+00    0.103463930129602776E-01    0.214942023085003120E+01   -0.241619956241805589E+01   -0.872042150757544460E-01   -0.315376117749912988E+01   -0.243418916080505615E+00    0.160053374266621029E-01    0.576912962912139865E-02   -0.560064502990666319E-01   -0.112598044616014104E+01
    0.830244414564067917E-02    0.225373208146282096E+02    0.709984977142741197E-01   -0.144954351790272380E+02    0.817885948439313171E+00    0.895226676518660835E+00    0.107904953347645605E-01    0.214939530631322828E+01   -0.231441477980187305E+01   -0.931823407729796688E-01   -0.604796033444527570E+01   -0.958892357136734014E-01   -0.238737862864739567E-01   -0.152993171687173052E+00   -0.185524190286286916E+00   -0.118849314637475922E+01
    0.814987297144618462E-02    0.225344160266800131E+02    0.753124166928683808E-01   -0.156027062846228031E+02    0.767813792766432690E+00    0.102358502086324044E+01    0.892109704863740596E-02    0.215641728934754928E+01   -0.258244796412969313E+01   -0.870004679811119258E-01   -0.542672454812115745E+01   -0.170516216101967377E+00   -0.436975757834287826E-01   -0.104925893776473544E+00   -0.202703918369698866E+00   -0.111932851106219422E+01
    0.800366955487720119E-02    0.225306204465486033E+02    0.601120671852043709E-01   -0.156590417335737442E+02    0.749372204501053019E+00    0.856160190250124464E+00    0.923649218424086108E-02    0.215316209665590907E+01   -0.233709242103429871E+01   -0.102635919778047535E+00   -0.595059293450566074E+01   -0.315938216402534278E+00   -0.119692353598386536E+00   -0.169543230364215092E+00   -0.101622004381127673E+00   -0.110702505918785965E+01
    0.784870695374245524E-02    0.225297231103751123E+02    0.763816890951567046E-01   -0.154303630059481254E+02    0.773242721371726782E+00    0.875987797370212595E+00    0.105603043377100851E-01    0.215638418383010499E+01   -0.254552154215141746E+01   -0.921188144440924922E-01   -0.252451952998026741E+01   -0.206972946839869526E+00   -0.723234577070490381E-01   -0.190646937385441292E-01   -0.115433263438979486E+00   -0.110770781785605132E+01
    0.769347689262270349E-02    0.225296750822568264E+02    0.642155241050404585E-01   -0.154343259826121386E+02    0.778074836487132493E+00    0.855478403881713589E+00    0.111706328579961323E-01    0.216805117710905693E+01   -0.232732255072990446E+01   -0.741235681118933565E-01   -0.461345956325281925E+01   -0.150777793228359935E-02    0.160348601109334271E-02   -0.117504821162701750E+00   -0.170586568271456768E+00   -0.109900074375914780E+01
    0.754299950495359358E-02    0.225291808778082157E+02    0.754959399612942922E-01   -0.146595640694064464E+02    0.805693760971406880E+00    0.999012589708714205E+00    0.102679789882520363E-01    0.216331937243155226E+01   -0.247507738094738139E+01   -0.778954334365598300E-01   -0.534106754058879751E+01   -0.820776454450671961E-01   -0.136625016180182385E+00   -0.106132799490058355E+00   -0.154737838646212988E+00   -0.111877029109191284E+01
    0.739441866837505218E-02    0.225289697450330060E+02    0.711716002072166343E-01   -0.148775933169275234E+02    0.781952357612896609E+00    0.896974133143248253E+00    0.922176685543654208E-02    0.214629242723893654E+01   -0.254497954745008492E+01   -0.966365422781914202E-01   -0.565706778275874278E+01   -0.176809432841526504E-02   -0.266726708667229667E-01    0.188463259926272941E+00   -0.138200422114922866E+00   -0.108578687607883384E+01
    0.725021185752716679E-02    0.225283593279563306E+02    0.673996122539054499E-01   -0.151420236652506031E+02    0.764273548560872706E+00    0.903077356712357227E+00    0.970289005891129819E-02    0.215946646118024566E+01   -0.239645556249211733E+01   -0.932337524050153577E-01   -0.384385252893298013E+01   -0.282520074439920665E+00   -0.366996799722655032E-01   -0.119758930775945210E+00   -0.108932919281460164E+00   -0.108473605082093094E+01
    0.711587498521624139E-02    0.225257643052446035E+02    0.686583787296857623E-01   -0.144954228618593266E+02    0.762347974179511279E+00    0.930324293114013989E+00    0.940259906616307782E-02    0.215009340173018026E+01   -0.247625395721914510E+01   -0.107540510763574765E+00   -0.532259633563229340E+01   -0.215250361199808421E+00    0.336244099691315745E-02   -0.186375406790308284E+00   -0.887689538655002108E-01   -0.111300997676321112E+01
    0.697891699426697251E-02    0.225246332156483895E+02    0.738823313333045045E-01   -0.154154030798400168E+02    0.781534098606681327E+00    0.100702515199937892E+01    0.110515910393955905E-01    0.214705347225772902E+01   -0.234831518399304517E+01   -0.866292016821581523E-01   -0.514568064940810377E+01   -0.238173104439934169E+00   -0.933208985064017948E-01   -0.108607403413837206E-01   -0.872716147510542439E-01   -0.116688282790101194E+01
    0.685132959696427898E-02    0.225215352379205136E+02    0.661875546852642715E-01   -0.150011731598530762E+02    0.813249420586088401E+00    0.964133820255111851E+00    0.924638953576210378E-02    0.214620479403303532E+01   -0.254753165829809847E+01   -0.758102995493476206E-01   -0.327165428030838434E+01   -0.162607218913627616E+00   -0.916599404318702571E-01   -0.847435627481673281E-01   -0.920858897813439659E-01   -0.112521838946564601E+01
    0.672119467005021908E-02    0.225198888742600687E+02    0.651734577558065603E-01   -0.156877609803120066E+02    0.759329978908844017E+00    0.879911832482250245E+00    0.968867540143527467E-02    0.215040566621164420E+01   -0.242505908242433854E+01   -0.954269264200917622E-01   -0.358322161134962602E+01    0.225529343582500097E-01   -0.162083685370428887E+00   -0.587411338035212505E-01   -0.934696219135899287E-01   -0.108837264899916719E+01
    0.659552817257141183E-02    0.225176369687283433E+02    0.707068624353028030E-01   -0.152192677168677228E+02    0.760818051484876690E+00    0.866659695847827871E+00    0.116449487080678270E-01    0.214747692519116118E+01   -0.248968559936244738E+01   -0.848681243443332317E-01   -0.402692225166905615E+01   -0.186716149726048081E+00   -0.379559127622752235E-01   -0.199928908807969763E+00   -0.139046231133155007E-01   -0.112440633755832420E+01
    0.646551165361908351E-02    0.225174564059246336E+02    0.658222182899279445E-01   -0.154056866780650541E+02    0.795234611631946864E+00    0.811670212178394523E+00    0.101910126050511057E-01    0.214892949042778270E+01   -0.241990035870849818E+01   -0.790093410772661209E-01   -0.311005182415778547E+01   -0.179445954683310871E+00   -0.107535375193684030E+00    0.198553492079288768E-01   -0.905836601931157281E-01   -0.110609618320000513E+01
    0.633925880995978453E-02    0.225168969989542163E+02    0.667774600612295599E-01   -0.148361614772252182E+02    0.759265396843799123E+00    0.700377130603986653E+00    0.938804220969877493E-02    0.214841652122843518E+01   -0.244318295432590782E+01   -0.766830755759288218E-01   -0.481792889439242344E+01   -0.810063244933343640E-01   -0.945130071671423933E-01   -0.306434023921891785E+00   -0.159948494421961768E+00   -0.107325235069351188E+01
    0.621902657181663213E-02    0.225151939186997829E+02    0.693340486779659287E-01   -0.156374124107526278E+02    0.780079580159859565E+00    0.851032990139672485E+00    0.970493881637941348E-02    0.215239949091189597E+01   -0.238430126105132922E+01   -0.673299079352600027E-01   -0.403996056358060684E+01   -0.725275856180685602E-01   -0.406373030994915951E-01   -0.451221443208105269E-01   -0.646089803449447359E-01   -0.110392228874527287E+01
    0.648102072092442919E-02    0.224325313434945706E+02    0.689677233014111685E-01   -0.157155453718258205E+02    0.773854272312290647E+00    0.865799677836843196E+00    0.965527026067856085E-02    0.215733256623722047E+01   -0.258127627703656337E+01   -0.859142694139542751E-01   -0.523510317771462486E+01   -0.169875312516548360E-01   -0.226755515600234395E-01   -0.211642832972623152E+00   -0.827517478834019216E-01   -0.111777274081218070E+01
    0.631166312392022946E-02    0.224854889539673017E+02    0.558698517158972216E-01   -0.153689671545899600E+02    0.756114696855131552E+00    0.778832989100674777E+00    0.951892392831761060E-02    0.215458695203011619E+01   -0.260763246277239435E+01   -0.896418912878673979E-01   -0.607722609829164107E+01   -0.115798179386220668E+00   -0.215346341504125752E-01   -0.121405456909188345E+00   -0.862852405344226581E-01   -0.111926800424531292E+01
    0.629126242889879988E-02    0.224919638673529150E+02    0.724920529006276848E-01   -0.150709331838133576E+02    0.796712977979558090E+00    0.922089256211098940E+00    0.960571410898282060E-02    0.214242569940644234E+01   -0.248215541496228864E+01   -0.913956205374954894E-01   -0.450662785289742818E+01   -0.115920564271754428E+00   -0.688572033996442678E-01    0.245216793907201802E+00   -0.177990234839033340E+00   -0.119716299617109789E+01
    0.629653595956979843E-02    0.224902881077588113E+02    0.695752459363498527E-01   -0.150558130454666017E+02    0.760411935504071268E+00    0.857528445977739362E+00    0.916600833062405917E-02    0.215592298403012128E+01   -0.251249569392166983E+01   -0.889738425362118085E-01   -0.458881727726918509E+01   -0.563953026065070750E-01    0.132600575549786548E+00   -0.645592721018972138E-01   -0.168381427693488961E+00   -0.112619640483319627E+01
    0.625169134398607679E-02    0.225045832923828968E+02    0.713511381880606310E-01   -0.149946730695077317E+02    0.757422334910385797E+00    0.929825824730407757E+00    0.967831538566306555E-02    0.215495751006476510E+01   -0.243641171415489977E+01   -0.769331094665960252E-01   -0.403344682781415198E+01   -0.907111571905386549E-01   -0.220088620510414612E+00    0.234160546943035924E-01   -0.211090520668541282E+00   -0.110828220795504184E+01
    0.630770930102144810E-02    0.224867422090088454E+02    0.710143746012988214E-01   -0.150175975771433059E+02    0.755669366868952586E+00    0.866625967399971553E+00    0.882380097743603112E-02    0.214739589083215288E+01   -0.265952375936359875E+01   -0.798642564983442632E-01   -0.330796197249160828E+01   -0.925746080625855228E-01   -0.267312459692873247E-01   -0.145436348667495996E+00   -0.136081780960371684E+00   -0.114573170694624360E+01
    0.623130552409227947E-02    0.225111156461860951E+02    0.705188271708534764E-01   -0.148825598562218548E+02    0.808831051479431684E+00    0.745255115648729705E+00    0.927176425126816778E-02    0.214353703976012433E+01   -0.245710099239266500E+01   -0.810673698611846100E-01   -0.287907372885851176E+01    0.744491927472412662E-02   -0.877652131497381194E-01    0.933085256845528344E-02   -0.179746823331950828E+00   -0.115628269650417748E+01
    0.624704568330876429E-02    0.225060700540872531E+02    0.718861719824519380E-01   -0.148583090921952490E+02    0.738938453186022470E+00    0.919775938429540751E+00    0.105090839532171465E-01    0.214826836998072768E+01   -0.251270073311247044E+01   -0.893135921368295865E-01   -0.584548047384344915E+01   -0.120735057641877197E+00   -0.192476562206763346E+00   -0.114932093704570484E+00   -0.175608509542784647E+00   -0.112279883831090066E+01
    0.627907189101840381E-02    0.224958430137278107E+02    0.695944721815471706E-01   -0.152233183793241373E+02    0.769428881117362407E+00    0.843850825384203307E+00    0.112267643091862220E-01    0.214665105659501521E+01   -0.246071363241914742E+01   -0.100892270077734436E+00   -0.556698631784603482E+01   -0.144790048249858083E+00    0.245874831011709538E-02   -0.496623435925777137E-01   -0.151610558337881007E+00   -0.113782197494006065E+01
    0.623694910305667548E-02    0.225093051026838751E+02    0.666982089687075674E-01   -0.159244161905807466E+02    0.783304432047702948E+00    0.852986326601405498E+00    0.958649353570605565E-02    0.214983298402260870E+01   -0.235257705112417126E+01   -0.760838631867716692E-01   -0.313188915126281042E+01   -0.137896814594417161E+00   -0.187238179158982845E-01    0.108776582732181368E+00   -0.108784264039322967E+00   -0.114751226809066909E+01
    0.636105781873400489E-02    0.224698980022915897E+02    0.679338771481809295E-01   -0.154370274413036750E+02    0.769691505790571218E+00    0.796786456703933110E+00    0.101005950015071472E-01    0.214807221936840431E+01   -0.233546076620419374E+01   -0.847558600086113639E-01   -0.513916652738526558E+01   -0.139229172650361555E+00   -0.567360829442602466E-01    0.116504203544911297E+00   -0.107645627277577011E+00   -0.111346863015469788E+01
    0.636752415627851644E-02    0.224678659336405850E+02    0.629573058816033232E-01   -0.155951118586354376E+02    0.756859972459226871E+00    0.873113150706518626E+00    0.924343622188624446E-02    0.214951386704866110E+01   -0.249099031624772005E+01   -0.968236327837515426E-01   -0.354361166571773811E+01   -0.841410546115737012E-01   -0.977238051310932720E-01    0.444729080210848893E-01   -0.107270943340142977E+00   -0.113297128071675024E+01
    0.635636527323210632E-02    0.224713739446050376E+02    0.702609608771606331E-01   -0.151736163400467401E+02    0.760437581454636913E+00    0.778175219736515267E+00    0.992964488831552840E-02    0.215542025451891206E+01   -0.255139055016271143E+01   -0.700173480591155389E-01   -0.406866231207806184E+01   -0.856083041090262009E-01   -0.182203937904365010E+00   -0.111295217252861747E+00   -0.187907333153156719E+00   -0.109296705143650152E+01
    0.638372045775230119E-02    0.224627852342503367E+02    0.666161291915069315E-01   -0.154715373500435565E+02    0.765198849265425918E+00    0.833591021559662360E+00    0.889049681629977377E-02    0.214312439087476791E+01   -0.263309036538390551E+01   -0.866342005344865329E-01   -0.361831749559992311E+01   -0.948868526066927592E-01   -0.829162067656595003E-01   -0.268331576274592545E-01   -0.967235275613703704E-01   -0.113696777918852199E+01
    0.647234646929551426E-02    0.224352099529397151E+02    0.747997248982226470E-01   -0.152915540791027720E+02    0.787358720807390111E+00    0.868262219555019366E+00    0.108302748043719622E-01    0.214855165511785673E+01   -0.238269872130756255E+01   -0.831474660930182907E-01   -0.498170698812213697E+01   -0.101010894417413843E+00   -0.211205819248756532E+00    0.124125976994321763E-01   -0.159572720908726873E+00   -0.118736973143790037E+01
    0.635217552052021878E-02    0.224726926649622136E+02    0.671809014913550412E-01   -0.153718628070079362E+02    0.752228802109363270E+00    0.974714853399559655E+00    0.961068728127655730E-02    0.214837463557808528E+01   -0.243196499497772622E+01   -0.806242224659831502E-01   -0.276627604185005938E+01   -0.390197260118834016E-01   -0.181712411939674801E+00   -0.370410846900572494E-01   -0.144537586056540573E+00   -0.115046004979970773E+01
    0.628182158950907430E-02    0.224949673758477964E+02    0.722644048621079726E-01   -0.151036381368821981E+02    0.757624225644519589E+00    0.107231679655117684E+01    0.961725616165126466E-02    0.214791249964529340E+01   -0.223628312957488395E+01   -0.883999788948650195E-01   -0.597326336945496639E+01   -0.717407423428317453E-01   -0.537296967458276847E-01   -0.119006869121604200E+00   -0.192494280155147995E+00   -0.119216617795515378E+01
    0.636769832228193094E-02    0.224678112299230079E+02    0.678484735583102100E-01   -0.151940723599678194E+02    0.786097905860182911E+00    0.837668868749579021E+00    0.970205925285874335E-02    0.215089658107839909E+01   -0.236539636890594052E+01   -0.900804236782147272E-01   -0.457201841529457820E+01   -0.405879919017282376E-01   -0.121920678186405243E-01    0.755981321520895061E-01   -0.112787897423834604E+00   -0.112136899595562789E+01
    0.629724496919433548E-02    0.224900629141877069E+02    0.714872358803064351E-01   -0.150103685983594577E+02    0.790516222961663684E+00    0.809410185817744487E+00    0.937177896155218758E-02    0.214540928287227350E+01   -0.240649724756307082E+01   -0.789594475648251470E-01   -0.604847958799682317E+01   -0.687624589507237205E-01   -0.284241039271340250E-01    0.456620997754823149E-01   -0.513319634299093802E-01   -0.111234860861226204E+01
    0.625887679457019005E-02    0.225022858902842415E+02    0.654210382616838837E-01   -0.159702374871513282E+02    0.764639889632975023E+00    0.835199706918807072E+00    0.105381108519362506E-01    0.215165428268796788E+01   -0.252775864807354944E+01   -0.961182102827092821E-01   -0.281938860500325372E+01   -0.120925869430993149E+00   -0.479161053064969950E-02   -0.122939601555702396E+00   -0.128808427300847600E+00   -0.112706064791054139E+01
    0.629325647557761256E-02    0.224913300579206634E+02    0.706537220505945307E-01   -0.151336785200391191E+02    0.805045599196714812E+00    0.843425532408914158E+00    0.937910609554654801E-02    0.214725743718476814E+01   -0.246576782575524689E+01   -0.715093098808542715E-01   -0.459312299192374418E+01   -0.111313765100337858E+00   -0.251765910998372755E+00   -0.205363125594729135E-03   -0.197091570252836190E+00   -0.108466655366197484E+01
    0.626059508060187488E-02    0.225017368939496976E+02    0.663748679795757024E-01   -0.151559596001151746E+02    0.790688799423875932E+00    0.815064182419558581E+00    0.997636500089137124E-02    0.215149914997388736E+01   -0.246852508015705219E+01   -0.108033627826347622E+00   -0.504645281525861300E+01   -0.434097086582517500E-01   -0.294085133166325681E-01    0.120909150432901721E+00   -0.153819532791031499E+00   -0.114221745392956375E+01
    0.649230643766438107E-02    0.224290516749565505E+02    0.725829898716551791E-01   -0.153243959424619263E+02    0.765765614150812568E+00    0.853374022827769307E+00    0.104712900145580937E-01    0.215717416107235538E+01   -0.261160162508229643E+01   -0.770516350134343442E-01   -0.431647264867250957E+01   -0.137926887334375026E+00   -0.351038175313116915E-01   -0.540571283572073499E-01   -0.142825406779332698E+00   -0.111233780802082594E+01
    0.644658869430373479E-02    0.224431851641461435E+02    0.655205134647453280E-01   -0.153473761174468546E+02    0.757098585448971240E+00    0.929734968273240203E+00    0.101107266275328317E-01    0.215016108830824804E+01   -0.252003603296639778E+01   -0.854395676104626745E-01   -0.512510316246747699E+01   -0.141450933299203579E+00   -0.110762127797448318E+00   -0.802195659554947593E-01   -0.790249054408816431E-01   -0.116928512084007763E+01
    0.627500705509939898E-02    0.224971381580640823E+02    0.690098413666578869E-01   -0.155222970462076546E+02    0.793958568220244354E+00    0.995967394634194703E+00    0.964367479313161559E-02    0.214858576845714921E+01   -0.245023466434387505E+01   -0.118305326724275503E+00   -0.405002805819803413E+01   -0.232003166231976476E+00    0.295777702330033421E-01   -0.135820429613652649E+00   -0.131831578354835055E+00   -0.116991656611351225E+01
    0.638022984050890234E-02    0.224638791330038821E+02    0.646862241486977074E-01   -0.150007720454526456E+02    0.792666562112417261E+00    0.798740954527214719E+00    0.921344537334418262E-02    0.215428754722697624E+01   -0.244254123313774230E+01   -0.744923895173579820E-01   -0.447680999291490256E+01   -0.140718827689373022E+00   -0.468958861194580384E-01    0.757052836335003893E-01   -0.491357622677941475E-01   -0.110096778599048650E+01
    0.652899700193099262E-02    0.224177807107123463E+02    0.675890574754864498E-01   -0.154704871815449394E+02    0.787334568654120437E+00    0.985455354615075163E+00    0.890995831008317522E-02    0.215047339750379640E+01   -0.244908069556176589E+01   -0.862731752601523100E-01   -0.414149104273437452E+01   -0.175385388932687791E+00   -0.126830442531471813E-01   -0.152559603007373090E-01   -0.678606487178902984E-01   -0.115326343321939095E+01
    0.646969447579619737E-02    0.224360296052797707E+02    0.697274365118740191E-01   -0.149758282415513762E+02    0.764465865457138238E+00    0.956150048820548548E+00    0.949448730698735331E-02    0.215450103245840641E+01   -0.247307417506368665E+01   -0.669624614582586125E-01   -0.388223339990670224E+01   -0.224465348588816810E+00   -0.772514325421490983E-01   -0.847663742722290503E-01   -0.162330794745356666E+00   -0.113441260798582433E+01
    0.644478480751739524E-02    0.224437448831855058E+02    0.685009042263310247E-01   -0.154629693369972845E+02    0.776783648146126549E+00    0.942378235622509886E+00    0.949524611768333762E-02    0.216290426092208676E+01   -0.265573622120087949E+01   -0.106405353509440054E+00   -0.584838088430020875E+01    0.253288047347855760E-01   -0.193841594455972266E+00   -0.226675638361281795E+00   -0.141534195999654194E+00   -0.112442488468712964E+01
    0.654502372761994657E-02    0.224128773274155790E+02    0.650383981027217867E-01   -0.151925411881559125E+02    0.766075298509507951E+00    0.117519788400778991E+01    0.839508798349253640E-02    0.215794864138736164E+01   -0.250913713326175536E+01   -0.674736393035216125E-01   -0.445616801487659053E+01   -0.106025295064475694E+00    0.723744536128179822E-01   -0.260176364638949296E-01   -0.722377401950409503E-01   -0.112210268281764858E+01
    0.645413981971135024E-02    0.224408438618664228E+02    0.654273556487169200E-01   -0.155243387293055015E+02    0.770502150539120634E+00    0.924960100993491019E+00    0.104146962244975883E-01    0.215686548336838602E+01   -0.251971264295876951E+01   -0.909898449482915012E-01   -0.458009384914264128E+01   -0.142089822320816767E+00   -0.147412813929474404E-01   -0.338524161754963221E-01   -0.428818755572537014E-01   -0.108437560197643079E+01
    0.641546850437727315E-02    0.224528633206566717E+02    0.555266894972059610E-01   -0.151897644365984075E+02    0.778764125909863214E+00    0.827230826870995140E+00    0.875409142358013828E-02    0.216315250827233285E+01   -0.255271731372027144E+01   -0.952905969851764456E-01   -0.443540775229982920E+01   -0.135912381864649323E+00    0.177075298059046760E-01   -0.782781031958364459E-01   -0.961219915619742349E-01   -0.112867530062426291E+01
    0.626118332828554114E-02    0.225015489820844969E+02    0.668370748785063334E-01   -0.158997022307749809E+02    0.809230174122411827E+00    0.897963438901069666E+00    0.829283273224400326E-02    0.215252241029472113E+01   -0.246140507898036764E+01   -0.835090221607781430E-01   -0.463954247200686076E+01   -0.140283992719294343E+00   -0.163265966211246671E+00    0.304193902147355949E-01   -0.123550306590909639E+00   -0.117814498357414976E+01
    0.629299232897651863E-02    0.224914140056020493E+02    0.709447977074301322E-01   -0.154291029749194077E+02    0.784894863730457359E+00    0.849044835769028450E+00    0.100002593968642594E-01    0.215126636411252115E+01   -0.242615823014622434E+01   -0.102919685707737407E+00   -0.441936797133655990E+01   -0.260856673627903046E+00    0.267979168055396816E-01   -0.532254419772205944E-03   -0.179584642203433675E+00   -0.113925782100559614E+01
    0.624043376038344727E-02    0.225081879910409910E+02    0.655798043164134703E-01   -0.151759016187228735E+02    0.765194466609396717E+00    0.790287412516947563E+00    0.104772860350578669E-01    0.215456165367937569E+01   -0.230896367283753312E+01   -0.102285389161888118E+00   -0.486586022567753584E+01   -0.163155953294097017E+00    0.105233745560231864E+00    0.378672923622187241E-01    0.560470344759211869E-02   -0.110912458372104950E+01
    0.633854785207424963E-02    0.224769879831356256E+02    0.666736989509180838E-01   -0.149914899834692648E+02    0.813088242799500316E+00    0.954223578191105037E+00    0.971474902681765742E-02    0.215048938113660926E+01   -0.251667495400950036E+01   -0.879551571194847476E-01   -0.459632518609689633E+01   -0.125329323910535917E+00   -0.615772500946973264E-01   -0.141037436227797075E+00   -0.104690378904345224E+00   -0.113817046637646402E+01
    0.625682197604679816E-02    0.225029426074454690E+02    0.710526058766080687E-01   -0.152108939813642277E+02    0.805784097132490107E+00    0.987778731388337716E+00    0.961994204864797912E-02    0.216226843305462069E+01   -0.244535729776942512E+01   -0.972703913958820332E-01   -0.548645406300968208E+01   -0.121745256178136529E+00   -0.822537952704123915E-01   -0.869649360844840236E-01   -0.513973085513481642E-01   -0.111055975868141976E+01
    0.647805508787659395E-02    0.224334467276294802E+02    0.725262655433330655E-01   -0.151037889172085968E+02    0.766526344327433495E+00    0.108538347978577798E+01    0.905856891288501186E-02    0.215887796431155454E+01   -0.246561758501098804E+01   -0.935316847400101681E-01   -0.606801568112837764E+01   -0.160014459114443258E+00   -0.265043942640171594E-01   -0.843349405866581220E-01   -0.128315370871050938E+00   -0.111564472004277593E+01
    0.643858277513288581E-02    0.224456704768856987E+02    0.682213917956704247E-01   -0.153844548073636780E+02    0.785329617740639918E+00    0.908510418161738498E+00    0.908743861334107561E-02    0.215407042244645197E+01   -0.244994199603383622E+01   -0.926690845757144194E-01   -0.361914573385400917E+01   -0.219887137328460186E+00   -0.177839129800701712E+00   -0.592179177765864845E-02   -0.713853971442831442E-01   -0.111308979253195406E+01
    0.647498194874953758E-02    0.224343957372481597E+02    0.680986848844731957E-01   -0.148530970077754638E+02    0.784643627829132440E+00    0.901757139628950544E+00    0.937296419547526891E-02    0.215696354114075550E+01   -0.262470863317097791E+01   -0.958174325192600734E-01   -0.425926458959339627E+01   -0.131756608074236892E+00   -0.429255229553075143E-01   -0.562084843960343333E-01   -0.166900281485463264E+00   -0.112830649982921427E+01
    0.625990060887499523E-02    0.225019587611168852E+02    0.698079608559627751E-01   -0.150425217827761273E+02    0.770271206920160489E+00    0.103621378411848264E+01    0.960371568751542878E-02    0.215675459312467455E+01   -0.231139690497187189E+01   -0.782805742521691522E-01   -0.444726952634361261E+01   -0.857551446972851794E-01   -0.950866740006534872E-01   -0.118944037381645148E+00   -0.107199971009268535E+00   -0.106140193898355872E+01
    0.636376653156233135E-02    0.224690465287326049E+02    0.628690726516497322E-01   -0.149622563864810019E+02    0.781961620317360939E+00    0.904731664530133983E+00    0.103324566683542056E-01    0.215485781086567130E+01   -0.261375459441953462E+01   -0.847494927214300642E-01   -0.653418668369402944E+01   -0.114109445816781022E+00   -0.127308338855788433E+00    0.482898511233719047E-01   -0.831419429808837873E-01   -0.111493955642147813E+01
    0.626233904077603057E-02    0.225011798487177934E+02    0.715660420221789634E-01   -0.153183177022406252E+02    0.777449242749012281E+00    0.988566038298961614E+00    0.887496497130375872E-02    0.215564521577271151E+01   -0.231165616198888868E+01   -0.115190776462101491E+00   -0.442430463770534121E+01   -0.151017976470131099E+00    0.358179221142727461E-01    0.444622476802553901E-01   -0.606999901327223493E-01   -0.116084622680620697E+01
    0.629585053047368882E-02    0.224905058358589898E+02    0.693523335607693497E-01   -0.154367374613468797E+02    0.806164774775631865E+00    0.794199668328176123E+00    0.909538286128147577E-02    0.215275153258762275E+01   -0.237091613194138739E+01   -0.727827890621384893E-01   -0.478375485879642870E+01   -0.109790888997578009E+00   -0.871338732241894731E-01    0.127926984255417320E-01   -0.806574659194578270E-01   -0.115084922350696361E+01
    0.622983066803876710E-02    0.225115890720559904E+02    0.744408784014911618E-01   -0.153276930148103876E+02    0.795883839114540192E+00    0.102918247154617815E+01    0.901232990960467925E-02    0.215677957662078601E+01   -0.234133600418265742E+01   -0.859268488888036419E-01   -0.492013506272099743E+01   -0.460310314605423126E-01    0.318646837669043365E-01   -0.145432698250606229E+00   -0.179630796178042368E+00   -0.112932154883499081E+01
    0.649047572484739467E-02    0.224296157182582725E+02    0.681629830846632451E-01   -0.153557215869363795E+02    0.796038254302974702E+00    0.924091489395290178E+00    0.924195753368360282E-02    0.215304140839526381E+01   -0.247762540127917852E+01   -0.715912927920894782E-01   -0.529324467772209228E+01   -0.158722709771447479E+00    0.377528905842354628E-01   -0.185760717119015151E+00   -0.774290857554286865E-01   -0.114896558315635655E+01
    0.638405104680386890E-02    0.224626816643982217E+02    0.670856077942957041E-01   -0.147395669595412606E+02    0.793779177759928012E+00    0.818669753136663236E+00    0.980610690098011537E-02    0.215322322287906553E+01   -0.240685353665678781E+01   -0.971383490852365528E-01   -0.458627589504386091E+01   -0.151637061642386578E+00   -0.876017619864476876E-01    0.835400968896625601E-01   -0.102582172966792187E+00   -0.114718064709971479E+01
    0.659553625108740861E-02    0.223975011874792997E+02    0.651791424068881020E-01   -0.152096893948018561E+02    0.775223945003289616E+00    0.978036211968353553E+00    0.939693489112355777E-02    0.216235098668068959E+01   -0.262668519455338023E+01   -0.811955988880798257E-01   -0.498913182371397834E+01   -0.362702492430314882E-01   -0.155107805929028730E+00   -0.416135566649856528E-01   -0.941183179577705364E-01   -0.111160907907037521E+01
    0.642123175648575371E-02    0.224510674533765844E+02    0.666974749916810494E-01   -0.151422607026059612E+02    0.785662430462112482E+00    0.854647654011591040E+00    0.999899957433300797E-02    0.214670202409148603E+01   -0.253942034100919845E+01   -0.936995094752396118E-01   -0.520499563702788315E+01   -0.193288378287573059E+00   -0.185208054898579499E+00   -0.147697977543444992E+00   -0.113651379397687782E+00   -0.112582171087524729E+01
    0.642738071168356528E-02    0.224491531748714195E+02    0.681853893592401228E-01   -0.149440049568505113E+02    0.787378740051840276E+00    0.937642776830868163E+00    0.985751160772771994E-02    0.215510127092873249E+01   -0.251606189838846239E+01   -0.938208811804446541E-01   -0.400404481626939113E+01   -0.222244930673107105E+00   -0.137541004550506968E+00   -0.686068435363478002E-01   -0.152257679541626195E+00   -0.108476087804794030E+01
