    0.225236666271874664E+00   -0.120641194748945479E+01    0.185263492362286430E+01    0.983230002887249932E+00    0.108724858608372638E-01    0.218021062483757877E+01   -0.267540063229067382E+01   -0.138221850647014310E+00   -0.643555366125228190E+01    0.167756042577273529E-01    0.735986027716448304E-01   -0.296555590858909368E+00   -0.151305758273400065E+00   -0.117326839062336719E+01   -0.805252777161308053E+01   -0.391195633965034517E+01    1
    0.225948674596717275E+00   -0.346443186866234587E+01    0.185696769858152910E+01    0.100769287879344493E+01    0.107773784540816271E-01    0.218148682204988775E+01   -0.267388257934610740E+01   -0.156682065713107443E+00   -0.796260146139182190E+01   -0.889998248881216508E-01   -0.837703736513912139E-01   -0.107820551180341340E+00   -0.128655893668506965E+00   -0.119012628240964347E+01   -0.772635947057561001E+01   -0.393195633965034208E+01    1
    0.216441272716199451E+00   -0.291029542157015664E+01    0.186377462771925351E+01    0.107122539975687991E+01    0.106316123368456680E-01    0.217686142811093308E+01   -0.268029530427853269E+01   -0.135525632549213210E+00   -0.591358105886562146E+01   -0.995966768831018368E-01    0.215871444138651392E-01   -0.198873146508055654E+00   -0.153711752407214880E+00   -0.118886929303839417E+01   -0.768911193279444038E+01   -0.395195633965034165E+01    1
    0.222228811634230972E+00   -0.234446202754720545E+01    0.184967635607429726E+01    0.103100724749766259E+01    0.103498466388525605E-01    0.218015321989196798E+01   -0.272632356737693060E+01   -0.144546831218578725E+00   -0.389995985024188663E+01   -0.481450755295637911E-01   -0.404868739462412239E-01   -0.136669918184847194E+00   -0.144734546929518426E+00   -0.118177078131866620E+01   -0.765192384481738053E+01   -0.397195633965034300E+01    1
    0.225067525818179320E+00   -0.162197279261184968E+01    0.185324539558403645E+01    0.102100079098595331E+01    0.108748193012176905E-01    0.217957502348813525E+01   -0.271764317343433159E+01   -0.135329905690308117E+00   -0.374119572716251003E+01   -0.776440706713183160E-01   -0.541336794197988802E-01   -0.932211821453098888E-01   -0.135762536306331560E+00   -0.116938303069538363E+01   -0.760325440742706693E+01   -0.399195633965034391E+01    1
    0.220372046877754302E+00   -0.309049262207568542E+01    0.184591476994085291E+01    0.101614832462266214E+01    0.105515588440828131E-01    0.218037225559329517E+01   -0.278625713185164070E+01   -0.140639563056921296E+00   -0.786247083483533871E+01   -0.119237189279915445E+00   -0.440628612736276154E-01   -0.140823266549942178E+00   -0.105205343847955810E+00   -0.117072150391449492E+01   -0.758693154932447733E+01   -0.401195633965034215E+01    1
    0.217882367470324911E+00   -0.285186537706109933E+01    0.185917354391887590E+01    0.107133680645914797E+01    0.108443132361673508E-01    0.217808555811717186E+01   -0.261688472962568852E+01   -0.124807044024661834E+00   -0.616160306596060181E+01   -0.389999199642880878E-01   -0.928772415034446325E-01   -0.777344601445006944E-01   -0.139838548341044422E+00   -0.117708214737799644E+01   -0.751227270734103580E+01   -0.403195633965034173E+01    1
    0.223044076320445650E+00   -0.168922233660191434E+01    0.185407763311163842E+01    0.105179486341307693E+01    0.106306637368676245E-01    0.218109183548503527E+01   -0.275172700297741368E+01   -0.135924069351755050E+00   -0.497084612542276361E+01   -0.213962103186992672E-01    0.115690981314053656E-01   -0.127945054923670115E+00   -0.119288523388193568E+00   -0.117488317842880363E+01   -0.750266463752961954E+01   -0.405195633965034396E+01    1
    0.221179864945025978E+00   -0.456309189428510553E+01    0.184460727500941135E+01    0.105799999593695082E+01    0.105764979758792479E-01    0.218112179014658025E+01   -0.267768454869382833E+01   -0.124679012221234065E+00   -0.621819058657180257E+01   -0.544298443455080716E-01   -0.690561410964044275E-01   -0.280648521460363232E-01   -0.119419874290467382E+00   -0.119432964167192224E+01   -0.750148207939435174E+01   -0.407195633965034443E+01    1
    0.219954854988960891E+00   -0.330472448206285208E+01    0.185511960141153498E+01    0.106017137724352262E+01    0.109337743548203314E-01    0.217954407809887263E+01   -0.264175168354478895E+01   -0.111111442767665422E+00   -0.720044383198377425E+01   -0.314580721601252153E-01   -0.277848611270265257E-01   -0.476477792640973702E-01   -0.763225549558785854E-01   -0.117292647736639077E+01   -0.748151126308115355E+01   -0.409195633965034400E+01    1
    0.222281368430435167E+00   -0.401492916115249887E+01    0.187060961203176057E+01    0.104389495582584080E+01    0.110365135792596051E-01    0.217969156874766634E+01   -0.272190253869717358E+01   -0.104071996126237187E+00   -0.581920590736801646E+01   -0.186107664782660595E-01   -0.389242302891849024E-01   -0.556114153396148475E-01   -0.115594188074812698E+00   -0.118490918949350088E+01   -0.746416776982878449E+01   -0.411195633965034357E+01    1
    0.220535992858855501E+00   -0.440823900919531919E+01    0.185976416258249033E+01    0.103488967548903421E+01    0.109804670973882267E-01    0.217964519595797457E+01   -0.272823162571647071E+01   -0.140175657385379737E+00   -0.702059662716716737E+01   -0.314054017046590250E-01   -0.929868851147536701E-01   -0.219207647388282051E+00   -0.118593776788687294E+00   -0.118815930063628361E+01   -0.745661482481243976E+01   -0.413195633965034226E+01    1
    0.222201928042958574E+00   -0.470777151953036732E+01    0.185898676491456816E+01    0.102732404906258168E+01    0.110422435263494764E-01    0.217935031732400342E+01   -0.269180925604807175E+01   -0.144105673861732203E+00   -0.777914544750433645E+01   -0.639479474931074904E-01   -0.279928061246119617E-01   -0.123038145990621850E+00   -0.142581735716211910E+00   -0.118023524709800154E+01   -0.745425775333827279E+01   -0.415195633965034450E+01    1
    0.221555976501615931E+00   -0.291616528211697723E+01    0.185383815503892424E+01    0.999960544931662865E+00    0.103572513657711560E-01    0.217858796330455418E+01   -0.278906123241648451E+01   -0.166064830024170496E+00   -0.620269036502478333E+01   -0.548926249426578833E-01   -0.266563212926180966E-01   -0.781832949843267594E-01   -0.124910611501262245E+00   -0.118992021827956673E+01   -0.744992938702428553E+01   -0.417195633965034762E+01    1
    0.224984492249068385E+00   -0.235724452264893891E+01    0.185886391544546181E+01    0.103898115782482559E+01    0.108826439868377478E-01    0.218064093226124678E+01   -0.272573162887504727E+01   -0.126436808025036734E+00   -0.571252244501428219E+01   -0.843042685406629050E-01   -0.810462130256127122E-01   -0.177963136814367234E+00   -0.146597167278819496E+00   -0.118556388197569906E+01   -0.744011700846164103E+01   -0.419195633965034720E+01    1
    0.217729443683273849E+00   -0.323592054375061222E+01    0.186157617086985994E+01    0.102755552616240720E+01    0.108164392306401725E-01    0.217938952367719674E+01   -0.270425119296628491E+01   -0.142902993216063173E+00   -0.777566700445118020E+01   -0.497537754257168369E-01   -0.926669545041511333E-02   -0.129954113555352885E+00   -0.138217296637402370E+00   -0.118859845712414991E+01   -0.742537287597651208E+01   -0.421195633965034677E+01    1
    0.220840204813089858E+00   -0.305829834311527327E+01    0.186876520087783415E+01    0.106213595851561493E+01    0.109295178180096597E-01    0.217834506402417150E+01   -0.268045205961565092E+01   -0.120574609754329098E+00   -0.750893416525721591E+01   -0.310941035575618939E-01   -0.781245232851284499E-01   -0.259289668664346218E+00   -0.154693557429009698E+00   -0.117948800295595579E+01   -0.742336999919643681E+01   -0.423195633965034279E+01    1
    0.220545132572629865E+00   -0.364679146189994441E+01    0.186242744072732958E+01    0.105702402946193175E+01    0.108573651098594903E-01    0.217742658822380486E+01   -0.269071981512353187E+01   -0.127384473595592934E+00   -0.513114696068372034E+01    0.803177177304550960E-02   -0.596636449118196008E-01   -0.129937644688297660E+00   -0.137607178881744063E+00   -0.117650940704842411E+01   -0.742190194288358462E+01   -0.425195633965034059E+01    1
    0.221719344873737567E+00   -0.186733247618948717E+01    0.185137296156435216E+01    0.100516256365980960E+01    0.107092383103773829E-01    0.217824049010332299E+01   -0.273870109764977032E+01   -0.156738735310440164E+00   -0.557557306648840623E+01   -0.866368148478943723E-03   -0.293232070935819378E-01   -0.160346448216184045E+00   -0.153377389780401024E+00   -0.117936327456378875E+01   -0.741901358644509656E+01   -0.427195633965034727E+01    1
    0.222099645082343589E+00   -0.303222849225938607E+01    0.185815042081132598E+01    0.977269699424792915E+00    0.105231489204160814E-01    0.217701149608262989E+01   -0.269844560946709056E+01   -0.130946462830138638E+00   -0.625817682442026779E+01   -0.169853167793632742E+00   -0.163860183940330167E-01   -0.808229380477931969E-01   -0.107583035505632557E+00   -0.119552387451714326E+01   -0.741448703282903931E+01   -0.429195633965034329E+01    1
    0.221597469213160647E+00   -0.333483163617722678E+01    0.186701883017643344E+01    0.103428393747353020E+01    0.107967443005948325E-01    0.218019017410317106E+01   -0.265774737833635077E+01   -0.146278138624802073E+00   -0.750346557237078926E+01   -0.787863226748599793E-01   -0.422363433647689884E-02   -0.392155360688456328E-01   -0.165117081256263870E+00   -0.117620038088983114E+01   -0.741243125551907145E+01   -0.431195633965034109E+01    1
    0.217489278804180203E+00   -0.246189172880272533E+01    0.185973198325285649E+01    0.105313276479523177E+01    0.107969841664168863E-01    0.217956289786228341E+01   -0.271003097412488803E+01   -0.118702841650211277E+00   -0.800144492172994148E+01   -0.772488626324632915E-01   -0.280206067286729761E-01   -0.212148626551921404E+00   -0.128081971443450043E+00   -0.117454388305234492E+01   -0.741075632142062268E+01   -0.433195633965034244E+01    1
    0.219985691193975680E+00   -0.214718874510162339E+01    0.186901296267502892E+01    0.101286588495146090E+01    0.109478171846498131E-01    0.218139819111189093E+01   -0.268546720430744346E+01   -0.121011333687803271E+00   -0.625462088495627722E+01   -0.968084314927332434E-01   -0.412256171641844915E-02   -0.248927301435682896E+00   -0.132305327742902684E+00   -0.118549836378131568E+01   -0.741036751774701496E+01   -0.435195633965034201E+01    1
    0.219818165388623032E+00   -0.250636659784594729E+01    0.184510374845834058E+01    0.100698917281128142E+01    0.108139090609181247E-01    0.217820445135469987E+01   -0.272075100108631540E+01   -0.143625858908599136E+00   -0.742391433559154645E+01   -0.897305915478939509E-01   -0.357717402965325934E-01   -0.195718230049779951E+00   -0.132381119293772248E+00   -0.119052230523997982E+01   -0.739279611869714248E+01   -0.437195633965034336E+01    1
    0.221743962574197262E+00   -0.298002045106155311E+01    0.186189963744062470E+01    0.104504125321986407E+01    0.112123617111943939E-01    0.218100803040871893E+01   -0.269710245284942740E+01   -0.154909875997491675E+00   -0.653016720585720467E+01   -0.937762317631758158E-01   -0.438561347696679801E-01   -0.305128866010102862E-02   -0.155677053894125561E+00   -0.118229707497085301E+01   -0.738056096224862479E+01   -0.439195633965034649E+01    1
    0.221831316667352840E+00   -0.343122701739927383E+01    0.185605298100535698E+01    0.101133338142587625E+01    0.109480737400861824E-01    0.218004440340872030E+01   -0.279662072492337321E+01   -0.137273434283440188E+00   -0.771415275442546200E+01   -0.138963346840204394E+00   -0.244752443954741258E-01   -0.120665907466467701E+00   -0.123531135505764070E+00   -0.117380886660300821E+01   -0.737714541806559065E+01   -0.441195633965034784E+01    1
    0.222293686888744429E+00   -0.427251710951388652E+01    0.185655802962698591E+01    0.101926219536092710E+01    0.110895549325604314E-01    0.217867761828764683E+01   -0.275426996796731194E+01   -0.139160565943686310E+00   -0.539275391701017526E+01   -0.810705262712231312E-01   -0.410470783824126439E-01   -0.156201817045221236E+00   -0.120588965683544158E+00   -0.117553390577315731E+01   -0.737185647586618309E+01   -0.443195633965034474E+01    1
    0.218977283306916293E+00   -0.270458580126606130E+01    0.185852598370498656E+01    0.105735307847984839E+01    0.108518342147683466E-01    0.217930258520111053E+01   -0.273800622054404563E+01   -0.136431821096305028E+00   -0.513586356784482945E+01   -0.783268506201692111E-01   -0.320424334060155497E-01   -0.208408518899069140E+00   -0.143594213373049062E+00   -0.115528085981084350E+01   -0.737004454668346121E+01   -0.445195633965034343E+01    1
    0.222565308678371293E+00   -0.273734116673392025E+01    0.185919846388038001E+01    0.100007335463737168E+01    0.110235405303156144E-01    0.217988005816532127E+01   -0.272373818642430532E+01   -0.154805291968287517E+00   -0.517942404970414927E+01   -0.881652119848154725E-01   -0.575325620416996253E-01   -0.160630275283661805E+00   -0.147505185584875742E+00   -0.118548439605805700E+01   -0.736988730442875717E+01   -0.447195633965034745E+01    1
    0.220914266890194000E+00   -0.287647506906791106E+01    0.185590629795385764E+01    0.102183105135009877E+01    0.108572188974706135E-01    0.218002692373877727E+01   -0.270324108419498410E+01   -0.173975529911416238E+00   -0.547873248105181876E+01   -0.465703490332304154E-01   -0.831022943192360752E-01   -0.207822274537545870E+00   -0.136629614447369319E+00   -0.118640789562677762E+01   -0.736619470727424019E+01   -0.449195633965034435E+01    1
    0.220134824090845865E+00   -0.319039815703173479E+01    0.186418002618431378E+01    0.100817055040656944E+01    0.107106957272048321E-01    0.218041143480633570E+01   -0.276413829263386202E+01   -0.106084756697203048E+00   -0.911193089723958494E+01   -0.476947663518098169E-01   -0.349750398635250079E-01   -0.104446984855598973E+00   -0.159960286999978551E+00   -0.117594095592871217E+01   -0.736377996091729248E+01   -0.451195633965034482E+01    1
    0.220066935738077563E+00   -0.226773947040007329E+01    0.186382044157325488E+01    0.102672117680258146E+01    0.104963900993908805E-01    0.218009809139798438E+01   -0.275037853274098820E+01   -0.122710686894078172E+00   -0.530389340107389806E+01   -0.713729143429103902E-01   -0.509068741784945919E-01   -0.288454469173712313E+00   -0.123983272734810440E+00   -0.118056459290292692E+01   -0.735234843482797640E+01   -0.453195633965034705E+01    1
    0.218056904767519377E+00   -0.292941945861572917E+01    0.186425379747619036E+01    0.101026659457379431E+01    0.107508794414346454E-01    0.217844060709961518E+01   -0.275412272374083322E+01   -0.180049304257556136E+00   -0.712431875821218341E+01   -0.100103626989301947E+00   -0.537731163970538717E-01   -0.126943294841605825E+00   -0.116791456925075671E+00   -0.118474283545473535E+01   -0.735073501851122568E+01   -0.455195633965034396E+01    1
    0.223548584288839114E+00   -0.453138567475407505E+01    0.186117531301382244E+01    0.101025358709826785E+01    0.108004511312098633E-01    0.217878109339294124E+01   -0.273122780960687184E+01   -0.134348855033212061E+00   -0.745217100317945835E+01   -0.462413887072846974E-01   -0.743989933811121523E-01   -0.872432398276840465E-01   -0.132339846553084867E+00   -0.117691165618741822E+01   -0.734933926938510673E+01   -0.457195633965034354E+01    1
    0.219883520240717278E+00   -0.374807102310708729E+01    0.185402487507181757E+01    0.101720818733797969E+01    0.109468131961457486E-01    0.217858621961456889E+01   -0.273499161077081610E+01   -0.138569256958490039E+00   -0.605744437374813760E+01   -0.366757956100884214E-01   -0.420247814553035282E-01   -0.445424964612116669E-01   -0.110878975328070367E+00   -0.117088505241203333E+01   -0.734895022168764278E+01   -0.459195633965034666E+01    1
    0.219507443750081355E+00   -0.258142074774805730E+01    0.186075097190524974E+01    0.101924377475573813E+01    0.112651968648278724E-01    0.217675868460762745E+01   -0.262838919835438700E+01   -0.134004742242741115E+00   -0.448438817867163309E+01   -0.515569854760140472E-01   -0.707628288080758006E-01   -0.112854264370715329E+00   -0.140997774609901011E+00   -0.118676806826571646E+01   -0.734763075334640536E+01   -0.461195633965034801E+01    1
    0.218860738147182737E+00   -0.196378271881402755E+01    0.185645142405994079E+01    0.105156472993627803E+01    0.106134996110813437E-01    0.218121694198754357E+01   -0.274206624948436950E+01   -0.143572478640141499E+00   -0.596770389596273709E+01   -0.521325294709911388E-01   -0.944069569974312628E-01   -0.133710489275631034E+00   -0.125405606489769283E+00   -0.118348191813920089E+01   -0.734363707080740902E+01   -0.463195633965034759E+01    1
    0.219106987406147702E+00   -0.216127474801378483E+01    0.186878904598656614E+01    0.105246543258191161E+01    0.108968749514792764E-01    0.217770709665317952E+01   -0.278459517617582852E+01   -0.141624537267751288E+00   -0.814444402571330528E+01   -0.497709425192268129E-01   -0.114054335412008948E+00   -0.134378051425483092E+00   -0.167075278275193390E+00   -0.118152519124662714E+01   -0.734239547491969535E+01   -0.465195633965034716E+01    1
    0.224528328100561725E+00   -0.296757473303347430E+01    0.185370172088947283E+01    0.100962870412282135E+01    0.112065896608177663E-01    0.217826237026866565E+01   -0.269115763640326122E+01   -0.133468442921645142E+00   -0.549633976164345750E+01   -0.906687175408127793E-01   -0.114990759937279682E+00   -0.220082500836742689E+00   -0.143633191829939527E+00   -0.119435460993629405E+01   -0.733592889541615545E+01   -0.467195633965034407E+01    1
    0.222218143695821324E+00   -0.305646893028220878E+01    0.187278672802871315E+01    0.107315286158661216E+01    0.108228405928969228E-01    0.217868067732707749E+01   -0.273286055648499016E+01   -0.140039745098785723E+00   -0.635831508902552311E+01   -0.297650878125960694E-01   -0.287425653877638222E-01   -0.132824637499348808E+00   -0.140782658796419935E+00   -0.119322061497115084E+01   -0.732917056123626054E+01   -0.469195633965034364E+01    1
    0.219514131672992940E+00   -0.253344367764893175E+01    0.185754818597718629E+01    0.101285865842561296E+01    0.105200572728786357E-01    0.217848324267634474E+01   -0.273224794158771145E+01   -0.135264115493165221E+00   -0.580274520359733792E+01   -0.782560747550893610E-01    0.672725367577851202E-02   -0.194302473453979996E+00   -0.157634256480762791E+00   -0.118142584322951327E+01   -0.732147324770556196E+01   -0.471195633965034677E+01    1
    0.223877305324036852E+00   -0.191663170989558829E+01    0.186736528632734089E+01    0.104070884366988992E+01    0.108084336658703876E-01    0.218093299054060585E+01   -0.278792150300339658E+01   -0.120861635959500113E+00   -0.475174490897711177E+01   -0.228406330517686718E-01   -0.137182600569231428E+00   -0.130389356124072625E+00   -0.159082072676078823E+00   -0.119035581706115901E+01   -0.731580381831674575E+01   -0.473195633965034634E+01    1
    0.221189592048810446E+00   -0.286261137438562452E+01    0.185864088735605804E+01    0.101660627832938677E+01    0.108837397153479648E-01    0.218015647386933997E+01   -0.275843129798453779E+01   -0.138255015741260701E+00   -0.775044912976669043E+01   -0.467191382768515628E-01   -0.832576763357827238E-01   -0.190673821085142581E+00   -0.123456358801257632E+00   -0.118901167977396249E+01   -0.731519551923611466E+01   -0.475195633965034325E+01    1
    0.221726283833305643E+00   -0.391044020687615923E+01    0.185862674409972328E+01    0.104578159680175897E+01    0.105379461550591767E-01    0.217950517700282687E+01   -0.274820685258882724E+01   -0.138718714482021888E+00   -0.329732598638659669E+01    0.248705653969978624E-02   -0.430225169710721222E-01   -0.979510361109066918E-01   -0.123232652690457550E+00   -0.118350690678090653E+01   -0.731165366171063624E+01   -0.477195633965034460E+01    1
    0.220434571183068889E+00   -0.265629204618284653E+01    0.185925323919930330E+01    0.104639856747319082E+01    0.109378252669874269E-01    0.217942847304545539E+01   -0.265174421840601626E+01   -0.152194616349827311E+00   -0.641722116805898057E+01   -0.584893045590461277E-01   -0.865290507246065654E-01   -0.981242553581598703E-01   -0.151283872947836406E+00   -0.119406246049144982E+01   -0.731093830166213277E+01   -0.479195633965034506E+01    1
    0.223698313955660949E+00   -0.327934905740370208E+01    0.186035634918448833E+01    0.991920725344466070E+00    0.106367015565100882E-01    0.217763741148646339E+01   -0.274638300306877925E+01   -0.159827134029118745E+00   -0.725545875875727475E+01   -0.377090076068797991E-01   -0.770117791551764019E-01   -0.143142567725899561E+00   -0.113797470994487296E+00   -0.117874946623683252E+01   -0.730985616783554182E+01   -0.481195633965034641E+01    1
    0.220292111222885917E+00   -0.267482707811507847E+01    0.185121952986439253E+01    0.103907365144284380E+01    0.107643673414494021E-01    0.217932795785025091E+01   -0.269139987381040946E+01   -0.176044975485619593E+00   -0.696635254886591948E+01   -0.160605015753664537E-01    0.206738211183935955E-01   -0.147667841958206814E+00   -0.108333448299343743E+00   -0.119032200608432648E+01   -0.730954372689456200E+01   -0.483195633965034776E+01    1
    0.223061639984484028E+00   -0.347480080720403528E+01    0.185332654705374189E+01    0.105648818712176418E+01    0.111955568556547629E-01    0.217963217209731042E+01   -0.270711761762940295E+01   -0.161819267446349391E+00   -0.719216920334015786E+01   -0.635598725681022769E-01    0.584970203277716816E-02   -0.215746585624495890E+00   -0.116226360924547328E+00   -0.118140066683372247E+01   -0.730801922767309353E+01   -0.485195633965034734E+01    1
    0.225374935058986842E+00   -0.233467474836896560E+01    0.186127845208266618E+01    0.102869565507502814E+01    0.105502776911778496E-01    0.217706190747056771E+01   -0.264486109346345266E+01   -0.149492335870907544E+00   -0.788716211236776221E+01   -0.594293558345914547E-01   -0.302923736434023566E-01   -0.217767636843586243E+00   -0.120600076433774281E+00   -0.118295389334598267E+01   -0.730029681942947040E+01   -0.487195633965034602E+01    1
    0.218601052972484472E+00   -0.155798222179169255E+01    0.184914336766257548E+01    0.104260616241454152E+01    0.112414452721205874E-01    0.218037607417424928E+01   -0.273238594610883689E+01   -0.138147075349180304E+00   -0.637049268992956552E+01   -0.102394536795458457E+00   -0.659171315004883490E-01   -0.163683307341505740E+00   -0.153601874478422940E+00   -0.118931950416561771E+01   -0.729693095639251066E+01   -0.489195633965034382E+01    1
    0.218507434174658760E+00   -0.207554045211311911E+01    0.185958432075934144E+01    0.104668958878525276E+01    0.110415842775015861E-01    0.217806134077475999E+01   -0.272864409757663617E+01   -0.109687550746802059E+00   -0.784502349131248966E+01   -0.479554517789379450E-01   -0.361089087286938920E-01   -0.133072012079471530E+00   -0.144302353874830286E+00   -0.118344113636461556E+01   -0.729667805138303383E+01   -0.491195633965034428E+01    1
    0.221873018602024186E+00   -0.275059952317224088E+01    0.185126579331430974E+01    0.104063251563250714E+01    0.105696168409995257E-01    0.217800639910090954E+01   -0.275964286960787675E+01   -0.160002749939106820E+00   -0.675958846922356305E+01   -0.448851770818703144E-01   -0.271011003576924377E-01   -0.126160593580866842E+00   -0.140509273007131674E+00   -0.119006196992910485E+01   -0.729543249771434255E+01   -0.493195633965034563E+01    1
    0.220082757022487946E+00   -0.944463431275468945E+00    0.186091547256104284E+01    0.103892082238944750E+01    0.106589843501030592E-01    0.218004318720237267E+01   -0.275108039824634965E+01   -0.121438959628111132E+00   -0.366871261902379642E+01   -0.391663667018784245E-01   -0.117602285117022975E+00   -0.224727281569297832E+00   -0.136742180268711766E+00   -0.118160641257636168E+01   -0.729100495868508158E+01   -0.495195633965034610E+01    1
    0.219386286797184221E+00   -0.283184516754413584E+01    0.186459428985303655E+01    0.101968873001677407E+01    0.108797983942075394E-01    0.217713641932713919E+01   -0.274043388009060296E+01   -0.121312051665775744E+00   -0.840320701806567705E+01   -0.404332534342130429E-01   -0.473282591177357215E-01   -0.626051694953921462E-01   -0.115912137637590798E+00   -0.117647929125780681E+01   -0.728830356243353439E+01   -0.497195633965034567E+01    1
    0.222297080438215833E+00   -0.916640744374697114E+00    0.186077908050960206E+01    0.104745573796992053E+01    0.103234375302762200E-01    0.217746556364072719E+01   -0.269771575851498646E+01   -0.140669789275066459E+00   -0.647820866872994117E+01   -0.126289114244049427E+00   -0.111534560935659582E+00   -0.610588739104411110E-01   -0.120844483642900097E+00   -0.117961609493454778E+01   -0.728059471050454476E+01   -0.499195633965034435E+01    1
    0.223926573031896864E+00   -0.267860722249874961E+01    0.186236250447440188E+01    0.101747872914462145E+01    0.110984420901384263E-01    0.217869243480555319E+01   -0.269011479784518226E+01   -0.140476239211017095E+00   -0.726938957086747806E+01   -0.407407607494046781E-01   -0.323511581950608820E-01   -0.109552526794084809E+00   -0.159983947403693205E+00   -0.117927653531395737E+01   -0.727748172963208173E+01   -0.501195633965034304E+01    1
    0.221777667059200906E+00   -0.249077637427869680E+01    0.185521296625654752E+01    0.102352977693978597E+01    0.110557057789454002E-01    0.217945776540582647E+01   -0.272761210851102875E+01   -0.152278497549129171E+00   -0.602953566026591847E+01   -0.302866177016901592E-01   -0.496577303823049071E-01   -0.854343258713667064E-01   -0.124312541515988806E+00   -0.116215890896344365E+01   -0.727601918316683616E+01   -0.503195633965034617E+01    1
    0.219449013042949392E+00   -0.190449025514106030E+01    0.184987156171544931E+01    0.104261073978513719E+01    0.107273162427424067E-01    0.217910264155988687E+01   -0.280771005126373296E+01   -0.133658923000312929E+00   -0.658794264404368857E+01   -0.855186164142563154E-01   -0.120823855044851575E+00   -0.104490496635599422E+00   -0.137719490869632810E+00   -0.119086817641031328E+01   -0.727528833976394207E+01   -0.505195633965034840E+01    1
    0.221452604110416423E+00   -0.222624601573393299E+01    0.185274359799401389E+01    0.104611373491446469E+01    0.108112222412734306E-01    0.217891918631515313E+01   -0.271460491092134504E+01   -0.162279618363961875E+00   -0.399261140563393013E+01   -0.106388791378071501E+00    0.279426220547441401E-02   -0.657788742220563605E-01   -0.118389850155133092E+00   -0.117360418574401959E+01   -0.727154281871840880E+01   -0.507195633965034709E+01    1
    0.218762967003657771E+00   -0.229938573383475919E+01    0.185810456628327247E+01    0.103062953936539792E+01    0.103058133018578864E-01    0.217668956919754786E+01   -0.273556744361728432E+01   -0.128424032475414451E+00   -0.536009268590004595E+01   -0.657069326174920670E-01   -0.263145313489371140E-01   -0.176223907615096459E+00   -0.121187924624548374E+00   -0.116485140318806368E+01   -0.726921444150027529E+01   -0.509195633965034755E+01    1
    0.221399095537624269E+00   -0.239552056980131400E+01    0.185508474088546094E+01    0.106002043492509701E+01    0.112068057664829641E-01    0.217971700173398997E+01   -0.265578038873208078E+01   -0.142925630758209465E+00   -0.395624977571839453E+01   -0.432932760104047798E-01    0.520864089817722614E-01   -0.172457700080257265E+00   -0.129683377261340715E+00   -0.118232054993515212E+01   -0.726826022345307798E+01   -0.511195633965034979E+01    1
    0.221195073343010862E+00   -0.225749283998468941E+01    0.186249319365686139E+01    0.102668583313838324E+01    0.109269639718393863E-01    0.217957956787210749E+01   -0.274319178020551435E+01   -0.114128190246052003E+00   -0.488954403137155236E+01   -0.334208320156832231E-01   -0.129950773461244395E+00   -0.319861425271420363E+00   -0.137032624455393021E+00   -0.118465277743873232E+01   -0.726822893348067289E+01   -0.513195633965034936E+01    1
    0.222135195816653697E+00   -0.134850519182590123E+01    0.185332982755999143E+01    0.104823337776402514E+01    0.113480253055940720E-01    0.217979274711062265E+01   -0.266914116140514013E+01   -0.153262434311742468E+00   -0.474461857360086015E+01   -0.114803382888007163E+00   -0.263377948347715690E-01   -0.194677279204065828E+00   -0.139478409983620127E+00   -0.118558563420428631E+01   -0.726458529446027956E+01   -0.515195633965034716E+01    1
    0.219570334509307019E+00   -0.215173976179172488E+01    0.185623483323199778E+01    0.102292988362201664E+01    0.107646173116776704E-01    0.217862994507668040E+01   -0.274413967654482915E+01   -0.123386887856227867E+00   -0.798844227558491937E+01   -0.970194367360712739E-01   -0.474364976723745044E-01   -0.100178449727384627E+00   -0.123006626760533741E+00   -0.118269130089936580E+01   -0.726425013961634303E+01   -0.517195633965034318E+01    1
    0.220256332331268484E+00   -0.802256683811731541E+00    0.185144962183586292E+01    0.103558636122806091E+01    0.112942795160002780E-01    0.217958050917717516E+01   -0.274091720493076396E+01   -0.100298775033064252E+00   -0.399707313894533023E+01   -0.641056911260858703E-01    0.918014724996100984E-02   -0.174586295720265378E+00   -0.144314890237521948E+00   -0.118307351650987735E+01   -0.726383883692361820E+01   -0.519195633965034276E+01    1
    0.221187091835447269E+00   -0.289853186205955549E+01    0.186323949426198765E+01    0.101586398237723396E+01    0.107256709334449061E-01    0.217770798611943661E+01   -0.271971880936942156E+01   -0.132268199859454261E+00   -0.726520740652504049E+01   -0.809113396018919379E-01   -0.787770877109096324E-01   -0.176710740153855517E+00   -0.152144409966069954E+00   -0.117186272219961363E+01   -0.726080204218761871E+01   -0.521195633965034766E+01    1
    0.220583866751956736E+00   -0.235898070179230901E+01    0.187090409734206120E+01    0.103432336221001120E+01    0.108533420472682208E-01    0.217796211088160474E+01   -0.278074241037888337E+01   -0.114821433582938379E+00   -0.469376488564447136E+01   -0.472908886664266531E-01   -0.517806429106203725E-01   -0.906081890607371571E-01   -0.100586886824226202E+00   -0.116972731866875357E+01   -0.725893187122255323E+01   -0.523195633965034546E+01    1
    0.222640455849368257E+00   -0.277069107966067918E+01    0.186148842368327916E+01    0.103182286542151913E+01    0.109243668319151041E-01    0.217923637873166243E+01   -0.268264604007467344E+01   -0.125113621178100237E+00   -0.743345272309432481E+01   -0.612474663859554971E-01   -0.546608209175279691E-02   -0.229878587660080486E-01   -0.138948027477763719E+00   -0.118215473621016631E+01   -0.725825991895716971E+01   -0.525195633965034858E+01    1
    0.220146729303771521E+00   -0.148160723523640536E+01    0.185413597335126457E+01    0.103700681512526249E+01    0.109169098679165154E-01    0.217889640912713078E+01   -0.271150245289031799E+01   -0.146127133236342688E+00   -0.550224717834476706E+01   -0.145679698800019575E+00   -0.301980682314630794E-01   -0.763492289309307542E-01   -0.127933932731893796E+00   -0.118342157516473656E+01   -0.725573887074151180E+01   -0.527195633965034727E+01    1
