    0.126832099047381498E-01    0.190070517172523412E+01    0.891558820280719949E-01   -0.176371781086357728E+02    0.653760049182158465E+00    0.144591057091404185E+01    0.117108483917240762E-01    0.157919539626912520E+01   -0.164987734526305885E+01   -0.288071633666246198E-01   -0.187257234882526258E+01   -0.201923383030410658E+00   -0.131286636019014330E+00   -0.200635794087052621E+00   -0.193186567310836499E+00   -0.108746278655566364E+01
    0.164080195713274569E-01    0.134572287267122559E+01    0.929373576739189744E-01   -0.173785917892021367E+02    0.664122319906715330E+00    0.149074683175594558E+01    0.116512903355076441E-01    0.163290557093713917E+01   -0.142147859451967040E+01   -0.246910673225236403E-01   -0.230722317667843324E+01   -0.149285955094136835E+00   -0.811112386262236168E-01   -0.214337384074417936E+00   -0.119198906478181765E+00   -0.108251716083929583E+01
    0.166016730773149955E-01    0.128225634364589558E+01    0.908864944343347608E-01   -0.174211079947398240E+02    0.650711801980084159E+00    0.145663718471094694E+01    0.115041280539981139E-01    0.162820651812084738E+01   -0.164862654984585011E+01   -0.283042458356027385E-01   -0.172610351284128316E+01   -0.176681738666762345E+00   -0.841531942834430891E-01   -0.222360722787463161E+00   -0.870363019619567607E-01   -0.108769655423607081E+01
    0.162846127870474970E-01    0.128082197745606341E+01    0.921934242113292418E-01   -0.173271888891699426E+02    0.659341280469770585E+00    0.147120993033652780E+01    0.118605782230730566E-01    0.163306693760325072E+01   -0.158770753550379173E+01   -0.307166338189704888E-01   -0.236662162827304412E+01   -0.189746273330840626E+00   -0.753855368711712492E-01   -0.216641179685760493E+00   -0.730983508621612238E-01   -0.108938376986672791E+01
    0.167163532635314464E-01    0.118848834455389119E+01    0.954474560340095590E-01   -0.174032525044132385E+02    0.642395951230208873E+00    0.148845363098935790E+01    0.111786416183862290E-01    0.161197276222717112E+01   -0.172040044520336743E+01   -0.263190618576771770E-01   -0.224124257251317260E+01   -0.209212009404906113E+00   -0.985459476752184871E-01   -0.160708832740274504E+00   -0.117372868140881659E+00   -0.108704696168080517E+01
    0.165090909589096640E-01    0.117344090702055825E+01    0.934054395070349763E-01   -0.172879887271389556E+02    0.666981243579647165E+00    0.149377345287987917E+01    0.120426627377568166E-01    0.162915257681058900E+01   -0.186679199167550758E+01   -0.259063564741732685E-01   -0.214869494132749850E+01   -0.126952292676860534E+00   -0.106342711770464754E+00   -0.185989481098773946E+00   -0.102184721871150241E+00   -0.108142969619167229E+01
    0.162838476879637803E-01    0.116091594555559507E+01    0.945649714003177211E-01   -0.175301065542397119E+02    0.672750087349933357E+00    0.147098123630842026E+01    0.111902102555845318E-01    0.164109365937121954E+01   -0.152217129577632093E+01   -0.307043332888197809E-01   -0.206738307138899913E+01   -0.165722795512147442E+00   -0.102834543991187549E+00   -0.206814176448231357E+00   -0.962777497005536942E-01   -0.108145410185739199E+01
    0.161767328584456298E-01    0.113411536670056390E+01    0.906096115762765747E-01   -0.174207116180238870E+02    0.653847418142951442E+00    0.143590539674630757E+01    0.119205799843558596E-01    0.163186312311279691E+01   -0.153956980716334901E+01   -0.245426908311493393E-01   -0.215482299104510444E+01   -0.193519513614423294E+00   -0.146434646121192225E+00   -0.180566998925906330E+00   -0.127041425831272314E+00   -0.108592527013216622E+01
    0.159697654556131621E-01    0.111986874867832475E+01    0.892116015588361039E-01   -0.174320625306453962E+02    0.690204434691707558E+00    0.145291095418205085E+01    0.119718113546358942E-01    0.162099282687365043E+01   -0.159336483260692963E+01   -0.237883519834544074E-01   -0.182946042997949543E+01   -0.191483973052047590E+00   -0.104209494355236146E+00   -0.227415844629671682E+00   -0.738989584820128054E-01   -0.107978073222649851E+01
    0.156717103833542808E-01    0.111754889860624829E+01    0.911258684348532216E-01   -0.173781833444855280E+02    0.695479821995330316E+00    0.147877805498044923E+01    0.120804968160650276E-01    0.160874664055234962E+01   -0.155415573179134570E+01   -0.282137105170750385E-01   -0.259967779503285312E+01   -0.203152511845877987E+00   -0.151725033266882997E+00   -0.201230444400682745E+00   -0.114776094171435084E+00   -0.108654980274769142E+01
    0.153888802752142652E-01    0.111397292267821446E+01    0.886666140393468499E-01   -0.172574375783547538E+02    0.683303212551614969E+00    0.144541875328027358E+01    0.112862892216853191E-01    0.162088037441586152E+01   -0.158486781933831877E+01   -0.273870908742687644E-01   -0.204591186841729034E+01   -0.217189442497516816E+00   -0.138377445454345965E+00   -0.198332224793671436E+00   -0.143255812903910817E+00   -0.108126533065704189E+01
    0.151170794422950307E-01    0.110961291276252383E+01    0.848910010483480693E-01   -0.173623727822693930E+02    0.677321931871804561E+00    0.148820708791630096E+01    0.119623755315732740E-01    0.162245628785800422E+01   -0.167188037155987224E+01   -0.232785933600380378E-01   -0.234067645731202623E+01   -0.169120503003947736E+00   -0.956499786207308939E-01   -0.188864910182744317E+00   -0.138545087679882134E+00   -0.107720614951163496E+01
    0.148615382975907616E-01    0.110371019322310304E+01    0.888253121912311316E-01   -0.175446754504536493E+02    0.671257622666118881E+00    0.146182996683110500E+01    0.120612766132742657E-01    0.162881394615866837E+01   -0.161541843825984133E+01   -0.277636201753330980E-01   -0.229463042350777524E+01   -0.147624059536264063E+00   -0.996875370143050638E-01   -0.227545753518108351E+00   -0.841812608370680060E-01   -0.107677874597803669E+01
    0.145867143034830258E-01    0.110104102935676251E+01    0.928693642676592518E-01   -0.174308664838915810E+02    0.656860237685848336E+00    0.143958435593225675E+01    0.118184812328354094E-01    0.161113528515530002E+01   -0.164656429103898549E+01   -0.281770951803547616E-01   -0.230641700158885854E+01   -0.215016307464239498E+00   -0.132755565515480151E+00   -0.194185011917622996E+00   -0.125618699092061331E+00   -0.108833006889218797E+01
    0.143035798711811917E-01    0.110024360663767728E+01    0.997255114637931039E-01   -0.173927876261420984E+02    0.684921712311542419E+00    0.146223308522461903E+01    0.110641445310423209E-01    0.162972959438610543E+01   -0.157440709166887727E+01   -0.266708385970161437E-01   -0.227685891532497253E+01   -0.158688028644404150E+00   -0.125441331744611001E+00   -0.188582527426111091E+00   -0.103709746835701180E+00   -0.108738436910386027E+01
    0.141401606519150555E-01    0.108322525594258612E+01    0.940843638241679187E-01   -0.175696495384537883E+02    0.643736694020359490E+00    0.147243030552776877E+01    0.114972535842355391E-01    0.163672909304995073E+01   -0.174272518334260740E+01   -0.266305198030794485E-01   -0.224706681089753069E+01   -0.230765839279257673E+00   -0.105457862231625704E+00   -0.190073411580123308E+00   -0.111653553770245301E+00   -0.108484954487575713E+01
    0.139814704430843116E-01    0.106579747342714515E+01    0.920454785703185840E-01   -0.175530489458864807E+02    0.657671350506142782E+00    0.146780579739104988E+01    0.117346916452962368E-01    0.162880806714415782E+01   -0.151430263941546706E+01   -0.301056205686339486E-01   -0.236122809306761594E+01   -0.207720736116329352E+00   -0.156998608602987977E+00   -0.183714525687541319E+00   -0.112471095942975080E+00   -0.108322027280201749E+01
    0.137111998375695366E-01    0.106483728929417332E+01    0.906284218527044355E-01   -0.173900182659110278E+02    0.653677390419199034E+00    0.146516610513881340E+01    0.116649061707931045E-01    0.161065693631287998E+01   -0.166981329591378236E+01   -0.280846912539909760E-01   -0.235045185305050186E+01   -0.205969971206529157E+00   -0.145688307939527861E+00   -0.193788383838826961E+00   -0.135361906719311476E+00   -0.107910464949161122E+01
    0.134591552101466071E-01    0.106194418128088608E+01    0.914347337352120482E-01   -0.176447375139083285E+02    0.665348150269105654E+00    0.147039914701881114E+01    0.116231322718169834E-01    0.163518559325282675E+01   -0.171723574846998428E+01   -0.294481982851064923E-01   -0.228074918699532647E+01   -0.184247879571556167E+00   -0.786155695264864063E-01   -0.205299431437897500E+00   -0.108561926577350421E+00   -0.108413726735606009E+01
    0.132062635100444661E-01    0.105988084902241808E+01    0.925506494647003186E-01   -0.172626432900643536E+02    0.639906807624907259E+00    0.146392711159417743E+01    0.113935357530787190E-01    0.163341572021888659E+01   -0.158604843455252675E+01   -0.294615108917978229E-01   -0.213353079612074659E+01   -0.212212111351948063E+00   -0.106436725519007749E+00   -0.213092053256408787E+00   -0.145381078043257006E+00   -0.108500004688738150E+01
    0.129962876282039876E-01    0.105193580055698144E+01    0.964141625993524959E-01   -0.172951612790424996E+02    0.654391595497149869E+00    0.146088941313586007E+01    0.114168417618757644E-01    0.162045982536053423E+01   -0.165951893253828664E+01   -0.238800712347120372E-01   -0.203473724630415909E+01   -0.196547472849235877E+00   -0.919522036659747161E-01   -0.193645781842875619E+00   -0.134528151091732523E+00   -0.108432492097430799E+01
    0.127589497565276395E-01    0.104879736569943938E+01    0.905892673487951466E-01   -0.174016629592521674E+02    0.658052214319255202E+00    0.145167610397448055E+01    0.121231541307922353E-01    0.161902242519223738E+01   -0.166167773645973682E+01   -0.279329549003034180E-01   -0.232943794606811228E+01   -0.195296471660386384E+00   -0.144946266255410294E+00   -0.207661652996059237E+00   -0.110281090846500007E+00   -0.108264365278582120E+01
    0.125214948851373395E-01    0.104636978316207396E+01    0.913418293540908394E-01   -0.173589661871412346E+02    0.629849413203846464E+00    0.146319072442420439E+01    0.117888127171252837E-01    0.160823519027723982E+01   -0.177672025398962874E+01   -0.217333882153802407E-01   -0.224496495397086537E+01   -0.231566119422642741E+00   -0.107402332575972967E+00   -0.215264136007128515E+00   -0.130436500648508813E+00   -0.108105544690722843E+01
    0.122922770562380029E-01    0.104332093265051307E+01    0.880428330228945066E-01   -0.174804480451624862E+02    0.699635858144374900E+00    0.144703975699373211E+01    0.113114727016203377E-01    0.164078068301226154E+01   -0.165815197933954539E+01   -0.248649793844597754E-01   -0.204368589465399486E+01   -0.142835829140153581E+00   -0.125081432320033603E+00   -0.214073310701391850E+00   -0.106816308112777925E+00   -0.108560050038776001E+01
    0.120701595585090242E-01    0.103979079089121185E+01    0.880014128213081198E-01   -0.173908998193123843E+02    0.653412637390420326E+00    0.146697199685135704E+01    0.111972852591492866E-01    0.162144689562306454E+01   -0.157212901228549762E+01   -0.247415846186460203E-01   -0.175890747779690604E+01   -0.208412240255584275E+00   -0.143215202131691699E+00   -0.207304997896153448E+00   -0.145778962080675395E+00   -0.108421580981876398E+01
    0.118755437793937307E-01    0.103230101815103970E+01    0.923493805072861940E-01   -0.174912593959778135E+02    0.659226515564342308E+00    0.147128062789607061E+01    0.113224321715842263E-01    0.163402029467644772E+01   -0.160992371327382422E+01   -0.320139965628229856E-01   -0.189358388547486856E+01   -0.122474620722229116E+00   -0.108047968275737663E+00   -0.218551081277092885E+00   -0.153038579003272196E+00   -0.108365962153141560E+01
    0.116503112555344877E-01    0.103059750605736533E+01    0.929188358850878415E-01   -0.175037635473801494E+02    0.669285000723824464E+00    0.146782132065931736E+01    0.117047963708277105E-01    0.160784670064499946E+01   -0.170094502752518451E+01   -0.266350164285529267E-01   -0.205375406993671561E+01   -0.135234416484530551E+00   -0.106815365057086942E+00   -0.205387680973256881E+00   -0.718570693249501180E-01   -0.108523178056711345E+01
    0.114230548856636867E-01    0.102999595663711596E+01    0.907318243586183876E-01   -0.173719214985087014E+02    0.691710933521906490E+00    0.148421354668239736E+01    0.118283407330505488E-01    0.164258219458408172E+01   -0.152585422515881874E+01   -0.254284903838671757E-01   -0.208704065762914270E+01   -0.169093438622437170E+00   -0.113248266334568623E+00   -0.204130587536552943E+00   -0.131549797746301517E+00   -0.108251710911351751E+01
    0.112489070302798401E-01    0.102072135765996341E+01    0.976418321512877579E-01   -0.176079854968029004E+02    0.662944973403107540E+00    0.146365776204507170E+01    0.115495914740281480E-01    0.162561725973696247E+01   -0.170856034303485393E+01   -0.297045284544921115E-01   -0.227538602795207945E+01   -0.254078786917391275E+00   -0.136346203638076535E+00   -0.196739402310509126E+00   -0.113471255953001698E+00   -0.109316065891392822E+01
    0.110275960727933449E-01    0.102046156965543577E+01    0.902810399812373487E-01   -0.174955595100097696E+02    0.675655096565318636E+00    0.147918923337456398E+01    0.119523248611897448E-01    0.163463759222137717E+01   -0.165279625148844644E+01   -0.217476032056141654E-01   -0.233136532175988442E+01   -0.180246035760543877E+00   -0.114558666424767003E+00   -0.198759270617799966E+00   -0.867911653885630324E-01   -0.107429032666984092E+01
    0.108188759795937433E-01    0.101867853092244509E+01    0.949939022938079553E-01   -0.172942035192174686E+02    0.648295895716499149E+00    0.146883791439291045E+01    0.116412616730096983E-01    0.163047570062761493E+01   -0.174880798311983288E+01   -0.277224440987684229E-01   -0.213102104679622428E+01   -0.220489228902971401E+00   -0.153305945723005599E+00   -0.184784077191590346E+00   -0.111874518596981096E+00   -0.108946377371777059E+01
    0.106336163619071347E-01    0.101322262404207630E+01    0.960092070098862022E-01   -0.173761352630886350E+02    0.638695174837157209E+00    0.145942805360216998E+01    0.115892940578655630E-01    0.158965364482170424E+01   -0.160862536479842011E+01   -0.252730095919528330E-01   -0.256052723223988776E+01   -0.203228679062748746E+00   -0.110878546068739176E+00   -0.195531464663740578E+00   -0.142068369540024469E+00   -0.108260674780896604E+01
    0.104375376079200687E-01    0.101044591314450760E+01    0.914168736841950297E-01   -0.174735432221540421E+02    0.669950042698883363E+00    0.146714827887298593E+01    0.115564714410565372E-01    0.165043821124602652E+01   -0.162117860300995820E+01   -0.291740292136417820E-01   -0.232539900204963601E+01   -0.144146926118208674E+00   -0.106019309288240840E+00   -0.222681019766576116E+00   -0.121958842646584908E+00   -0.108557804272759761E+01
    0.102945812853897662E-01    0.998027963783082228E+00    0.914410606066619891E-01   -0.173689850322906381E+02    0.656976466808953052E+00    0.146927375260717463E+01    0.115932077734945786E-01    0.163536096198272918E+01   -0.160962020955602481E+01   -0.266207427787839256E-01   -0.241725106412822788E+01   -0.238193588897655045E+00   -0.100793321347547177E+00   -0.235980789737691349E+00   -0.132312070705229073E+00   -0.107715405994771229E+01
    0.101074104499031189E-01    0.994725574340804664E+00    0.903044658123108857E-01   -0.175700619356247110E+02    0.709882131049019316E+00    0.147617078061349383E+01    0.117224465589464300E-01    0.159765007170974704E+01   -0.168116207065058720E+01   -0.259468911588056697E-01   -0.221398518404143685E+01   -0.197341463085352137E+00   -0.150337854930646220E+00   -0.212473694506839145E+00   -0.112593462570682007E+00   -0.108335427942137685E+01
    0.995680338635163836E-02    0.984751149919155799E+00    0.914790081405277428E-01   -0.173961653865922798E+02    0.669757037601717231E+00    0.148659167410694426E+01    0.114204011111944496E-01    0.163991931349139097E+01   -0.155864504362085787E+01   -0.302302793769889493E-01   -0.232201456015324226E+01   -0.182103666109814766E+00   -0.144357146014603810E+00   -0.217995652186495081E+00   -0.818780882916434471E-01   -0.110308706307572990E+01
    0.978661594942657406E-02    0.979231834222551667E+00    0.893445914847737221E-01   -0.174529864961173899E+02    0.654320892182635783E+00    0.146663626653947810E+01    0.118906477017304956E-01    0.162724997274422933E+01   -0.154809423869956309E+01   -0.283696515898127014E-01   -0.225237203537001385E+01   -0.199705114439412412E+00   -0.949029285449543847E-01   -0.199064357665075714E+00   -0.104473186779594315E+00   -0.109667941972151550E+01
    0.960362392540386849E-02    0.976982260851316009E+00    0.951576846449973951E-01   -0.174323705414908474E+02    0.661920767270638200E+00    0.147044605200656076E+01    0.114949726513688035E-01    0.160514000678601332E+01   -0.177703514939910634E+01   -0.265699458587679085E-01   -0.203031478266778187E+01   -0.184803660866479341E+00   -0.879537521116151300E-01   -0.221193397161963151E+00   -0.133383943566294072E+00   -0.109121162064637089E+01
    0.942041498140244737E-02    0.975505018102724497E+00    0.897321458595183863E-01   -0.174777398037550356E+02    0.663846638510314446E+00    0.146331715193071643E+01    0.117392493946185256E-01    0.160212851015569768E+01   -0.161492937909153511E+01   -0.295864245924929922E-01   -0.224544969398800598E+01   -0.229327297544285380E+00   -0.102803097044926114E+00   -0.201609249110915212E+00   -0.139857514243979963E+00   -0.108464676346420763E+01
    0.924959600708479858E-02    0.972103548471898948E+00    0.902647677691052891E-01   -0.174798199904020670E+02    0.672322723122830257E+00    0.147222270271037625E+01    0.113490134916021373E-01    0.161837666013503156E+01   -0.157175953588127304E+01   -0.255322667746602470E-01   -0.236891522690124701E+01   -0.134001135725843323E+00   -0.144438890512165491E+00   -0.231470960037688633E+00   -0.153042413977642899E+00   -0.108285309113976180E+01
    0.908135419173732548E-02    0.968816656689292954E+00    0.913984116792196238E-01   -0.172958361420463476E+02    0.659357407813765617E+00    0.148521007357211698E+01    0.116809560390087660E-01    0.161249666966195093E+01   -0.152833590301727962E+01   -0.310780999689735937E-01   -0.218237476167176947E+01   -0.214667056413079926E+00   -0.131271024648238421E+00   -0.209975892445648848E+00   -0.110002849159875238E+00   -0.108511101169735258E+01
    0.891189175030453890E-02    0.966490226590816626E+00    0.895545419679027316E-01   -0.173653138117653860E+02    0.666542983930085486E+00    0.146118689546734171E+01    0.118518576627637436E-01    0.163064384944124607E+01   -0.160859227063675658E+01   -0.245775348206047975E-01   -0.211932641226251617E+01   -0.218921706333977201E+00   -0.105684080748855880E+00   -0.201890407046394049E+00   -0.109733485582097140E+00   -0.107739798311375568E+01
    0.874773841987282197E-02    0.963672898471304662E+00    0.930903579286696953E-01   -0.175107498202126415E+02    0.667041782173688702E+00    0.146018976911970655E+01    0.118173403965002432E-01    0.161141913627611033E+01   -0.163131439951103596E+01   -0.262470792458224106E-01   -0.242676200316424717E+01   -0.179204834044261296E+00   -0.118683413523411996E+00   -0.202262637196223560E+00   -0.154175662318411982E+00   -0.107451405903994068E+01
    0.858825791889761443E-02    0.960471475711833000E+00    0.913039958675007784E-01   -0.175342539472039007E+02    0.658163191675695702E+00    0.146594819321472558E+01    0.114850055612883504E-01    0.162785768342044834E+01   -0.165115819230788752E+01   -0.253881362578807120E-01   -0.244280129509957389E+01   -0.190098246919769176E+00   -0.148138752855493966E+00   -0.203433734800078592E+00   -0.141854711225319674E+00   -0.108605832329173002E+01
    0.842717718850825859E-02    0.958339574084091095E+00    0.875081404962348430E-01   -0.175112035470891740E+02    0.680956153876504766E+00    0.147594717850235191E+01    0.113656090483438815E-01    0.160874008195935225E+01   -0.160796515556267527E+01   -0.282003091541149047E-01   -0.180090211746028417E+01   -0.197388973971469067E+00   -0.168285538333403456E+00   -0.218429650451916979E+00   -0.716224565132771024E-01   -0.108024577926614529E+01
    0.827372049494643803E-02    0.955094727112374087E+00    0.913660815191224412E-01   -0.175280205931842090E+02    0.630681465701491639E+00    0.148622282206704037E+01    0.112810040864276921E-01    0.161274060940827813E+01   -0.170955013266282063E+01   -0.285600739120034919E-01   -0.199029297949542805E+01   -0.168802143609279448E+00   -0.147386145907876853E+00   -0.207732460887478015E+00   -0.808024868207218305E-01   -0.107862952398891165E+01
    0.811035030798424803E-02    0.954981176259264042E+00    0.901633002804674843E-01   -0.173902898571884919E+02    0.681413859503133601E+00    0.148475495421482773E+01    0.117411242245844902E-01    0.165482028383061852E+01   -0.169995175950345212E+01   -0.276163974058822835E-01   -0.253064616593327152E+01   -0.184268545152174196E+00   -0.134558814358727352E+00   -0.201917205043442127E+00   -0.154869499650944487E+00   -0.109727505982142737E+01
    0.797286032474631839E-02    0.949176670123200061E+00    0.933578093762544581E-01   -0.175028552555679120E+02    0.630838450812255425E+00    0.149356031589388616E+01    0.118711984308819459E-01    0.160024961758289708E+01   -0.173206173251452178E+01   -0.215331320306753754E-01   -0.245769896667105670E+01   -0.206078224811195865E+00   -0.135816981415987803E+00   -0.213178390648847749E+00   -0.124012068631728409E+00   -0.109813371373094326E+01
    0.782204888920120210E-02    0.947370246730947385E+00    0.949611321285018517E-01   -0.174036871548217214E+02    0.677119040177181497E+00    0.148244608132587308E+01    0.119631638250414854E-01    0.159693313810522186E+01   -0.152436323610440305E+01   -0.278401548976088750E-01   -0.202450823575931427E+01   -0.152149017346865700E+00   -0.111657285779568405E+00   -0.203195562272058566E+00   -0.102563913756543501E+00   -0.108204997937528535E+01
    0.767097993807681639E-02    0.946374560434791401E+00    0.969538129815127325E-01   -0.173792048086508260E+02    0.649278680974912925E+00    0.146599437650256004E+01    0.115205362399383986E-01    0.161756049821405945E+01   -0.161960513916908933E+01   -0.267086031916596751E-01   -0.202357332758514241E+01   -0.194055832846805693E+00   -0.134112260683366930E+00   -0.180492396261288046E+00   -0.108074030100078433E+00   -0.108574720540465308E+01
    0.751926265231587284E-02    0.946327136592229889E+00    0.884509604694084933E-01   -0.173577673076997954E+02    0.667232365231728131E+00    0.145935079464476969E+01    0.114588729663346999E-01    0.163206374635367490E+01   -0.163425349303194078E+01   -0.288031810953748545E-01   -0.217819325511958217E+01   -0.196891031225106788E+00   -0.828961778360156054E-01   -0.198036846134454270E+00   -0.158214179538938321E+00   -0.108866046623671031E+01
    0.738032899106726842E-02    0.943626867085145871E+00    0.932896676042255790E-01   -0.174121768155365650E+02    0.673370895096543132E+00    0.147331218921253848E+01    0.117345733171236050E-01    0.159115083929166379E+01   -0.169201598243652529E+01   -0.273350442275243286E-01   -0.242093933521335503E+01   -0.187990151924022686E+00   -0.116747176370217642E+00   -0.212838871121415668E+00   -0.503476290097715495E-01   -0.108210816759989958E+01
    0.724170586491938023E-02    0.941549709101623611E+00    0.914222454181045363E-01   -0.174537965312252226E+02    0.684738969930128616E+00    0.147468201612276406E+01    0.120055220210319065E-01    0.163128283636411675E+01   -0.161196079808717951E+01   -0.293638992486635851E-01   -0.206083045488170225E+01   -0.189964434010628874E+00   -0.129517511346999348E+00   -0.208298773640908458E+00   -0.124099311612896279E+00   -0.107775887885365029E+01
    0.710057894999876343E-02    0.940910653841050548E+00    0.901778681630948792E-01   -0.173417016541750648E+02    0.669222070877367847E+00    0.142862755047359324E+01    0.117044662211802653E-01    0.161779863132163615E+01   -0.186503255802784906E+01   -0.235398350911409718E-01   -0.207603370598808157E+01   -0.171437502450720702E+00   -0.124650063161980323E+00   -0.225265354350229402E+00   -0.144005090213215586E+00   -0.107844388077183728E+01
    0.696061744517594179E-02    0.940726932195757093E+00    0.918986746073657129E-01   -0.174564926860803880E+02    0.647429369493228157E+00    0.148178489841179051E+01    0.118963708037196272E-01    0.161954293184468945E+01   -0.164214544854612310E+01   -0.312010713429328665E-01   -0.193444852303868320E+01   -0.160619980852959976E+00   -0.125316595211951182E+00   -0.210475802898949488E+00   -0.127805241515866752E+00   -0.108378811979352041E+01
    0.683334585381531901E-02    0.937634440313051210E+00    0.943201829040672957E-01   -0.175084761105213929E+02    0.665718764965831822E+00    0.146410871427525136E+01    0.119434980430767682E-01    0.162558770979105471E+01   -0.161987654913000623E+01   -0.227284067544104261E-01   -0.238273123489486949E+01   -0.198308312001468701E+00   -0.110137871660458672E+00   -0.220764341978385986E+00   -0.958717095030639788E-01   -0.108559540818014844E+01
    0.670596677885762493E-02    0.935267911616157299E+00    0.898219738262175937E-01   -0.174184224878640386E+02    0.652512016531462513E+00    0.149097410835862632E+01    0.113677739360301070E-01    0.161694497919067182E+01   -0.151864575640020205E+01   -0.257937307846320893E-01   -0.241849460447084841E+01   -0.204165282717813257E+00   -0.107739168493378168E+00   -0.173277576091768665E+00   -0.168144205900259580E+00   -0.108833339380119698E+01
    0.658108196435789640E-02    0.932864971607586524E+00    0.921074867967511673E-01   -0.174635190651991898E+02    0.664554839336782055E+00    0.149595480939817116E+01    0.118880006590540484E-01    0.161755113997838218E+01   -0.176171407752142040E+01   -0.263189542900950507E-01   -0.195838398670403446E+01   -0.205020457808782475E+00   -0.108138945895750738E+00   -0.203397941591441617E+00   -0.157012103325254226E+00   -0.107858593704018468E+01
    0.645724971735665322E-02    0.930856326205323548E+00    0.892763667427536045E-01   -0.173267270464726835E+02    0.651231657595673696E+00    0.146624357433228281E+01    0.114903022720355130E-01    0.160067417651007093E+01   -0.153442009480954056E+01   -0.295512981133104133E-01   -0.214227714390726964E+01   -0.149739333824957049E+00   -0.129658702623540095E+00   -0.217926845375785300E+00   -0.776358241511493907E-01   -0.108344982388624533E+01
    0.633476954096552115E-02    0.929156430961261881E+00    0.956244706336424471E-01   -0.174013997070053072E+02    0.659308504538005491E+00    0.145203774739915659E+01    0.119220254341398154E-01    0.162139898934912008E+01   -0.169178680378739021E+01   -0.262709439074427925E-01   -0.192402333560471517E+01   -0.181600485603482686E+00   -0.103991956056789958E+00   -0.193397601281189963E+00   -0.964053243490603784E-01   -0.108419023417872373E+01
    0.621975663916876902E-02    0.925801738893304638E+00    0.914043871443566414E-01   -0.173282634907803725E+02    0.651966840724281904E+00    0.146534680091881309E+01    0.116812808566095720E-01    0.164201314932152131E+01   -0.159014271776085692E+01   -0.263607447635568273E-01   -0.227595748967353062E+01   -0.210895557065335137E+00   -0.110181670209101634E+00   -0.228287252864830092E+00   -0.133348772419273814E+00   -0.108396585823765168E+01
    0.633292195232496111E-02    0.889606501252677817E+00    0.934125762054800052E-01   -0.174451958376821175E+02    0.666733630941229616E+00    0.146636441575111753E+01    0.117834390302826320E-01    0.161901268989940195E+01   -0.166990280127317403E+01   -0.250110745122620950E-01   -0.203240515006775935E+01   -0.200007379200413921E+00   -0.106238125123473776E+00   -0.238189254525176031E+00   -0.126187900435098893E+00   -0.108206605359749375E+01
    0.624522937967424661E-02    0.917494222167917095E+00    0.904974704867199664E-01   -0.174493938500339034E+02    0.664201672739369475E+00    0.146216071249593504E+01    0.117848332497837733E-01    0.163268359883008118E+01   -0.156707001867280349E+01   -0.280751508728675180E-01   -0.216393804689956815E+01   -0.174055608649375165E+00   -0.107403448669647253E+00   -0.193428952678669996E+00   -0.127293753626176981E+00   -0.108175156980033726E+01
    0.622605480534762796E-02    0.923644218960900210E+00    0.887002365772540796E-01   -0.173864717218985163E+02    0.636295847097914868E+00    0.145652378008371253E+01    0.118623228601963462E-01    0.163779110993608357E+01   -0.157873570195457713E+01   -0.236911502161709087E-01   -0.235179741792859698E+01   -0.191803316210583608E+00   -0.109314115891333649E+00   -0.216744631739827942E+00   -0.101823077082661681E+00   -0.108534524003623134E+01
    0.649129884274334251E-02    0.840204687147328100E+00    0.905809766290947144E-01   -0.173998556568843306E+02    0.651028455392376526E+00    0.146873562605875030E+01    0.116161577143152357E-01    0.161131076844493681E+01   -0.187146285724888406E+01   -0.280365652479010810E-01   -0.221794974997081118E+01   -0.175096372997351479E+00   -0.130460329048894264E+00   -0.224028774539453385E+00   -0.127700118803963258E+00   -0.109044038912751162E+01
    0.640630194185094499E-02    0.866565599633785433E+00    0.939926720340608646E-01   -0.174650961497309645E+02    0.651231519127036362E+00    0.148593148653202722E+01    0.114958741723873749E-01    0.159877968748503108E+01   -0.143994494588452793E+01   -0.261857650510079164E-01   -0.216533090637129400E+01   -0.189145818007405264E+00   -0.121774443722225900E+00   -0.212800035998625930E+00   -0.127136337878243466E+00   -0.107938781469214695E+01
    0.629289043861800540E-02    0.902288979531506885E+00    0.890544988885837302E-01   -0.176178019488704471E+02    0.669670704300774244E+00    0.147128715594948600E+01    0.117611172764187765E-01    0.161126331035827453E+01   -0.165637528822729818E+01   -0.245253752388758621E-01   -0.221883115948483800E+01   -0.241661247966827392E+00   -0.124484883242958075E+00   -0.212873219706980504E+00   -0.117799329560470692E+00   -0.108499599700369065E+01
    0.624016407557912139E-02    0.919117015839957419E+00    0.869895160197377143E-01   -0.175526922314051923E+02    0.650394721167296574E+00    0.148063154015565024E+01    0.117526626634146033E-01    0.160942265051153033E+01   -0.176037848637975758E+01   -0.238100146588559256E-01   -0.250985502447475239E+01   -0.163354060808970747E+00   -0.155424034425356183E+00   -0.228505397203144223E+00   -0.106737018701677996E+00   -0.108879041652306219E+01
    0.641017663542841048E-02    0.865356314673912386E+00    0.922685710796504605E-01   -0.176353717290912009E+02    0.648512108895603623E+00    0.147378406911056392E+01    0.118324099330281186E-01    0.163840982993427553E+01   -0.168025776726060649E+01   -0.280298387634606919E-01   -0.194795452003351754E+01   -0.181999290429118082E+00   -0.154187674860161078E+00   -0.210842697613195268E+00   -0.964807927023413614E-01   -0.109262702668604916E+01
    0.640874544666366047E-02    0.865802900981724854E+00    0.948504151207132384E-01   -0.173549242704392945E+02    0.674154372179826655E+00    0.145506587194255088E+01    0.116663397920713247E-01    0.163622413028082625E+01   -0.149237610026085132E+01   -0.236443085773859474E-01   -0.217398102573611052E+01   -0.141538405768842884E+00   -0.103927427351102705E+00   -0.217417341723384561E+00   -0.157425659121773143E+00   -0.107399938705886711E+01
    0.625209766396958924E-02    0.915295900890783720E+00    0.989355662910686856E-01   -0.174352685212950966E+02    0.648461515999662175E+00    0.147334885005300631E+01    0.117375309649487714E-01    0.160719146781245437E+01   -0.173331925351340232E+01   -0.268076674930166972E-01   -0.229969280131109244E+01   -0.147932517353759369E+00   -0.115112050745759698E+00   -0.191465941306826398E+00   -0.121199190388821376E+00   -0.108119015446106248E+01
    0.628695530817195182E-02    0.904176166705622397E+00    0.934646874894441843E-01   -0.175361910887831698E+02    0.644206951692783969E+00    0.148592982362195647E+01    0.115724787518366231E-01    0.159958601583312743E+01   -0.162778838942595905E+01   -0.216454526163465284E-01   -0.221997152089172545E+01   -0.197294572812141994E+00   -0.104969070513464144E+00   -0.187689160846885528E+00   -0.141862010745160610E+00   -0.107514346271404948E+01
    0.643383087399170342E-02    0.857989683880942544E+00    0.898325011217019770E-01   -0.173094122429077295E+02    0.651546474641357509E+00    0.146819308436992868E+01    0.121175170022517140E-01    0.161630815755893464E+01   -0.167234174412721837E+01   -0.211889537184448661E-01   -0.251756328469316371E+01   -0.188970261833747571E+00   -0.129012820789842636E+00   -0.224183550566444123E+00   -0.117798104183692576E+00   -0.108055943583600556E+01
    0.631729748352081316E-02    0.894546961559623988E+00    0.956548396371499909E-01   -0.172749640225517425E+02    0.660971970140703080E+00    0.148291211171886816E+01    0.116655900801032036E-01    0.161354694742458338E+01   -0.158147101512597632E+01   -0.280101834314721611E-01   -0.204057990553225155E+01   -0.188416566365839810E+00   -0.141021014301633107E+00   -0.214054926113832089E+00   -0.143321187194281746E+00   -0.108115314740509505E+01
    0.622225664100245837E-02    0.924864678291276943E+00    0.919044444213555495E-01   -0.174243984909633802E+02    0.648833248201910018E+00    0.147414506911818322E+01    0.110968933806884305E-01    0.161818625427512508E+01   -0.159033990565662853E+01   -0.253598313863562831E-01   -0.220126701316192142E+01   -0.138386656315791723E+00   -0.122403377144190986E+00   -0.191069109097446094E+00   -0.136311695280613987E+00   -0.109032167356863630E+01
    0.648207922772231146E-02    0.843047313492762629E+00    0.949442256602613666E-01   -0.174069083481100328E+02    0.692890483781420263E+00    0.146199811477391806E+01    0.119389433406216338E-01    0.162214633938009101E+01   -0.157020572899585864E+01   -0.244561999714683447E-01   -0.208770147030818309E+01   -0.160010853411869103E+00   -0.167783848575151495E+00   -0.237746575414384931E+00   -0.106891873135420978E+00   -0.108460543651384334E+01
    0.640453830989638154E-02    0.867116268264741974E+00    0.940408510068281717E-01   -0.176810181681217422E+02    0.671560464332153328E+00    0.148857463055288397E+01    0.116637271109351938E-01    0.160614133711824958E+01   -0.161497515125201896E+01   -0.242681742941956678E-01   -0.210486846575960529E+01   -0.196127313368033518E+00   -0.107899671832873426E+00   -0.192658527791897211E+00   -0.134751262678640821E+00   -0.108634359536963365E+01
    0.658819941208327927E-02    0.810569806550238581E+00    0.916039121281908147E-01   -0.173688424065143288E+02    0.673502014481966671E+00    0.147901799399199918E+01    0.117196332608777657E-01    0.161688416912728306E+01   -0.152470529803774646E+01   -0.245510940227702569E-01   -0.224181815566453801E+01   -0.190285315344450617E+00   -0.147434913967458753E+00   -0.215625954549820781E+00   -0.122080088466195322E+00   -0.108144441418486514E+01
    0.656056778980993079E-02    0.818975663167581525E+00    0.888155078716252183E-01   -0.175258981669645948E+02    0.662887261786373694E+00    0.147281989407714553E+01    0.118089774189037745E-01    0.162256118866617038E+01   -0.174599482856680921E+01   -0.204326242907672991E-01   -0.202091083719097142E+01   -0.180227327671041382E+00   -0.132794251449838724E+00   -0.217977989220341145E+00   -0.111616868365744332E+00   -0.108694481277735799E+01
    0.629768214731419879E-02    0.900766663085663999E+00    0.883833921819596469E-01   -0.175174341661791715E+02    0.665987013938208250E+00    0.146848656910096742E+01    0.114696154176456636E-01    0.162431288526042739E+01   -0.158158829251576893E+01   -0.269303111410582885E-01   -0.195865884733490647E+01   -0.186777622756037043E+00   -0.145321874899483977E+00   -0.205267708572698993E+00   -0.122399801400882163E+00   -0.109314843934548711E+01
    0.633968474338192714E-02    0.887471883849538012E+00    0.939488748044146060E-01   -0.176622593103190049E+02    0.649662824894123303E+00    0.148453335281546051E+01    0.118638652835218739E-01    0.162399787778269444E+01   -0.139958433634639445E+01   -0.245277488102494112E-01   -0.202159720723128267E+01   -0.161845391173186109E+00   -0.117517691639884389E+00   -0.193053643788914986E+00   -0.116874215201670809E+00   -0.108037610726779487E+01
    0.632320567020852511E-02    0.892677356514285592E+00    0.992276867708116322E-01   -0.173948075026547571E+02    0.656410440927096661E+00    0.145896162091352033E+01    0.117268932153127177E-01    0.163894511365678097E+01   -0.162162992027405650E+01   -0.279446117531000661E-01   -0.207398519834806816E+01   -0.188739479373496222E+00   -0.133418098596509160E+00   -0.213196145358302613E+00   -0.122132955267626450E+00   -0.108015810070678997E+01
    0.630564529853452124E-02    0.898239345656456023E+00    0.904670200811811265E-01   -0.174411889740315402E+02    0.659152825765743522E+00    0.148355142404187101E+01    0.118720528683043409E-01    0.160162498788174257E+01   -0.150747748688896954E+01   -0.217683384703513359E-01   -0.203497951696989476E+01   -0.183429740712416189E+00   -0.106389699092408058E+00   -0.190022879592895655E+00   -0.114071203751789058E+00   -0.107784658725928506E+01
    0.624882293691711790E-02    0.916343736400479281E+00    0.898525982456900296E-01   -0.174116423713742563E+02    0.647857620841826298E+00    0.144291847239478366E+01    0.121233171362605443E-01    0.162090581664178424E+01   -0.161808605147764872E+01   -0.253353949212974869E-01   -0.209415451672588304E+01   -0.167727587099449738E+00   -0.108419961887615671E+00   -0.212891185125457322E+00   -0.115912575252918634E+00   -0.107719265247743690E+01
    0.636303694178244877E-02    0.880118428334667802E+00    0.905215256765471432E-01   -0.174138519483732068E+02    0.670220172390369462E+00    0.146393197893427840E+01    0.114603147290325974E-01    0.161042662211257381E+01   -0.153411384508785487E+01   -0.273535121815222174E-01   -0.214521384520468628E+01   -0.194773021499806576E+00   -0.136151510522055874E+00   -0.194549468580587109E+00   -0.881713375083480466E-01   -0.108468499972795018E+01
    0.641954765287460708E-02    0.862434655906470726E+00    0.922559749863653411E-01   -0.174993301450919603E+02    0.667755536807541517E+00    0.147814387147089477E+01    0.119426241218500775E-01    0.163349824752395789E+01   -0.172252848895467459E+01   -0.249769117511506704E-01   -0.225663078916485693E+01   -0.158622514479159704E+00   -0.126645757764784650E+00   -0.214238338887206975E+00   -0.128845434990579405E+00   -0.108323187495492390E+01
    0.637421092831040072E-02    0.876609353373290490E+00    0.932628397996199260E-01   -0.176711260190460564E+02    0.698530994338639966E+00    0.146981178705600635E+01    0.114478454170494678E-01    0.160377117636847455E+01   -0.158577380521610656E+01   -0.261435713940983798E-01   -0.221369857999768938E+01   -0.199343599431435953E+00   -0.120578530164512865E+00   -0.201689512180075303E+00   -0.127918077279672332E+00   -0.108356386998841159E+01
    0.624827139612734502E-02    0.916520270489262434E+00    0.960087204332487759E-01   -0.174673450303398425E+02    0.670099681762526322E+00    0.146427399421694449E+01    0.115139900256798818E-01    0.162067334841598476E+01   -0.166184607414697094E+01   -0.286764914551158566E-01   -0.224228741295052680E+01   -0.224330430960312271E+00   -0.943875034129271484E-01   -0.201639611611678260E+00   -0.138003813497970362E+00   -0.108623549501881356E+01
    0.622686566570246954E-02    0.923383762674241049E+00    0.949080273494561366E-01   -0.174720937954601077E+02    0.693557375806483356E+00    0.147788164323448412E+01    0.115717751087806037E-01    0.162347214532962680E+01   -0.162145825890288409E+01   -0.244171346993768378E-01   -0.230381898690585674E+01   -0.188987373072247722E+00   -0.119798921017390050E+00   -0.198246009961649289E+00   -0.110005614589278350E+00   -0.108607763536884616E+01
    0.623362927432439227E-02    0.921212545778365532E+00    0.932777089374187546E-01   -0.174278448604067755E+02    0.654969573704243913E+00    0.147480190557427560E+01    0.114815809683734543E-01    0.163053569389499842E+01   -0.156300274257164551E+01   -0.240533675273217271E-01   -0.227176487080391976E+01   -0.217508354711974994E+00   -0.130432525346908856E+00   -0.192601402678777150E+00   -0.115294517904997382E+00   -0.108516450090892080E+01
    0.650330260002921802E-02    0.836509687880728436E+00    0.913374711320268651E-01   -0.174647442398580779E+02    0.671531531039156748E+00    0.148502095769175102E+01    0.115461755662630283E-01    0.162910927819468343E+01   -0.166246500534389319E+01   -0.247909741401993976E-01   -0.235906288673613851E+01   -0.214766838576316843E+00   -0.140922821627999739E+00   -0.215940470424321351E+00   -0.130956222853427229E+00   -0.108299521253742492E+01
    0.633213469859684151E-02    0.889855139296970132E+00    0.948890706318408633E-01   -0.175733100330195171E+02    0.650084763194499815E+00    0.147387705315216988E+01    0.120594453449021383E-01    0.159843120771941094E+01   -0.143198759427880762E+01   -0.281049056208124946E-01   -0.231550397390605767E+01   -0.201321085501734609E+00   -0.131554862407077450E+00   -0.222727866612025038E+00   -0.124981291146595924E+00   -0.108545477542970770E+01
    0.625436489265559451E-02    0.914570762603093779E+00    0.979749021483283383E-01   -0.175896369204455922E+02    0.655575675285555715E+00    0.145429141419916719E+01    0.120472915619845543E-01    0.161916178523935161E+01   -0.163684752006405132E+01   -0.231684959311577454E-01   -0.220540535501603685E+01   -0.206677239712234340E+00   -0.132461960981978433E+00   -0.181831520275430009E+00   -0.115013830859368005E+00   -0.109137554379731849E+01
    0.662244743579711720E-02    0.800199958401680789E+00    0.892025261106393907E-01   -0.175924582128999738E+02    0.670883276605281909E+00    0.146834005789001631E+01    0.115133482513297969E-01    0.162326956133286515E+01   -0.159784765649972837E+01   -0.231121069544168271E-01   -0.208396935094717817E+01   -0.183761355610175814E+00   -0.134745027397851075E+00   -0.213802625141727654E+00   -0.116069594325378375E+00   -0.108092942688252092E+01
    0.634494376529137413E-02    0.885813491660225272E+00    0.889898635798444249E-01   -0.173679085496683712E+02    0.653989207312832499E+00    0.144360564456417850E+01    0.113322013801494016E-01    0.161634997947524561E+01   -0.156165892819683627E+01   -0.237935608488417556E-01   -0.215280945650461630E+01   -0.143791274898617150E+00   -0.144118137490684278E+00   -0.200054395144266761E+00   -0.836412120970174006E-01   -0.109465658327074067E+01
    0.631876242943032670E-02    0.894083226526338981E+00    0.949718409731691582E-01   -0.174371474929146615E+02    0.656686539210457498E+00    0.147536693349537917E+01    0.118918079891307208E-01    0.161507767710041028E+01   -0.156025499997785189E+01   -0.275811531877419649E-01   -0.202971753450554182E+01   -0.182778327673779134E+00   -0.121606212530661964E+00   -0.189430385640174115E+00   -0.102761694216472660E+00   -0.108238915539891201E+01
    0.636195944524306414E-02    0.880457130683710676E+00    0.900668436415357904E-01   -0.175808927132919983E+02    0.672546924375082233E+00    0.148008032376449505E+01    0.113606813005516123E-01    0.161440957427450371E+01   -0.168540916713071698E+01   -0.278204913327939930E-01   -0.221577570990771910E+01   -0.187934381749470747E+00   -0.129986553731016280E+00   -0.194356204626971202E+00   -0.114023862796991213E+00   -0.107816052491041869E+01
    0.629382722332861438E-02    0.901991273731630905E+00    0.905357799758919057E-01   -0.174159694649148982E+02    0.653064767237739097E+00    0.147051939726940906E+01    0.120462443479244091E-01    0.163697196238950315E+01   -0.160644281071107597E+01   -0.256220136043922575E-01   -0.231919392826052340E+01   -0.181270733129482581E+00   -0.108706743075242848E+00   -0.196420246354267219E+00   -0.130602160990824584E+00   -0.108542098086071803E+01
    0.646542750881946068E-02    0.848191694854381284E+00    0.900520725647740439E-01   -0.176249165881427494E+02    0.659136810233024617E+00    0.145121165084346382E+01    0.113271407531071542E-01    0.163913688979867822E+01   -0.162307879472881611E+01   -0.236509118450169559E-01   -0.217858778316729307E+01   -0.168873806197609971E+00   -0.123696134873629696E+00   -0.191531351662540789E+00   -0.110302988804542729E+00   -0.108850778096244416E+01
    0.659101038203637000E-02    0.809716653731632485E+00    0.905665987102765996E-01   -0.174578265339959238E+02    0.672337228502117856E+00    0.144757446843908633E+01    0.116982839993111203E-01    0.162880560880553560E+01   -0.162943859961271476E+01   -0.218554829818132998E-01   -0.202754365648602430E+01   -0.183255381354163943E+00   -0.114918989639541433E+00   -0.218079100487100636E+00   -0.118658096558389450E+00   -0.108179508025848481E+01
    0.645539519313991124E-02    0.851297477799327962E+00    0.896127116284335945E-01   -0.174710703983201867E+02    0.668434535644766403E+00    0.149211490482274312E+01    0.117295345961003356E-01    0.162201655025421876E+01   -0.149619605157069469E+01   -0.229360515123265760E-01   -0.205301723527709434E+01   -0.180272127992365555E+00   -0.124859768165740154E+00   -0.207801600357089056E+00   -0.141608511337914938E+00   -0.107640056753676183E+01
    0.644530910564120561E-02    0.854424776687869314E+00    0.910272185053027649E-01   -0.174182101597811325E+02    0.659193611124244905E+00    0.146664054092391227E+01    0.119086969958893275E-01    0.161562085446270354E+01   -0.159281152788523639E+01   -0.208077726338300704E-01   -0.234909710735237454E+01   -0.170067498016706731E+00   -0.110065981712534677E+00   -0.189957115852104924E+00   -0.143674861740168719E+00   -0.109067929920493878E+01
    0.641206567601246887E-02    0.864767013504321724E+00    0.954558645514896886E-01   -0.177224562277290651E+02    0.662839753694525968E+00    0.147211295123601626E+01    0.113803229985637161E-01    0.161288218831719510E+01   -0.170628591697777643E+01   -0.231347470217676959E-01   -0.204565734213705142E+01   -0.183413429115948573E+00   -0.129902888831507468E+00   -0.210948005769843544E+00   -0.112758257593210870E+00   -0.109465735692192512E+01
    0.628387666785377996E-02    0.905155780588170367E+00    0.924026834846156941E-01   -0.176275525237763411E+02    0.660196892812217939E+00    0.145703875676050743E+01    0.118996282287184736E-01    0.162624160963166342E+01   -0.168050787997671836E+01   -0.286754661699663779E-01   -0.212208612574369715E+01   -0.164340665661215468E+00   -0.100915001915199837E+00   -0.206012081647931750E+00   -0.110822963267388552E+00   -0.108718665320761421E+01
    0.655135939804857986E-02    0.821784828637559750E+00    0.951014988245318521E-01   -0.175014674313507683E+02    0.664689002063616585E+00    0.147448580056753786E+01    0.117043468602499381E-01    0.161385102052664431E+01   -0.155922857367741141E+01   -0.251950712816042463E-01   -0.216396261632754561E+01   -0.195352890178664668E+00   -0.128613576900509619E+00   -0.206936986907335307E+00   -0.117702404515618836E+00   -0.108019804445215861E+01
    0.657207014183844741E-02    0.815472222341860231E+00    0.927938489957450124E-01   -0.176225354353669523E+02    0.673201591762341178E+00    0.148294593960195820E+01    0.117738746239078977E-01    0.162079288054711501E+01   -0.153611044055619228E+01   -0.237731032469666627E-01   -0.193054290933155248E+01   -0.192775321767718499E+00   -0.153445706658608627E+00   -0.210452972689038537E+00   -0.928063357123428967E-01   -0.108561690464395677E+01
    0.649557727625770572E-02    0.838886915689452395E+00    0.903455489129973144E-01   -0.174589531020348581E+02    0.684395408392580507E+00    0.147154812492508058E+01    0.114383990963703528E-01    0.162154096287600602E+01   -0.164835617792131695E+01   -0.204310405256319522E-01   -0.217819432748134112E+01   -0.170913174029633602E+00   -0.156399079260757634E+00   -0.217148040382283969E+00   -0.142944576077426305E+00   -0.107322191907825792E+01
    0.640024893706641999E-02    0.868456196186284002E+00    0.939252094318202696E-01   -0.173639972051743676E+02    0.641714756114815765E+00    0.145296696906401102E+01    0.114836275279938619E-01    0.160580194955717315E+01   -0.164764506656505527E+01   -0.297906550198010836E-01   -0.234649912040686903E+01   -0.174938572158600869E+00   -0.117147902540579038E+00   -0.226021970230990243E+00   -0.130534191492221591E+00   -0.106759596246662869E+01
    0.627678924966111173E-02    0.907412800714772705E+00    0.902348575111357326E-01   -0.173554878699623067E+02    0.675268440976314888E+00    0.147572184118376870E+01    0.114095709567676330E-01    0.160323819691713609E+01   -0.165162231996430964E+01   -0.270064064850982534E-01   -0.249437350297168781E+01   -0.213225194810332225E+00   -0.114904528550251434E+00   -0.186037001032673954E+00   -0.117137065586921357E+00   -0.108837350056794202E+01
    0.638313337521913705E-02    0.873811765363977200E+00    0.895145252120046614E-01   -0.173977463548046707E+02    0.641808687442885994E+00    0.144789534827660193E+01    0.116472701727921742E-01    0.162737166399491806E+01   -0.143175197637639151E+01   -0.224631581988634886E-01   -0.201248503404700063E+01   -0.201842728801214427E+00   -0.134127698253533600E+00   -0.245900219759253441E+00   -0.137658531687220115E+00   -0.108721240326693969E+01
    0.647802625844718597E-02    0.844298219794899718E+00    0.919025016450338156E-01   -0.174552559854720393E+02    0.680972403216342892E+00    0.148375778478866560E+01    0.117169677250927549E-01    0.160803065136624190E+01   -0.143450228569312843E+01   -0.243448136070367437E-01   -0.230756822477721002E+01   -0.214092828665124996E+00   -0.142712639648644335E+00   -0.204434345587176880E+00   -0.883139996375238712E-01   -0.107980759806814408E+01
