    0.274593546057715701E-01   -0.131103391246560559E+02    0.717904252551669342E+00    0.142799210675379618E+01    0.120160748671688088E-01    0.166739489643541661E+01   -0.172426006674682908E+01   -0.521568928278264982E-01   -0.169607805814413060E+01   -0.101021730559681430E+00    0.217057265488709260E-01   -0.348062014044657198E+00   -0.134712019497485264E+00   -0.108410315388506451E+01   -0.281720228260473391E+02
    0.274593546057715701E-01   -0.131103391246560559E+02    0.717904252551669342E+00    0.142799210675379618E+01    0.120160748671688088E-01    0.166739489643541661E+01   -0.172426006674682908E+01   -0.521568928278264982E-01   -0.169607805814413060E+01   -0.101021730559681430E+00    0.217057265488709260E-01   -0.348062014044657198E+00   -0.134712019497485264E+00   -0.108410315388506451E+01   -0.281720228260473391E+02
    0.265365766553717179E-01   -0.132737963365345877E+02    0.685666657187026907E+00    0.142122870959457415E+01    0.121527260687552055E-01    0.166494480721933114E+01   -0.174776646012798209E+01   -0.688209233676185528E-01   -0.162944318467652116E+01   -0.114860601234008042E+00   -0.276409169675248638E-01   -0.329303888349984641E+00   -0.143045409404979312E+00   -0.108128695031556243E+01   -0.281634205254334731E+02
    0.265365766553717179E-01   -0.132737963365345877E+02    0.685666657187026907E+00    0.142122870959457415E+01    0.121527260687552055E-01    0.166494480721933114E+01   -0.174776646012798209E+01   -0.688209233676185528E-01   -0.162944318467652116E+01   -0.114860601234008042E+00   -0.276409169675248638E-01   -0.329303888349984641E+00   -0.143045409404979312E+00   -0.108128695031556243E+01   -0.281634205254334731E+02
    0.292879407573387006E-01   -0.131135231772181591E+02    0.704809591536348812E+00    0.142477096540262638E+01    0.121131964318099954E-01    0.167208632103630683E+01   -0.163044449614579512E+01   -0.642052900748293492E-01   -0.137640953041653735E+01   -0.676674278059148648E-01    0.148745589941140493E-01   -0.302510540848053844E+00   -0.114753547873086198E+00   -0.107750858156149021E+01   -0.281431661239362754E+02
    0.292879407573387006E-01   -0.131135231772181591E+02    0.704809591536348812E+00    0.142477096540262638E+01    0.121131964318099954E-01    0.167208632103630683E+01   -0.163044449614579512E+01   -0.642052900748293492E-01   -0.137640953041653735E+01   -0.676674278059148648E-01    0.148745589941140493E-01   -0.302510540848053844E+00   -0.114753547873086198E+00   -0.107750858156149021E+01   -0.281431661239362754E+02
    0.273309506669062556E-01   -0.131127886269083440E+02    0.704484533960602177E+00    0.141721076789347156E+01    0.120908987894767159E-01    0.167187762992269495E+01   -0.179885713212991805E+01   -0.587270214937431895E-01   -0.127810887576922760E+01   -0.997057831470574973E-01    0.114934528312546115E-01   -0.338664357290094975E+00   -0.121283003487103525E+00   -0.109099485570203480E+01   -0.281416615092349538E+02
    0.275878803387541692E-01   -0.128462603959339159E+02    0.715260943079761291E+00    0.142898269735215622E+01    0.120554678486159174E-01    0.166122153525465310E+01   -0.176434178202747471E+01   -0.506331043766949304E-01   -0.126547609361088043E+01   -0.118508620201068213E+00    0.393030449955749511E-02   -0.313816068474625121E+00   -0.129104935992774922E+00   -0.106277681188476869E+01   -0.281300289745099121E+02
    0.275878803387541692E-01   -0.128462603959339159E+02    0.715260943079761291E+00    0.142898269735215622E+01    0.120554678486159174E-01    0.166122153525465310E+01   -0.176434178202747471E+01   -0.506331043766949304E-01   -0.126547609361088043E+01   -0.118508620201068213E+00    0.393030449955749511E-02   -0.313816068474625121E+00   -0.129104935992774922E+00   -0.106277681188476869E+01   -0.281300289745099121E+02
    0.263958390039480753E-01   -0.131469989091044184E+02    0.697934394610560060E+00    0.142239622298065171E+01    0.121128817676183359E-01    0.166446069878859348E+01   -0.171951160581484097E+01   -0.585324022625507423E-01   -0.136966524453956340E+01   -0.769981059319004846E-01    0.186927079783314049E-01   -0.318597502099921992E+00   -0.117488798905192815E+00   -0.106357301987975195E+01   -0.281192211604630735E+02
    0.278815138503078035E-01   -0.130164742933617692E+02    0.695075670504171628E+00    0.144565122467630003E+01    0.119807073479552550E-01    0.166907770755857321E+01   -0.170668805922097344E+01   -0.607025624600274136E-01   -0.176011106170596054E+01   -0.709102218275276530E-01    0.486237074959811402E-02   -0.315066474143756603E+00   -0.123609974769436276E+00   -0.106445862481673470E+01   -0.281152927870058420E+02
    0.278815138503078035E-01   -0.130164742933617692E+02    0.695075670504171628E+00    0.144565122467630003E+01    0.119807073479552550E-01    0.166907770755857321E+01   -0.170668805922097344E+01   -0.607025624600274136E-01   -0.176011106170596054E+01   -0.709102218275276530E-01    0.486237074959811402E-02   -0.315066474143756603E+00   -0.123609974769436276E+00   -0.106445862481673470E+01   -0.281152927870058420E+02
    0.307886218438526357E-01   -0.131398388972513960E+02    0.679466835418824466E+00    0.142982133438903047E+01    0.119784967644122071E-01    0.166804284315163387E+01   -0.165108810741957224E+01   -0.601671299250793323E-01   -0.159926480215039013E+01   -0.100571259427680873E+00   -0.788243315857839119E-02   -0.325263479026617230E+00   -0.118232341320848464E+00   -0.106771693410746127E+01   -0.280939494785816635E+02
    0.307886218438526357E-01   -0.131398388972513960E+02    0.679466835418824466E+00    0.142982133438903047E+01    0.119784967644122071E-01    0.166804284315163387E+01   -0.165108810741957224E+01   -0.601671299250793323E-01   -0.159926480215039013E+01   -0.100571259427680873E+00   -0.788243315857839119E-02   -0.325263479026617230E+00   -0.118232341320848464E+00   -0.106771693410746127E+01   -0.280939494785816635E+02
    0.273395318282029023E-01   -0.131372271244295380E+02    0.703770829942005127E+00    0.143069580015804965E+01    0.119963673966870521E-01    0.166553466369499281E+01   -0.168272542872446507E+01   -0.534652526072697185E-01   -0.183399706895720360E+01   -0.710115010581559292E-01    0.123233299953400665E-01   -0.302598849105918777E+00   -0.130618625330374077E+00   -0.106526233388085223E+01   -0.280924193113215281E+02
    0.300151848712000915E-01   -0.128045040426587295E+02    0.692539912085878839E+00    0.142419098510701891E+01    0.120944835516703809E-01    0.166655417531434136E+01   -0.179802647577436514E+01   -0.613096053914602285E-01   -0.152634786869571681E+01   -0.133800926622245159E+00   -0.793758258667798602E-02   -0.325932064285389400E+00   -0.140407633415588040E+00   -0.107868889477260121E+01   -0.280920464755030892E+02
    0.300151848712000915E-01   -0.128045040426587295E+02    0.692539912085878839E+00    0.142419098510701891E+01    0.120944835516703809E-01    0.166655417531434136E+01   -0.179802647577436514E+01   -0.613096053914602285E-01   -0.152634786869571681E+01   -0.133800926622245159E+00   -0.793758258667798602E-02   -0.325932064285389400E+00   -0.140407633415588040E+00   -0.107868889477260121E+01   -0.280920464755030892E+02
    0.255781939798788716E-01   -0.130765111959464537E+02    0.692533791370441909E+00    0.141660973969533321E+01    0.120027731232802658E-01    0.166746968941619134E+01   -0.172011522041665188E+01   -0.669163358269327380E-01   -0.163379795002720862E+01   -0.999293116223895356E-01   -0.227293012145334677E-01   -0.325626607664761258E+00   -0.132204006371748783E+00   -0.106693214054318553E+01   -0.280828632727690071E+02
    0.282109560555078472E-01   -0.132384498740402403E+02    0.694516673315073607E+00    0.142066024117021983E+01    0.120717149231656488E-01    0.165560851927154951E+01   -0.173507028207925584E+01   -0.650204832994859122E-01   -0.170614348443836494E+01   -0.840338725517062735E-01   -0.116300795011996545E-01   -0.315221656220146418E+00   -0.129278142465544116E+00   -0.106958296608574921E+01   -0.280724352315143015E+02
    0.272059476393409841E-01   -0.131146159002280598E+02    0.704684142793052581E+00    0.142210444817063353E+01    0.119757661705778857E-01    0.166760978389970149E+01   -0.173621009257526704E+01   -0.525926716191084664E-01   -0.146579171977688549E+01   -0.103042147227573211E+00    0.867210927153146778E-03   -0.319715179253265036E+00   -0.123011074299906153E+00   -0.107093693212292607E+01   -0.280663836575585925E+02
    0.272059476393409841E-01   -0.131146159002280598E+02    0.704684142793052581E+00    0.142210444817063353E+01    0.119757661705778857E-01    0.166760978389970149E+01   -0.173621009257526704E+01   -0.525926716191084664E-01   -0.146579171977688549E+01   -0.103042147227573211E+00    0.867210927153146778E-03   -0.319715179253265036E+00   -0.123011074299906153E+00   -0.107093693212292607E+01   -0.280663836575585925E+02
    0.304082278987117122E-01   -0.130724593939229923E+02    0.700903421412611527E+00    0.142852772326390820E+01    0.120200527943756883E-01    0.166499792967127225E+01   -0.176236085089545491E+01   -0.553152113624546388E-01   -0.147277821997327130E+01   -0.570164274895371068E-01   -0.578589663157945931E-02   -0.338225166165678770E+00   -0.129183240651915526E+00   -0.105464917436514360E+01   -0.280657853153890713E+02
    0.264271171965679112E-01   -0.129844794025536885E+02    0.715198372920470171E+00    0.142495796819148723E+01    0.120712127059481207E-01    0.166827458373424475E+01   -0.183718734423670949E+01   -0.591446075444765074E-01   -0.159001226911094218E+01   -0.624659119033079968E-01    0.782579073555210274E-02   -0.299940236039150709E+00   -0.127897944904999616E+00   -0.108176325919616390E+01   -0.280654652596154435E+02
    0.264271171965679112E-01   -0.129844794025536885E+02    0.715198372920470171E+00    0.142495796819148723E+01    0.120712127059481207E-01    0.166827458373424475E+01   -0.183718734423670949E+01   -0.591446075444765074E-01   -0.159001226911094218E+01   -0.624659119033079968E-01    0.782579073555210274E-02   -0.299940236039150709E+00   -0.127897944904999616E+00   -0.108176325919616390E+01   -0.280654652596154435E+02
    0.270903301493477487E-01   -0.130826486689724835E+02    0.715756410565285828E+00    0.142161789555094620E+01    0.121256935116022084E-01    0.165812253369384388E+01   -0.163278522633881518E+01   -0.593357154781460408E-01   -0.159578899891738235E+01   -0.766688266160963500E-01   -0.442401004158499405E-02   -0.297831275910180659E+00   -0.126432568127565176E+00   -0.107239821305682281E+01   -0.280612687722704273E+02
    0.270903301493477487E-01   -0.130826486689724835E+02    0.715756410565285828E+00    0.142161789555094620E+01    0.121256935116022084E-01    0.165812253369384388E+01   -0.163278522633881518E+01   -0.593357154781460408E-01   -0.159578899891738235E+01   -0.766688266160963500E-01   -0.442401004158499405E-02   -0.297831275910180659E+00   -0.126432568127565176E+00   -0.107239821305682281E+01   -0.280612687722704273E+02
    0.302934495071211750E-01   -0.128668622631649789E+02    0.687766204891500199E+00    0.143447391265063762E+01    0.120754558891228367E-01    0.166232010562213217E+01   -0.177695960985803514E+01   -0.676626275981175029E-01   -0.162500829650904066E+01   -0.111163206536441878E+00   -0.196356508133009033E-01   -0.325162931427433188E+00   -0.129578524220862190E+00   -0.105770823689775417E+01   -0.280592884071736712E+02
    0.293332683117294227E-01   -0.130959016224110538E+02    0.710764023909165599E+00    0.142191040762266230E+01    0.120707429080612640E-01    0.167745191683271133E+01   -0.178452773865323966E+01   -0.587905482712819671E-01   -0.118827443566369628E+01   -0.780817208938641566E-01    0.179582692802154435E-01   -0.312576017815599572E+00   -0.145872242773285754E+00   -0.108672411738508035E+01   -0.280582825949107999E+02
    0.284421223883286993E-01   -0.130225499076047573E+02    0.731989176335198444E+00    0.142358360134723450E+01    0.119497137639635962E-01    0.167095125893463670E+01   -0.165952639688347992E+01   -0.636289929985245223E-01   -0.127281310709697193E+01   -0.113942477916320811E+00   -0.156111904441473591E-02   -0.320929123588391152E+00   -0.139046693701498969E+00   -0.106743253644402047E+01   -0.280546946863107109E+02
    0.267176731965422173E-01   -0.131296328565542790E+02    0.731925793585745388E+00    0.143996992410344604E+01    0.120673295053379363E-01    0.166102029342153190E+01   -0.171414950733073690E+01   -0.641105678817128072E-01   -0.138247799954961925E+01   -0.116642033611689788E+00   -0.859490059640544840E-02   -0.308514094330973376E+00   -0.131318162992560217E+00   -0.105953505561750871E+01   -0.280533982112089220E+02
    0.278852455287069596E-01   -0.129644050294599218E+02    0.681362212719539340E+00    0.141691512480028914E+01    0.120095339462861373E-01    0.165979984295187499E+01   -0.166814917191175605E+01   -0.614286814177885734E-01   -0.167684243484877826E+01   -0.726448779263585837E-01   -0.113448289838690864E-01   -0.310790579185466376E+00   -0.140910168513744632E+00   -0.107334905515212653E+01   -0.280523359004577557E+02
    0.268795097798010564E-01   -0.130267830921811782E+02    0.709776767812951404E+00    0.143019394926806509E+01    0.118972423929840712E-01    0.166214439035779193E+01   -0.165557987694784581E+01   -0.606685590787066353E-01   -0.158950879761767694E+01   -0.107107427721198092E+00    0.230186597361126920E-01   -0.337749871357717391E+00   -0.134931933479170957E+00   -0.106443756658100708E+01   -0.280513523024205647E+02
    0.286608964586704505E-01   -0.131015645756210812E+02    0.715981821788286954E+00    0.140666078720481780E+01    0.120375771715463681E-01    0.165805417639253738E+01   -0.172378294024641465E+01   -0.521143333629752251E-01   -0.167407137039131060E+01   -0.112407012831525238E+00   -0.125581117546798848E-01   -0.335602515150957181E+00   -0.141533158568459189E+00   -0.105787454087737420E+01   -0.280471586402515278E+02
    0.282852205049663845E-01   -0.131552369595818934E+02    0.701051095627221232E+00    0.142437484934115366E+01    0.121252946488743865E-01    0.165967273900502943E+01   -0.172809501746325900E+01   -0.629612623032126950E-01   -0.199089293968230052E+01   -0.153782391863624746E+00   -0.131946738997808649E-01   -0.302945227275267626E+00   -0.127434834440014300E+00   -0.106878185248967572E+01   -0.280454005271438298E+02
    0.282852205049663845E-01   -0.131552369595818934E+02    0.701051095627221232E+00    0.142437484934115366E+01    0.121252946488743865E-01    0.165967273900502943E+01   -0.172809501746325900E+01   -0.629612623032126950E-01   -0.199089293968230052E+01   -0.153782391863624746E+00   -0.131946738997808649E-01   -0.302945227275267626E+00   -0.127434834440014300E+00   -0.106878185248967572E+01   -0.280454005271438298E+02
    0.282543206468294922E-01   -0.131836990220136308E+02    0.693992679887053376E+00    0.143534360668082450E+01    0.119692281167109761E-01    0.166482638765322188E+01   -0.168113935588260222E+01   -0.576317299631989646E-01   -0.196593927209032149E+01   -0.610518471843498056E-01    0.432747603966983536E-02   -0.313174875607466430E+00   -0.154761168933178234E+00   -0.106237017580745507E+01   -0.280441954092149857E+02
    0.254759038914615793E-01   -0.130589815883137419E+02    0.692346935689261977E+00    0.142839744945363534E+01    0.120503928142561695E-01    0.165990734227538672E+01   -0.159685522821466952E+01   -0.694128056839116853E-01   -0.153258238408108127E+01   -0.868435771538187684E-01   -0.152707783319928019E-03   -0.282205206007705600E+00   -0.135460855011884873E+00   -0.108474898377050777E+01   -0.280432435631831325E+02
    0.284319386877323367E-01   -0.131351785398335430E+02    0.699173157000046674E+00    0.142669663223143806E+01    0.122242209128971008E-01    0.166177444127023755E+01   -0.165193144857836982E+01   -0.619423649046119199E-01   -0.188193556106460336E+01   -0.796918359842463814E-01   -0.104286034805029376E-01   -0.344986547163357526E+00   -0.142533036236376615E+00   -0.108350872472647120E+01   -0.280431334016855729E+02
    0.274667348681680232E-01   -0.130126039732442660E+02    0.710696419540306157E+00    0.141958234803941230E+01    0.120680403959543461E-01    0.166952704439414967E+01   -0.174170096852113332E+01   -0.679674544312427326E-01   -0.164309428805055280E+01   -0.104441757588380216E+00    0.188465182319701198E-01   -0.325552938434343186E+00   -0.127301179887910093E+00   -0.108423524164865137E+01   -0.280419712516236928E+02
    0.291966591049168736E-01   -0.132759662189614538E+02    0.698136430671240205E+00    0.142494767754207086E+01    0.119634117942448784E-01    0.165435456646339296E+01   -0.183232697388143340E+01   -0.661228508850933289E-01   -0.127622950824884773E+01   -0.804182483747008375E-01   -0.500535909757901954E-02   -0.309892724087196036E+00   -0.109850102871635324E+00   -0.106789121463185666E+01   -0.280410425710869013E+02
    0.266950868772958816E-01   -0.129051766760979572E+02    0.696776817140633775E+00    0.142144023174496947E+01    0.120715666167602372E-01    0.166376152038721470E+01   -0.169245950762488784E+01   -0.684629994292989541E-01   -0.146541311745513858E+01   -0.936959889112997241E-01   -0.123034331234474631E-01   -0.370299295532947714E+00   -0.133315860920202839E+00   -0.108048212137375366E+01   -0.280396011922329436E+02
    0.250122348610202182E-01   -0.129835574080619072E+02    0.704564495729862461E+00    0.142311738754680839E+01    0.120793012900819209E-01    0.166445313480222046E+01   -0.165985411567073671E+01   -0.592210445800354091E-01   -0.161206505022605073E+01   -0.803975532627754508E-01   -0.522269158428695628E-02   -0.321823254392493874E+00   -0.123589899600005715E+00   -0.108992489511094059E+01   -0.280379632385852950E+02
    0.269545083103252640E-01   -0.130286509275185267E+02    0.712934766619410132E+00    0.141947164593828257E+01    0.120294569049728562E-01    0.166481439864940661E+01   -0.170106755538221965E+01   -0.623418002070295560E-01   -0.166221910370812442E+01   -0.696181226521835755E-01    0.887375384376596840E-02   -0.299713824029561704E+00   -0.129790529314345121E+00   -0.108297094992794762E+01   -0.280362419223773642E+02
    0.263960896142514251E-01   -0.130900375020516329E+02    0.683376832466529804E+00    0.142179614937127208E+01    0.120411440396494263E-01    0.166610864600554276E+01   -0.170843845165416286E+01   -0.570924334738187877E-01   -0.142438639104549614E+01   -0.650449722849545386E-01    0.134180717265023428E-01   -0.303922598531931931E+00   -0.127861817515985687E+00   -0.107617973090782471E+01   -0.280357254940871705E+02
    0.268144298507348167E-01   -0.130217563445626929E+02    0.683609756856526696E+00    0.143198801917178375E+01    0.120380819866993775E-01    0.166279016453171846E+01   -0.172213891747379066E+01   -0.552517795306053036E-01   -0.142304031187038604E+01   -0.553210111716264941E-01    0.123912921821986623E-01   -0.291677691493296309E+00   -0.130734532229708655E+00   -0.107472860899961886E+01   -0.280350824189164634E+02
    0.259159197910701668E-01   -0.130058573826207784E+02    0.682977713215121907E+00    0.142491107567534914E+01    0.120083808108927860E-01    0.166527011268152658E+01   -0.166498826813182643E+01   -0.580246621320771108E-01   -0.154982723424380220E+01   -0.817069493558046506E-01   -0.151865461724892438E-01   -0.285883776592930905E+00   -0.120900256539013984E+00   -0.106913179856240736E+01   -0.280340005010765871E+02
    0.283324299483044134E-01   -0.131744270276919018E+02    0.678552915498428777E+00    0.142231217744735572E+01    0.119471073216158158E-01    0.165838611533071112E+01   -0.173763375234672734E+01   -0.587728915959619888E-01   -0.162617619274588354E+01   -0.154958442087107989E+00   -0.118082624382932592E-01   -0.327603695406539441E+00   -0.135504248402198046E+00   -0.107941445895624266E+01   -0.280339351340753673E+02
    0.276568096922150571E-01   -0.130298497567963860E+02    0.658917368178555951E+00    0.141823172111537854E+01    0.120830046427227774E-01    0.165690873790091353E+01   -0.168648693624806367E+01   -0.554176127275443076E-01   -0.160820205202435074E+01   -0.933614447574947215E-01    0.379898802297019417E-01   -0.294163739683087899E+00   -0.151320605327868063E+00   -0.107500029580590684E+01   -0.280332740184338221E+02
    0.280430428894782452E-01   -0.131087706944516231E+02    0.688374385908304354E+00    0.142400632132533111E+01    0.120451658077701390E-01    0.167052076048723031E+01   -0.168929040448586787E+01   -0.589676948948828702E-01   -0.182225961747482623E+01   -0.753038831414098164E-01   -0.737190582777338173E-02   -0.318235519213785290E+00   -0.129567179477820010E+00   -0.108884367087922951E+01   -0.280326305147258488E+02
    0.267172151712846279E-01   -0.130968048960685461E+02    0.706445650874344633E+00    0.143442749108657286E+01    0.120063472189953658E-01    0.166955531011568103E+01   -0.177887801181611138E+01   -0.527731354277118231E-01   -0.159017143962603202E+01   -0.862439650005488584E-01   -0.105606550839931548E-01   -0.334985169742685440E+00   -0.133632215665529880E+00   -0.106644625647100222E+01   -0.280314209913133361E+02
    0.284518930967128519E-01   -0.130979068891614912E+02    0.695583165538864234E+00    0.143177761677120263E+01    0.120910612624120593E-01    0.166317383368522531E+01   -0.166256390490472405E+01   -0.656115575815574559E-01   -0.157602126659327157E+01   -0.935053393268887451E-01   -0.798037311271359608E-02   -0.320688552534283522E+00   -0.116066385322406845E+00   -0.106352706163772837E+01   -0.280310457565695614E+02
    0.261817450560887233E-01   -0.130852090744648475E+02    0.702310433498877562E+00    0.142865350320797702E+01    0.121252464364790986E-01    0.166019891412159026E+01   -0.166811651583109777E+01   -0.639209332130459135E-01   -0.185361706225286249E+01   -0.768507764008869443E-01    0.495181539472180042E-02   -0.312705501666790120E+00   -0.133802373722602536E+00   -0.106087610481745664E+01   -0.280274920507777701E+02
    0.276197289772598109E-01   -0.129294179650731582E+02    0.677370774533366915E+00    0.142607781731075067E+01    0.120844489943901460E-01    0.166764326388862383E+01   -0.170016682444581657E+01   -0.586087268183399443E-01   -0.167492318710477317E+01   -0.456344505593680519E-01   -0.325023225479469666E-02   -0.320852418868353639E+00   -0.135637286470752710E+00   -0.108919610058148875E+01   -0.280260136192222653E+02
    0.287461434031178464E-01   -0.131003267725236512E+02    0.685442804745159062E+00    0.142647768023676491E+01    0.117882517412901972E-01    0.165579167725466436E+01   -0.161696364460213937E+01   -0.654219261955128195E-01   -0.154752991542606422E+01   -0.114332176662134299E+00   -0.968346559126450832E-02   -0.342233439037091358E+00   -0.123752045731399765E+00   -0.107994684203500824E+01   -0.280242987068982536E+02
    0.287697115500312531E-01   -0.128523490996815504E+02    0.703087006271675974E+00    0.142414628339200644E+01    0.120541555982184977E-01    0.166697221092109427E+01   -0.181732502018269426E+01   -0.582505678184806960E-01   -0.148106973093309802E+01   -0.811384304841203385E-01    0.395264298942555464E-02   -0.309990795976917144E+00   -0.135128442638615232E+00   -0.107066644019922186E+01   -0.280234269684674224E+02
    0.282587638717009121E-01   -0.131011341835795179E+02    0.688243696262809013E+00    0.142594114854926168E+01    0.120502476776475388E-01    0.166983990387353209E+01   -0.183991287304702933E+01   -0.640460595245802983E-01   -0.166433557318629366E+01   -0.895671763992888087E-01   -0.108043724711046011E-01   -0.288800667302091640E+00   -0.132453439048680344E+00   -0.109439992058858460E+01   -0.280204480853466542E+02
    0.299516016932176443E-01   -0.129779767454520822E+02    0.713728909190606164E+00    0.142971588639399227E+01    0.120309010392793299E-01    0.166255004352681324E+01   -0.171442198372438859E+01   -0.597077097671536022E-01   -0.165385485230984575E+01   -0.666921015162705161E-01   -0.118775987413161886E-01   -0.305077187012503470E+00   -0.137802770155749960E+00   -0.108047363943130326E+01   -0.280203309816011163E+02
    0.266291416093334399E-01   -0.129265097402291325E+02    0.685872446131648217E+00    0.143000508197029474E+01    0.120477605781567181E-01    0.165218474275878680E+01   -0.164588457076051808E+01   -0.670771790330866868E-01   -0.142530525790308205E+01   -0.786480311014721711E-01    0.160661367065336007E-01   -0.301533203451332332E+00   -0.132376565789697254E+00   -0.107546636824676090E+01   -0.280182223067426506E+02
    0.279190630831360441E-01   -0.131159379868388335E+02    0.702279179350843941E+00    0.141922069441666010E+01    0.120501467227999721E-01    0.166341100717972701E+01   -0.170468387484681050E+01   -0.574978627618693838E-01   -0.157580530447470135E+01   -0.118588566413388802E+00   -0.358236796532307661E-02   -0.303386996352629390E+00   -0.122992330454345544E+00   -0.107361682873024589E+01   -0.280160866291109549E+02
    0.267967210526551154E-01   -0.130126406358927458E+02    0.715139812391321517E+00    0.143296950431924963E+01    0.119462137732295279E-01    0.166673355350412655E+01   -0.175643481216169195E+01   -0.555375846868830722E-01   -0.169259511693995024E+01   -0.853069397600026424E-01   -0.135148165206175723E-01   -0.312833798346978997E+00   -0.134558079221161447E+00   -0.107011464860638150E+01   -0.280145789760547324E+02
    0.289714627358333525E-01   -0.131755629002773116E+02    0.700930909079587550E+00    0.142666263170778995E+01    0.120068826254615159E-01    0.166295324975095382E+01   -0.166531495548105424E+01   -0.568951507339440707E-01   -0.184244567520114333E+01   -0.881826802715496849E-01    0.909313308213273181E-03   -0.315578485637395156E+00   -0.139743554826828154E+00   -0.107371095692410390E+01   -0.280140549517196042E+02
    0.278925733508140448E-01   -0.128947873016925900E+02    0.695240608330338850E+00    0.142707864838973997E+01    0.119687859925478035E-01    0.166256332967256792E+01   -0.157088014929726683E+01   -0.632977711356387113E-01   -0.190059088612066174E+01   -0.115875191932598529E+00   -0.132511063367807581E-01   -0.324146507327819355E+00   -0.138492402048797814E+00   -0.107410232161690744E+01   -0.280077321931561407E+02
    0.271469968159625367E-01   -0.131535563587071795E+02    0.693564835630925636E+00    0.143054557742104294E+01    0.121421306600720640E-01    0.166982930755191505E+01   -0.173808346349454901E+01   -0.577284178022476058E-01   -0.148342948990832202E+01   -0.911508752346886358E-01   -0.263690048345454273E-01   -0.304573819471040119E+00   -0.140767149692046512E+00   -0.107791274245622848E+01   -0.280074125996140317E+02
    0.274287589503111710E-01   -0.131652087626061611E+02    0.701314384322167639E+00    0.142271433704314276E+01    0.120049584773500740E-01    0.164962688353864495E+01   -0.187005390634143343E+01   -0.625243796746561831E-01   -0.136873110466880110E+01   -0.923942586788171899E-01    0.468615331774164742E-02   -0.329043529653579636E+00   -0.124600151857791830E+00   -0.106949017488860676E+01   -0.280072740208034254E+02
    0.274999040651790760E-01   -0.131344414031578118E+02    0.706314739795813162E+00    0.142574478254790660E+01    0.120695944691639398E-01    0.166300272677403149E+01   -0.171075280651700723E+01   -0.601218644206736458E-01   -0.156853332054641803E+01   -0.118389110906051420E+00   -0.122356179520656510E-01   -0.321495894905768853E+00   -0.149680091491839723E+00   -0.106265083020003348E+01   -0.280069760838606854E+02
    0.248334629881681451E-01   -0.129563617409526959E+02    0.700339483971415544E+00    0.142638156906174851E+01    0.120087472600791684E-01    0.166934181683721139E+01   -0.171376540972041536E+01   -0.609913220907443987E-01   -0.180397777268398207E+01   -0.936256459946579467E-01   -0.405248154918649720E-03   -0.339654964330085851E+00   -0.133956249794089488E+00   -0.105903258795628852E+01   -0.280063441603830192E+02
    0.270205742414567456E-01   -0.129781526825145814E+02    0.698287661822993622E+00    0.142651095803334305E+01    0.119796081892054491E-01    0.165800257658221684E+01   -0.167733657766577871E+01   -0.648446936413954872E-01   -0.145366385955569988E+01   -0.733059160418926270E-01    0.116054468330501048E-01   -0.328855702416177509E+00   -0.149442573734779482E+00   -0.106666698813318872E+01   -0.279658925531771807E+02
    0.293685971765019413E-01   -0.130572266284314509E+02    0.727340850778659620E+00    0.142945403534759619E+01    0.119821917160342246E-01    0.166322577656426285E+01   -0.175367211999217032E+01   -0.587853499312981920E-01   -0.145650069442392960E+01   -0.856966962759524581E-01    0.733220629931995767E-02   -0.298746065028600127E+00   -0.155132471236306413E+00   -0.108173456674451840E+01   -0.279974843869671268E+02
    0.269579684357099565E-01   -0.131372058127934643E+02    0.690547466549934486E+00    0.142623828903685390E+01    0.119524592366087017E-01    0.165599806536522398E+01   -0.173792343079159406E+01   -0.586935687954754440E-01   -0.149100737212487422E+01   -0.756234832699523157E-01    0.128537201535292508E-01   -0.306920884983822639E+00   -0.144226436011695602E+00   -0.107830870117384747E+01   -0.279601863138205502E+02
    0.269312550423245131E-01   -0.130818151037864343E+02    0.700670673825284029E+00    0.142547457539213829E+01    0.118638435720489922E-01    0.165663662902986020E+01   -0.173961059686372321E+01   -0.670962944924745341E-01   -0.151669154393030037E+01   -0.793304990614841776E-01    0.739284915269740935E-02   -0.333224068947224339E+00   -0.149869395455285603E+00   -0.107883300048683450E+01   -0.279715122944911663E+02
    0.265996859974203387E-01   -0.130141311263652462E+02    0.684194056144556417E+00    0.142657071689985915E+01    0.120787546713552602E-01    0.165720754434436279E+01   -0.169218780577553640E+01   -0.638331517264353054E-01   -0.146870979962405923E+01   -0.741787986532742583E-01    0.170712807227605089E-01   -0.344656896106257160E+00   -0.143723102893652088E+00   -0.107217659095339757E+01   -0.279872222595813582E+02
    0.301601450258251989E-01   -0.130293441931083418E+02    0.703451377192628957E+00    0.141981132464176762E+01    0.119750060464459736E-01    0.166039092159573376E+01   -0.165338220160528748E+01   -0.605032416772337545E-01   -0.151601000628339677E+01   -0.684608519182444142E-01    0.324403047985748552E-02   -0.344589258828163825E+00   -0.145229545222260142E+00   -0.107439556242021084E+01   -0.279824521607957237E+02
    0.262570054063986959E-01   -0.130438751513667608E+02    0.701147365077667395E+00    0.142670885858617491E+01    0.120543611670388059E-01    0.165891512782915918E+01   -0.168895336707131904E+01   -0.620916945165691098E-01   -0.156116413043912483E+01   -0.910827533116851384E-01    0.631655583411106988E-02   -0.348535347168259846E+00   -0.133892660990873519E+00   -0.107484387119936753E+01   -0.279925727371644584E+02
    0.289987519600591950E-01   -0.129624372662643683E+02    0.703491646429041051E+00    0.142512131685772858E+01    0.120181949751349409E-01    0.166022594119934341E+01   -0.168336157164257427E+01   -0.588326910621922022E-01   -0.136260159387776247E+01   -0.826010733656575569E-01   -0.192852370437942406E-02   -0.331418626349534506E+00   -0.141355517073498693E+00   -0.107594918575577236E+01   -0.279816534713668830E+02
    0.281252141221901147E-01   -0.129738714083330411E+02    0.714589811653351670E+00    0.142449907464905134E+01    0.120353095433420373E-01    0.166308614553196699E+01   -0.167798776732344601E+01   -0.608224611975471396E-01   -0.122240016708849053E+01   -0.919765225586777341E-01   -0.605219766234546454E-02   -0.324259779433398232E+00   -0.143912687606359085E+00   -0.107238921145578181E+01   -0.280009982849805077E+02
    0.249347732644501947E-01   -0.131291991789522946E+02    0.710600688881238951E+00    0.143248914030103447E+01    0.118921387556090823E-01    0.165184409855505687E+01   -0.165497042164520725E+01   -0.585639813919764662E-01   -0.169059321397710050E+01   -0.925920862271235046E-01   -0.238118869886813503E-02   -0.344317183892906498E+00   -0.148417015447295880E+00   -0.105610303575690345E+01   -0.279896370360321001E+02
    0.269700539623169075E-01   -0.131014555111091209E+02    0.707822529391423982E+00    0.143119298639475212E+01    0.119732121949607737E-01    0.165856693987121839E+01   -0.179783265910739720E+01   -0.622658766470701452E-01   -0.141289236240217364E+01   -0.657653335005645434E-01   -0.119459102701288209E-01   -0.332609774458093033E+00   -0.135487822064990104E+00   -0.107694501465147607E+01   -0.279892509467793431E+02
    0.300520368446555927E-01   -0.132432119175228635E+02    0.705639463382199073E+00    0.142361432787892905E+01    0.121395050713452649E-01    0.165889410860226372E+01   -0.174626210298927642E+01   -0.560734852084965318E-01   -0.137282452092015239E+01   -0.126153970887629696E+00    0.147090723171380520E-01   -0.303019674401678707E+00   -0.139861426793775501E+00   -0.108062779550072618E+01   -0.279948877717968081E+02
    0.278626982135432091E-01   -0.131672213185939473E+02    0.700590534430767020E+00    0.141911426484636150E+01    0.120134287942556157E-01    0.167202017120263813E+01   -0.172770570645421606E+01   -0.579664684942444233E-01   -0.162572985096490075E+01   -0.100089831190907058E+00    0.604379365963053292E-02   -0.312754094599233201E+00   -0.145463556666303978E+00   -0.107121616512042284E+01   -0.279803732978232098E+02
    0.285727262131389055E-01   -0.133438283061069836E+02    0.697392105572851029E+00    0.142225990509273825E+01    0.120507165479340535E-01    0.166232826301813641E+01   -0.180191262809014541E+01   -0.556915494747082240E-01   -0.144684841688930055E+01   -0.102046206327093922E+00    0.674724488598212567E-02   -0.298982200670267928E+00   -0.131777318196410531E+00   -0.108840831999329968E+01   -0.280026483832695021E+02
    0.281592322625106584E-01   -0.130705374336176199E+02    0.689826793258678128E+00    0.142787566927512755E+01    0.121134451355768280E-01    0.166130890988364044E+01   -0.172680021132609629E+01   -0.620968518059551097E-01   -0.166351304117777254E+01   -0.102436884960936947E+00    0.182237744000221073E-01   -0.336071803609475861E+00   -0.140528875527507480E+00   -0.107873285595171464E+01   -0.279837629012761688E+02
    0.283198969332502520E-01   -0.130881668275543959E+02    0.701927234027991176E+00    0.141890809261249129E+01    0.120429744208490220E-01    0.166490779947706158E+01   -0.175302409255892244E+01   -0.596113676766453632E-01   -0.169731331409593289E+01   -0.127781218066213870E+00   -0.544166953834388390E-02   -0.313751776466987153E+00   -0.139707160097108540E+00   -0.108561816669829136E+01   -0.279949793161622189E+02
    0.267260935502112648E-01   -0.131085158116105536E+02    0.703222657130615825E+00    0.142022624631884065E+01    0.120866527288149908E-01    0.166041460138403218E+01   -0.169067080116509350E+01   -0.510071759625520954E-01   -0.157445850532042764E+01   -0.125984127573743276E+00   -0.118249150183832464E-01   -0.362669605969742515E+00   -0.141077539827759474E+00   -0.107993215885653449E+01   -0.279810950896001529E+02
    0.297453622982873436E-01   -0.131044353015885697E+02    0.684915030827895621E+00    0.143328355225622639E+01    0.121381878674977663E-01    0.166598785701910579E+01   -0.162303196056198984E+01   -0.558995777805119110E-01   -0.178276182607365485E+01   -0.123593161866991708E+00   -0.230156706247813952E-01   -0.327409269398263036E+00   -0.131577475624667234E+00   -0.108367201989829787E+01   -0.279919408284223330E+02
    0.297854486255287529E-01   -0.131170904866347211E+02    0.705291678788769416E+00    0.142915863109292229E+01    0.120258470713722303E-01    0.167068674358010805E+01   -0.166960904773159724E+01   -0.570678226482183235E-01   -0.170491353013192004E+01   -0.103489844266954317E+00   -0.547818485398314167E-02   -0.296448478961894246E+00   -0.139612875954471055E+00   -0.106016650598841133E+01   -0.279989555121433362E+02
    0.268996373523220852E-01   -0.131589809325673546E+02    0.697223100418720931E+00    0.142922091252170769E+01    0.120929364437107612E-01    0.166345806106568284E+01   -0.172293228001906518E+01   -0.643727256997833619E-01   -0.178662799316590348E+01   -0.122325609653728185E+00    0.106456265603938234E-01   -0.272948921366326314E+00   -0.134776481858486147E+00   -0.107032488739814902E+01   -0.279933445211664385E+02
    0.276492544170354251E-01   -0.130758518451992032E+02    0.704746955278421239E+00    0.143847456064417600E+01    0.119759092630987926E-01    0.165582000224044634E+01   -0.173434003778947932E+01   -0.595342282596684827E-01   -0.159985039216314440E+01   -0.972694911249414734E-01    0.366578728372083870E-02   -0.329153153682064992E+00   -0.128941553149086924E+00   -0.108441394813265357E+01   -0.279999681784326135E+02
    0.283677739538765357E-01   -0.130430350305540870E+02    0.698670314137199711E+00    0.142294040369245001E+01    0.120523719724779863E-01    0.166593531029222852E+01   -0.178833938058804742E+01   -0.601333408013212042E-01   -0.150186604464926665E+01   -0.998385891374607010E-01   -0.175050868375652077E-01   -0.343933158604599165E+00   -0.156477846495388345E+00   -0.107222656659199322E+01   -0.280032612570603341E+02
    0.280258968144442636E-01   -0.131673059429226242E+02    0.709930093106424964E+00    0.142721222974499495E+01    0.119856649017691178E-01    0.166610812150608334E+01   -0.169744714257941509E+01   -0.639157525937099485E-01   -0.160107724394758688E+01   -0.987082471347073831E-01    0.110889338446232329E-01   -0.333591215692578991E+00   -0.142789412749445010E+00   -0.108173323165282120E+01   -0.279812821543738757E+02
    0.274086103668059744E-01   -0.130913109242814105E+02    0.690069151021419414E+00    0.142852170265545619E+01    0.120384091564522504E-01    0.166126207013610472E+01   -0.179722021451721692E+01   -0.614544969696594334E-01   -0.141557407302497573E+01   -0.105965133568893768E+00   -0.848745647273558938E-02   -0.354457237221601995E+00   -0.150248523369175158E+00   -0.108233235972569686E+01   -0.279798524684719432E+02
    0.265021925227168983E-01   -0.131524565779257738E+02    0.703609299436705249E+00    0.143856434013259427E+01    0.120449172088182722E-01    0.166423698068587145E+01   -0.175070368705222879E+01   -0.606464381137992795E-01   -0.165793876945741436E+01   -0.867790719486451062E-01    0.736369159276345064E-02   -0.319552807725933197E+00   -0.143779564105303043E+00   -0.107972192122710897E+01   -0.279762392181818491E+02
    0.301191786287925735E-01   -0.130668744332307636E+02    0.698078879536016661E+00    0.141842160035588516E+01    0.120325730867373599E-01    0.166173677519509022E+01   -0.173490987820073106E+01   -0.540465110278234226E-01   -0.168699231221808521E+01   -0.939021113764638982E-01   -0.696742059390187320E-02   -0.344241663121534369E+00   -0.140711210148729227E+00   -0.107347642915578412E+01   -0.279863366824452768E+02
    0.289603440334763387E-01   -0.130508582011040417E+02    0.691967466229118089E+00    0.142378432750573158E+01    0.120312829067868565E-01    0.166624756021237008E+01   -0.173891039918671586E+01   -0.612119868276061324E-01   -0.152404652348654990E+01   -0.114696434580276257E+00   -0.566190756531488332E-02   -0.329378001644423324E+00   -0.146433852468087905E+00   -0.107872515181833095E+01   -0.279896314013868235E+02
    0.272516803329099430E-01   -0.130599306390249694E+02    0.685123031828983708E+00    0.142801117176571024E+01    0.119809121941036028E-01    0.166406617961548942E+01   -0.164377024470461075E+01   -0.544883043524514096E-01   -0.172455234050784645E+01   -0.837018506010493712E-01   -0.248884405797595784E-02   -0.323395685358447316E+00   -0.140340617318871319E+00   -0.107664314520429993E+01   -0.279771956780298403E+02
    0.278094666724341237E-01   -0.130838856325138888E+02    0.695233237953850169E+00    0.142162485450731002E+01    0.120472696539536753E-01    0.166317457017296610E+01   -0.170268986498487762E+01   -0.587656948997629033E-01   -0.173140639306056876E+01   -0.789472390518831391E-01    0.195046870862533106E-02   -0.329328165057075684E+00   -0.140902881934171192E+00   -0.107241143541385209E+01   -0.279879699332444645E+02
    0.285692726094147580E-01   -0.129555865002786135E+02    0.691114528918407633E+00    0.143039915097122194E+01    0.120930279345380504E-01    0.166698141172039138E+01   -0.175237458665129031E+01   -0.606619767617250644E-01   -0.183684652776697366E+01   -0.830098266320650480E-01   -0.368545059995290447E-02   -0.315102377204280359E+00   -0.132470845576498797E+00   -0.108154460162648247E+01   -0.280063030640223545E+02
    0.285635197951700816E-01   -0.130701893524704520E+02    0.699952898031852344E+00    0.142663769964974652E+01    0.120822721350151638E-01    0.166275434709912262E+01   -0.169987984308105444E+01   -0.580419626229452951E-01   -0.167634191215711770E+01   -0.886477313484549945E-01   -0.379922571211758564E-02   -0.321862026072332719E+00   -0.141711720051808321E+00   -0.107278612789562655E+01   -0.279782182067381306E+02
