    0.186773080970650401E-01    0.235977031341042531E+01    0.909513941764339001E-01   -0.172176256976963131E+02    0.474745460642403416E+00    0.203203400330265360E+01    0.117283549607463764E-01    0.150978942600623944E+01   -0.162138151917417472E+01   -0.697125216067968206E-01   -0.332026785382693967E+01   -0.209948241636804728E+00   -0.410387963869302749E-01   -0.142954342342892893E+00   -0.159937286389484040E+00   -0.108963513374273324E+01
    0.187230939324598902E-01    0.231487348281149385E+01    0.903442195542833171E-01   -0.171428499309595317E+02    0.509212886108169172E+00    0.204696387923199596E+01    0.117457728564434576E-01    0.155432530110500400E+01   -0.160433187705110902E+01   -0.820124864330235570E-01   -0.263958117178740048E+01   -0.192854659700964909E+00   -0.472044248337425559E-02   -0.720060005328332087E-01   -0.210942059872337467E+00   -0.109406189866909576E+01
    0.184649303532524491E-01    0.230264239299263451E+01    0.898195498432168560E-01   -0.171478509543331761E+02    0.494609319836931460E+00    0.204846845968157076E+01    0.117240214099069515E-01    0.153918167291346664E+01   -0.164231256950983329E+01   -0.613305510144181928E-01   -0.381508513662196513E+01   -0.182491737255923492E+00   -0.869241340871555329E-01   -0.217647532378958786E+00   -0.199995851273929881E+00   -0.110598809472771986E+01
    0.181218754791903532E-01    0.230014934888694400E+01    0.904565240939082110E-01   -0.171956433975680625E+02    0.476471391665752864E+00    0.202981471067137065E+01    0.117067153184213998E-01    0.152089541343371404E+01   -0.162180205148341661E+01   -0.587547625112414262E-01   -0.443795783309675151E+01   -0.180315718881046777E+00   -0.301177706142242638E-01   -0.292119448838650486E+00   -0.213486795931398438E+00   -0.109829575665888957E+01
    0.177854481025714536E-01    0.229762774470362308E+01    0.904309625526426158E-01   -0.172814028082545406E+02    0.477221708867959116E+00    0.205484249893933635E+01    0.116877890145626190E-01    0.155107080700834277E+01   -0.165259566459100005E+01   -0.601285354971876490E-01   -0.367024356690286169E+01   -0.166635627595806551E+00   -0.392773668236833448E-01   -0.199015808014835482E+00   -0.192768903553248050E+00   -0.108646339798347724E+01
    0.174344517376203642E-01    0.229749247882833618E+01    0.904465816503144809E-01   -0.170997272214939144E+02    0.479627783900667459E+00    0.204618456865054643E+01    0.117275025391884672E-01    0.149852073299389921E+01   -0.164338089435726320E+01   -0.928035018839929587E-01   -0.296232456446446024E+01   -0.199985449567180784E+00   -0.245961321506809362E-01   -0.237382744015078723E+00   -0.196748420270515062E+00   -0.110263018822674708E+01
    0.171261099984114998E-01    0.229318054699113860E+01    0.908661742013890106E-01   -0.171719966512248305E+02    0.472554993633284737E+00    0.203247773098003970E+01    0.116852465376179101E-01    0.152269472216408630E+01   -0.155627541935962865E+01   -0.710912708426054973E-01   -0.279955012531685821E+01   -0.194946309038019350E+00   -0.365473404060980278E-01   -0.242862222313959458E+00   -0.165397423225871976E+00   -0.108976938979509663E+01
    0.167962332251043699E-01    0.229207964898085015E+01    0.903592781300168735E-01   -0.172901478447894910E+02    0.485369408021843085E+00    0.205357604626309431E+01    0.116889907400997226E-01    0.152300216219153173E+01   -0.162381326846766894E+01   -0.595409737096724567E-01   -0.464097837944785674E+01   -0.190399575748206928E+00    0.309075830605919852E-01   -0.109522223323963233E+00   -0.180202081841530859E+00   -0.109517362109531269E+01
    0.164719179110091908E-01    0.229107497360599188E+01    0.905788594829574911E-01   -0.171627157629588822E+02    0.488560413067356814E+00    0.204999948975487323E+01    0.117226422935788662E-01    0.151896427469875839E+01   -0.171313126096759794E+01   -0.695635276491587823E-01   -0.368224984819347068E+01   -0.191373564664369722E+00   -0.273955225478568661E-01   -0.209314752780517754E+00   -0.196121858799070514E+00   -0.107562772625548497E+01
    0.161824127098884087E-01    0.228653891130253006E+01    0.904904305267850567E-01   -0.171151595430512273E+02    0.481550091603991703E+00    0.203042895437232662E+01    0.117212129742397565E-01    0.152280625098400479E+01   -0.155361135723014132E+01   -0.675909527377649422E-01   -0.250924578073681470E+01   -0.194325835640536237E+00   -0.216148398558299246E-01   -0.241980361496772600E+00   -0.138971026325813540E+00   -0.110172255013810805E+01
    0.158625933026394460E-01    0.228646151596498681E+01    0.902862291071667294E-01   -0.171887152744065865E+02    0.486185140451164788E+00    0.203366569243614403E+01    0.117098269675716179E-01    0.157061417263088177E+01   -0.163891688372454802E+01   -0.399762794256440304E-01   -0.355727443495656903E+01   -0.206785261026904643E+00   -0.335928407488577385E-01   -0.216996202751827433E+00   -0.166337842664599639E+00   -0.111024227665371167E+01
    0.156231254955242708E-01    0.227688450565907941E+01    0.901336101820820190E-01   -0.171368616062470025E+02    0.471310879588917986E+00    0.203692162784588993E+01    0.116927545174302389E-01    0.150064697352551590E+01   -0.162895038443967599E+01   -0.745830826679942799E-01   -0.389117060903413314E+01   -0.179075104800574703E+00   -0.204963041342004909E-01   -0.298581468134015982E+00   -0.199540998922854318E+00   -0.109208264923252951E+01
    0.153162092441340957E-01    0.227656555529342741E+01    0.917758396914051255E-01   -0.171723796888636784E+02    0.502207829391909000E+00    0.204446029794253059E+01    0.116740360029144504E-01    0.146501949056139580E+01   -0.153645077814483422E+01   -0.605195133983929615E-01   -0.211595062145324864E+01   -0.188525077390686580E+00   -0.159066573887985570E-01   -0.282463044932710849E+00   -0.165674269104920502E+00   -0.110638452003414800E+01
    0.150152327839489889E-01    0.227625853645431908E+01    0.906965213424061611E-01   -0.173050069614294308E+02    0.489056516247033557E+00    0.205877581369250784E+01    0.116865720573804208E-01    0.143619078189256499E+01   -0.166984759764317747E+01   -0.694578281103903350E-01   -0.323820502726275228E+01   -0.238334798542344045E+00    0.116141550830382995E-01   -0.285024782082834438E+00   -0.153505164694809265E+00   -0.111392325638941969E+01
    0.147182012062482860E-01    0.227621913559528588E+01    0.906884585639945867E-01   -0.172555489709956973E+02    0.473055452183271385E+00    0.203278929104572059E+01    0.116701253125849527E-01    0.149458386877375848E+01   -0.165820443374330040E+01   -0.679089149172259765E-01   -0.327433255349675312E+01   -0.192746035367739016E+00   -0.187219872195390769E-01   -0.246644960633911448E+00   -0.181859294271138949E+00   -0.107951764544059947E+01
    0.144275888710477512E-01    0.227610441109561945E+01    0.903882740307289934E-01   -0.173101949415146521E+02    0.497345362448409267E+00    0.205341039103677581E+01    0.116867209366816605E-01    0.154587188260476460E+01   -0.163354575363256993E+01   -0.606187723303125425E-01   -0.254536948578990474E+01   -0.191303757151988940E+00   -0.691382355094404683E-01   -0.275472067721546865E+00   -0.184440377392780436E+00   -0.110228869343855385E+01
    0.141790719888391197E-01    0.227085479816248803E+01    0.899816550298007251E-01   -0.169794446965961683E+02    0.485934020734650973E+00    0.203770945233177070E+01    0.116840474859230149E-01    0.150508460790938026E+01   -0.162365424525443358E+01   -0.693869698957436803E-01   -0.216453459150558825E+01   -0.187406519660073850E+00   -0.267915044404159614E-01   -0.276409459272302982E+00   -0.147293571443334659E+00   -0.109119524501732745E+01
    0.138997403539825436E-01    0.227064862515241961E+01    0.902363778851221071E-01   -0.170996201375928365E+02    0.476626996977801975E+00    0.202213642278446626E+01    0.117024823596069364E-01    0.153974894665179751E+01   -0.167406247010197240E+01   -0.727885266278376769E-01   -0.402683780995226837E+01   -0.195055656352389445E+00   -0.249963061224025146E-01   -0.204501627060403673E+00   -0.167325744313863739E+00   -0.110092761504311776E+01
    0.136255304842816082E-01    0.227049839710246948E+01    0.899458029664904624E-01   -0.171613636412704338E+02    0.514056153176317587E+00    0.203782031922132578E+01    0.117235024428495437E-01    0.150621565678897062E+01   -0.161181937298388700E+01   -0.707495238239589375E-01   -0.321374970559069739E+01   -0.216401227088369147E+00   -0.695089128626738550E-01   -0.118372098327156811E+00   -0.157959279281656845E+00   -0.109540282808415612E+01
    0.133804138243450721E-01    0.226680498034223676E+01    0.904191110012343424E-01   -0.171438398206259137E+02    0.478337055344266904E+00    0.203479163337908897E+01    0.116931855560995276E-01    0.152261576439535085E+01   -0.168364426671979239E+01   -0.642800433217980138E-01   -0.423502762664233057E+01   -0.199738705349717743E+00   -0.266038233868284985E-01   -0.306958787837920410E+00   -0.178410606541050398E+00   -0.110960515955395000E+01
    0.131186902432612520E-01    0.226631304691163171E+01    0.904667461503005643E-01   -0.171803171782880071E+02    0.477066348194500167E+00    0.203858381622254647E+01    0.116820893804155980E-01    0.152733996093269675E+01   -0.159441990548060941E+01   -0.608026191486996659E-01   -0.347703748059996576E+01   -0.196271419660558277E+00   -0.414844620851634316E-01   -0.211929755493095950E+00   -0.218461874355005997E+00   -0.109705314011488331E+01
    0.128609388425501951E-01    0.226599950392021077E+01    0.909572356755223438E-01   -0.172929023137583364E+02    0.479154173637542535E+00    0.201562664559323057E+01    0.116548383951812860E-01    0.153135305041991288E+01   -0.163001060020480804E+01   -0.682560246066664794E-01   -0.323667565024197756E+01   -0.200572657924828618E+00   -0.275824890765190879E-01   -0.219566680523892499E+00   -0.171239011254989665E+00   -0.109036543690757970E+01
    0.126101624896804900E-01    0.226538287459080490E+01    0.904440071434598342E-01   -0.172966533488374381E+02    0.512701612035426302E+00    0.204678532423437254E+01    0.116964765211524484E-01    0.152239804717978511E+01   -0.160300605831752008E+01   -0.717437014038616871E-01   -0.379406093565264158E+01   -0.181426953024837689E+00   -0.270751743301923878E-01   -0.135570305537204339E+00   -0.222247521810267107E+00   -0.109332601111019723E+01
    0.123711391145540656E-01    0.226365640787275124E+01    0.912052912461037285E-01   -0.170988274906625541E+02    0.503122799192926573E+00    0.205402687680712459E+01    0.116759975171069723E-01    0.149916321369922212E+01   -0.162343130701865457E+01   -0.618721668048376611E-01   -0.315760029498879602E+01   -0.193529698062365946E+00   -0.437204412710144596E-01   -0.270907653596979991E+00   -0.190548658571512153E+00   -0.110110505526932800E+01
    0.121378589891925955E-01    0.226173012584850053E+01    0.899169184145103967E-01   -0.172033132744236070E+02    0.493848384753135694E+00    0.206246678388676141E+01    0.116968754938610500E-01    0.151509702246527889E+01   -0.163396989758622557E+01   -0.877292394830542083E-01   -0.369976322783419009E+01   -0.201912796153749269E+00   -0.489742566926194556E-01   -0.209265153197815634E+00   -0.190320323928994395E+00   -0.107023464898806808E+01
    0.118977768929485837E-01    0.226168581204427044E+01    0.902117239918826808E-01   -0.171141414954260966E+02    0.483815548046139465E+00    0.205594878032205752E+01    0.116625811220356437E-01    0.147587046760743634E+01   -0.165093014433939067E+01   -0.721134463236244444E-01   -0.427218673693156337E+01   -0.207491161958226922E+00   -0.430613387226022742E-01   -0.217647377421323313E+00   -0.155389825603747200E+00   -0.111279835638026725E+01
    0.116636168298014133E-01    0.226144029782136169E+01    0.906748820023846741E-01   -0.171074409694339096E+02    0.507873189889624710E+00    0.204428036797664703E+01    0.117420863904581594E-01    0.150273255848754039E+01   -0.164396155239458097E+01   -0.641978523686940195E-01   -0.362694670983697076E+01   -0.207432543613622428E+00   -0.667732762536203533E-01   -0.214356714364492745E+00   -0.152056226507963937E+00   -0.109945359988987401E+01
    0.114521840262678479E-01    0.225802803301154542E+01    0.905114514708254686E-01   -0.171296931160181245E+02    0.483064553297869237E+00    0.204951144369433313E+01    0.116825067714272559E-01    0.149060022266139836E+01   -0.164642464083420159E+01   -0.627243505426138687E-01   -0.326426059332291985E+01   -0.180735934538985066E+00   -0.331209341248113118E-01   -0.295029496046477768E+00   -0.158070989915836929E+00   -0.110577994053155759E+01
    0.112381563778427458E-01    0.225575933056026612E+01    0.903403117463756067E-01   -0.172133540298902297E+02    0.487903074712544682E+00    0.204310197247202563E+01    0.116912457922570875E-01    0.153323254689219701E+01   -0.166995088696329685E+01   -0.518366883438844059E-01   -0.379123633215184253E+01   -0.221570158777518428E+00   -0.608881831733178516E-01   -0.174072647660883373E+00   -0.143511801070156625E+00   -0.110000305973229118E+01
    0.110207010955161964E-01    0.225483810196985113E+01    0.902676896978235749E-01   -0.172732444608423599E+02    0.482535714516927783E+00    0.204860204577965499E+01    0.116689869213022646E-01    0.144079879410222134E+01   -0.160494865120095054E+01   -0.866315474025249610E-01   -0.271139425725546879E+01   -0.224129577840849942E+00   -0.390693644624423991E-01   -0.183527488534100558E+00   -0.192196257657439196E+00   -0.110641240202745372E+01
    0.108050331951424078E-01    0.225436482162534713E+01    0.909388491046277531E-01   -0.171275710640334644E+02    0.496281384214088517E+00    0.205676383570873123E+01    0.117215644730987393E-01    0.144761093240734606E+01   -0.163510150974630175E+01   -0.709062422684632737E-01   -0.301603208139990375E+01   -0.183087912885549847E+00    0.163754767963425127E-01   -0.150642910075772157E+00   -0.190089128294386817E+00   -0.108889973250478111E+01
    0.105953866063628385E-01    0.225355158480766438E+01    0.902915917077656283E-01   -0.172199537848864672E+02    0.505347157360176436E+00    0.203762657005379033E+01    0.117045988486781834E-01    0.151459564770411670E+01   -0.166761657480828940E+01   -0.603057331462263438E-01   -0.401680746398914401E+01   -0.191173266854269719E+00   -0.224977150841908502E-01   -0.237516590016726037E+00   -0.164332768143615027E+00   -0.107495278486191759E+01
    0.103980247304087583E-01    0.225115722925758055E+01    0.902616959577621364E-01   -0.173179537430029171E+02    0.502781063364280967E+00    0.201522060978464124E+01    0.116760658739231953E-01    0.149165933698227948E+01   -0.157495353071266231E+01   -0.555257339713776318E-01   -0.329948440304923007E+01   -0.163646852639381835E+00   -0.225122115990390448E-01   -0.173635836136057597E+00   -0.178253500454545438E+00   -0.110182345545990890E+01
    0.102025751877223327E-01    0.224910863031810093E+01    0.902762695204954169E-01   -0.171342296501740776E+02    0.490358779468577255E+00    0.203227299900292913E+01    0.116561364892194437E-01    0.153562625022045318E+01   -0.155274212541410739E+01   -0.832790347335588266E-01   -0.327222922321032250E+01   -0.214069126367656293E+00   -0.540091916016185933E-01   -0.144631238500591119E+00   -0.153258076941930360E+00   -0.109091364719953998E+01
    0.100084674229077505E-01    0.224752599193596270E+01    0.904170256072115430E-01   -0.170896574690037575E+02    0.502632451271107339E+00    0.203492457069282917E+01    0.117324424494262159E-01    0.149439454037313113E+01   -0.164704177192504964E+01   -0.751449873733203016E-01   -0.388012512499888951E+01   -0.202301378710561058E+00   -0.479821648836515832E-02   -0.164818191765185140E+00   -0.140513698034176154E+00   -0.109217921133280194E+01
    0.981151477732385841E-02    0.224727559951975131E+01    0.903000164160616819E-01   -0.172427573415976454E+02    0.498296552249572866E+00    0.205044297858078517E+01    0.116907247403039271E-01    0.149622853237315145E+01   -0.161410457121090478E+01   -0.796681451200310781E-01   -0.323543734681289319E+01   -0.177228850911542807E+00   -0.575577743764872640E-01   -0.222438277985371191E+00   -0.175374769702834415E+00   -0.107960426774782303E+01
    0.961819068627634867E-02    0.224707660865954040E+01    0.900237987836455394E-01   -0.171257785345846223E+02    0.481698085339262116E+00    0.202592868591443320E+01    0.116870538653902224E-01    0.149610095052221670E+01   -0.158876455419661999E+01   -0.626395481581707853E-01   -0.350691081149915629E+01   -0.202289256962071534E+00   -0.126980722333573104E-01   -0.205312040674053897E+00   -0.208537931621152695E+00   -0.109759573938998578E+01
    0.942924963594903541E-02    0.224675590299816808E+01    0.902352717967673384E-01   -0.172073053827699169E+02    0.499069893779338192E+00    0.203747478922168623E+01    0.116988721328961272E-01    0.153484082316852533E+01   -0.168693622863494319E+01   -0.649799087018406302E-01   -0.311091239126005448E+01   -0.209639473768559154E+00   -0.486367170048496583E-01   -0.181797817681442653E+00   -0.190337692696885802E+00   -0.110234766922662542E+01
    0.924401749836221628E-02    0.224643577523151006E+01    0.906129810060262997E-01   -0.171067098649516538E+02    0.490776116257009454E+00    0.205684604163313667E+01    0.116842692246048926E-01    0.154095490558740456E+01   -0.161816925519693644E+01   -0.875062055140926054E-01   -0.238928488480916723E+01   -0.213375394860170736E+00   -0.448225839324657913E-01   -0.263167986829197731E+00   -0.194767950529018102E+00   -0.109567797631849406E+01
    0.906791660002262932E-02    0.224490387508037781E+01    0.906265485830209799E-01   -0.170329284496987583E+02    0.500460381469031157E+00    0.205253883226634493E+01    0.116857780586627543E-01    0.157793892347651155E+01   -0.160110201980932554E+01   -0.525209136728163328E-01   -0.335389481861039052E+01   -0.191738324728043058E+00   -0.229271712009142120E-01   -0.218057969352469377E+00   -0.167391168307510052E+00   -0.109160252996785845E+01
    0.889898615916248983E-02    0.224251423484061041E+01    0.907889627028166252E-01   -0.171747158283959216E+02    0.490930668657995228E+00    0.202903743527890201E+01    0.116777345087525422E-01    0.152264247684832910E+01   -0.162557708303323523E+01   -0.547606486712790830E-01   -0.361986481044130626E+01   -0.202314504065656181E+00   -0.678524562046863011E-01   -0.246933403585847255E+00   -0.170239750730464934E+00   -0.110424359570944630E+01
    0.872363194418705745E-02    0.224231762880421615E+01    0.899882472568611230E-01   -0.171005293337429656E+02    0.493324844539459462E+00    0.202739681790165927E+01    0.116539120290446267E-01    0.147506644057795611E+01   -0.166637420125906366E+01   -0.656757395681014794E-01   -0.334334961765102312E+01   -0.190120646655099840E+00   -0.521607999817970264E-01   -0.182220342155934772E+00   -0.177400667266169293E+00   -0.108294134529668939E+01
    0.855483006398044185E-02    0.224139685952684831E+01    0.906131564004796219E-01   -0.172446858248185002E+02    0.495097647624329174E+00    0.205677108520250229E+01    0.116872483773351760E-01    0.153986333362288286E+01   -0.167261144818997365E+01   -0.636301413555465933E-01   -0.435496788241450083E+01   -0.190866586626074142E+00   -0.345273235381137328E-01   -0.170816845247703575E+00   -0.202844221323019352E+00   -0.109129541027376509E+01
    0.839881657926035835E-02    0.223820732093180963E+01    0.905808380505290223E-01   -0.171749669015384754E+02    0.501293022598486626E+00    0.203393140218734247E+01    0.117088609754941071E-01    0.143435810866154267E+01   -0.161116088816213665E+01   -0.649754336416522305E-01   -0.389800037957158629E+01   -0.186853679462678279E+00   -0.309838167985075699E-01   -0.165430744758963577E+00   -0.166247318589402698E+00   -0.109321295140603891E+01
    0.823556019395228420E-02    0.223746617134399139E+01    0.903187558867084711E-01   -0.171430050178108253E+02    0.488341211447226364E+00    0.204566682244977205E+01    0.116871149634707894E-01    0.150506410860914874E+01   -0.165437315299154553E+01   -0.737297026474135198E-01   -0.340729108987963691E+01   -0.195351962587302114E+00   -0.255633444325316823E-01   -0.135553951337462258E+00   -0.155023805411367926E+00   -0.112164329076093572E+01
    0.807616322835282875E-02    0.223655512237583576E+01    0.902311494423641558E-01   -0.172139906382657841E+02    0.507762074290324716E+00    0.205061497864314690E+01    0.117000099139206223E-01    0.151775208776942394E+01   -0.163843254483230938E+01   -0.678489171830502086E-01   -0.404397243636829185E+01   -0.189306964105693865E+00   -0.708655303069532366E-02   -0.206907771910668614E+00   -0.150965754619326098E+00   -0.111082455904796906E+01
    0.791748845093000024E-02    0.223624086443107561E+01    0.908674622574626722E-01   -0.172074025458733182E+02    0.494782412250742043E+00    0.203222268653115412E+01    0.116633250170122289E-01    0.150074167517947865E+01   -0.164629035023080217E+01   -0.656074435491834085E-01   -0.435549304501657009E+01   -0.207974621188665332E+00   -0.177988043445497651E-02   -0.169717569419224279E+00   -0.195881759085695772E+00   -0.107315648974349043E+01
    0.776098270366963779E-02    0.223617101944124474E+01    0.896845628281914831E-01   -0.171348285238589284E+02    0.505407512914256341E+00    0.205159847901758186E+01    0.117081082972191365E-01    0.148472208502817193E+01   -0.162645681956331756E+01   -0.538202920788102210E-01   -0.389115315390342742E+01   -0.193296078058117077E+00   -0.561487211666762132E-01   -0.262414245811943059E+00   -0.189318419902437696E+00   -0.108306248019911777E+01
    0.760814339827660651E-02    0.223595059909881089E+01    0.903735468579987405E-01   -0.171294176437916477E+02    0.503020129837679408E+00    0.204091704260094620E+01    0.117179500366745865E-01    0.152353043307174407E+01   -0.170368349064899927E+01   -0.604301759592104706E-01   -0.317112429748886715E+01   -0.173644378386487580E+00   -0.422689653562362891E-01   -0.138508842512034186E+00   -0.177886890525623120E+00   -0.108022327403401341E+01
    0.745799802464020608E-02    0.223581491215347850E+01    0.899457358235504073E-01   -0.171119529714975585E+02    0.485149956724753972E+00    0.205685006505333323E+01    0.116805619242930855E-01    0.153890886716457587E+01   -0.164675311733886476E+01   -0.565249194104264427E-01   -0.341464089243539082E+01   -0.227820534131944086E+00   -0.155901926489773121E-01   -0.105246185360153358E+00   -0.188570728451741360E+00   -0.110498935027569511E+01
    0.731378265752620233E-02    0.223486773927048699E+01    0.901851101662256571E-01   -0.171511369585331686E+02    0.487297092594165149E+00    0.202589628130957422E+01    0.116785847246749959E-01    0.149041814795221561E+01   -0.160469067613144145E+01   -0.778403945481061510E-01   -0.280971610150054785E+01   -0.206334116614548452E+00   -0.563494369712684712E-01   -0.179789499302051820E+00   -0.176091616915600796E+00   -0.109377644929258500E+01
    0.717549248074981268E-02    0.223304615049315958E+01    0.905292009366459038E-01   -0.170845153014486648E+02    0.497714919613348072E+00    0.202712163614794827E+01    0.116796995260559887E-01    0.150873947136108266E+01   -0.164408109034249716E+01   -0.511982542803409227E-01   -0.372190375670513518E+01   -0.190799350146616087E+00   -0.378766005095673985E-01   -0.252552094771825331E+00   -0.159280113567632553E+00   -0.108075129769960476E+01
    0.703420537779513976E-02    0.223281948295286581E+01    0.902318784440469396E-01   -0.171989585923550123E+02    0.505020994973139570E+00    0.204535216577351076E+01    0.116998485285121738E-01    0.155455090195196965E+01   -0.158659408496371301E+01   -0.787135654543633795E-01   -0.337798888616440607E+01   -0.219234839102421808E+00   -0.470406500595891772E-02   -0.198063664038268999E+00   -0.146220851608144103E+00   -0.109221289124280441E+01
    0.689591212512325087E-02    0.223253136513028450E+01    0.901964510219608329E-01   -0.170937512618327965E+02    0.497422530361535220E+00    0.202759226546605476E+01    0.117149237656432280E-01    0.148835643476466806E+01   -0.163338543155249893E+01   -0.584295976547618626E-01   -0.390080470131935675E+01   -0.204369669081324729E+00   -0.469843693512812799E-01   -0.283922332024743485E+00   -0.166850111774346860E+00   -0.107865134035710541E+01
    0.676068928350590220E-02    0.223213924619265258E+01    0.900079068351461453E-01   -0.171034038817286103E+02    0.498679750916663944E+00    0.204877410207422139E+01    0.117127230301014712E-01    0.154734109110731466E+01   -0.164263084072850729E+01   -0.482502858056492456E-01   -0.339825397717211741E+01   -0.189941362252026430E+00   -0.482472630762720012E-01   -0.179427274751723931E+00   -0.161038134558724233E+00   -0.109971942246622101E+01
    0.662977778458354473E-02    0.223124637197355469E+01    0.897663086751178396E-01   -0.170738659613901973E+02    0.487011357810545387E+00    0.204581718748740959E+01    0.116942136257046081E-01    0.151391356581846837E+01   -0.165573322928271627E+01   -0.700837470314002037E-01   -0.389889161629224157E+01   -0.197620639169796303E+00   -0.215080044344090129E-01   -0.257431595690273241E+00   -0.161595030631009745E+00   -0.108068409037754232E+01
    0.650189743748889708E-02    0.223020085041161398E+01    0.896596048876615315E-01   -0.171268750003865478E+02    0.497813421095523845E+00    0.204445241003372091E+01    0.117001539479767176E-01    0.150499985701258376E+01   -0.170187040329578854E+01   -0.608413489505045327E-01   -0.342060104042280466E+01   -0.206435569812768838E+00   -0.260299375688070878E-01   -0.173586767750340182E+00   -0.142609498092538090E+00   -0.108531300558637556E+01
    0.637368786119650067E-02    0.223003245760794711E+01    0.906093837085358844E-01   -0.172296496408751842E+02    0.505638546084341556E+00    0.205433734724567696E+01    0.116972691239598317E-01    0.155100233895261930E+01   -0.173072101586310279E+01   -0.611302981052571220E-01   -0.319826321850881756E+01   -0.216328875795479381E+00   -0.390841628514393691E-01   -0.294005052731643346E+00   -0.225902558014997590E+00   -0.110489052902767537E+01
    0.644410072563895726E-02    0.220792542215978616E+01    0.897776514751367355E-01   -0.171995385125787159E+02    0.500071846534950515E+00    0.203192816507113339E+01    0.116698623050971815E-01    0.152096264486863575E+01   -0.163615002742697979E+01   -0.503532393958906060E-01   -0.329437953250747917E+01   -0.182427547414722641E+00   -0.695832845555375418E-02   -0.182974983479206210E+00   -0.153711658213405683E+00   -0.110492150228738439E+01
    0.641063358938222510E-02    0.221833939449151218E+01    0.905723296239629438E-01   -0.172066822507993784E+02    0.496916087668842321E+00    0.204204608308574764E+01    0.116674781234303131E-01    0.154742233129968287E+01   -0.166672396769844022E+01   -0.645345944314358322E-01   -0.416088915578628793E+01   -0.195320200587771720E+00   -0.118157406844728100E-01   -0.177418347330720150E+00   -0.210618314065642798E+00   -0.109985992899071450E+01
    0.642895012046803931E-02    0.221263312116519861E+01    0.908374511168665438E-01   -0.170589555722516195E+02    0.506130823124364970E+00    0.203635491475910602E+01    0.117051014546407095E-01    0.150904089459853363E+01   -0.159435653482280104E+01   -0.910044590362054234E-01   -0.379402623711616593E+01   -0.212949596069967911E+00   -0.265883716587988414E-01   -0.186782368951416644E+00   -0.177307010436634438E+00   -0.108125881722239248E+01
    0.643689194156210620E-02    0.221016400268403723E+01    0.901627311545307453E-01   -0.171089510698492369E+02    0.498339337736140531E+00    0.203298059117752450E+01    0.116896178241060796E-01    0.149134988841372929E+01   -0.155975667602957091E+01   -0.591922054806971604E-01   -0.325685583435973802E+01   -0.223026626512327214E+00   -0.102143370111009851E-01   -0.227605812479327291E+00   -0.162755621475544343E+00   -0.109758950947061118E+01
    0.650085341592072322E-02    0.219038868830151623E+01    0.902675642535336470E-01   -0.171016230878266988E+02    0.507548856336702103E+00    0.205681029306015128E+01    0.116944411102165458E-01    0.154434123985676464E+01   -0.162980144471228550E+01   -0.864152708352356469E-01   -0.376089238529553738E+01   -0.182261636459752574E+00   -0.512163694795496477E-01   -0.149237788050675335E+00   -0.217580411871422463E+00   -0.110560531403383466E+01
    0.639304969444202866E-02    0.222383278435607057E+01    0.905663580067483515E-01   -0.172253717675248943E+02    0.500995236024254886E+00    0.205146799155550763E+01    0.116879740701678388E-01    0.150793600530326732E+01   -0.163424815877039697E+01   -0.745348161527981529E-01   -0.387854308559905103E+01   -0.196277804997709887E+00   -0.856066410497915015E-01   -0.288165934200272589E+00   -0.127970738332628037E+00   -0.111610829357807284E+01
    0.650848683194223381E-02    0.218804163095591253E+01    0.901069363034576742E-01   -0.172262265215914994E+02    0.518884518272804796E+00    0.204478411357616796E+01    0.116796184214785510E-01    0.152251627383413379E+01   -0.162116539191116593E+01   -0.604266620178531416E-01   -0.318069655851568811E+01   -0.202315749939025152E+00   -0.578997470355051280E-03   -0.202967331654904021E+00   -0.189451164861861643E+00   -0.109764688236930219E+01
    0.641594293252973485E-02    0.221668366244432757E+01    0.906696193368446979E-01   -0.170894954537121357E+02    0.501432008909031168E+00    0.204442293554356569E+01    0.116997161195367561E-01    0.157884778760053823E+01   -0.163909774867141000E+01   -0.844244959978270315E-01   -0.430740154666786967E+01   -0.203560699018009300E+00   -0.182176670117325488E-01   -0.233541816709182587E+00   -0.190754336541445885E+00   -0.109091180265103538E+01
    0.641538802967128036E-02    0.221685664617000233E+01    0.899999812480829220E-01   -0.170881751546789218E+02    0.499280988820142824E+00    0.205243562887832809E+01    0.117066982430841567E-01    0.146319495207267702E+01   -0.169803319168533795E+01   -0.789204190621839025E-01   -0.468729639784878582E+01   -0.217659972778623423E+00   -0.925752330459014838E-02   -0.161061063730674081E+00   -0.198547296202022744E+00   -0.109431052012849395E+01
    0.641002316304479462E-02    0.221852984537080111E+01    0.900468572353192998E-01   -0.170721923520814620E+02    0.494218298855257865E+00    0.205905122717621403E+01    0.116916386597809754E-01    0.153203315018456987E+01   -0.162636643648428691E+01   -0.565723947138824027E-01   -0.330942529398306950E+01   -0.202859350669880006E+00   -0.389965421112745680E-01   -0.217531964920520737E+00   -0.151988424696967633E+00   -0.109395270505832976E+01
    0.648541646416058316E-02    0.219514354375229592E+01    0.900770626190166290E-01   -0.171794839815241538E+02    0.504125926030069338E+00    0.204304965019297269E+01    0.116569196057990775E-01    0.153475485544577306E+01   -0.167703370950234576E+01   -0.546212914475476125E-01   -0.369477546758005948E+01   -0.189547798541720824E+00   -0.426558505403481364E-01   -0.246098433102762193E+00   -0.193619670637666386E+00   -0.106210789095505764E+01
    0.639482345298176495E-02    0.222327795916171089E+01    0.907662845976918847E-01   -0.171499450820138577E+02    0.508969392606477999E+00    0.204166024294652138E+01    0.116550881646898166E-01    0.151337132084822668E+01   -0.164955479398089477E+01   -0.715639416675427215E-01   -0.408662629512679043E+01   -0.215027926581632778E+00   -0.182053474467743608E-01   -0.203148911505971475E+00   -0.163231550600366399E+00   -0.110505198930440751E+01
    0.644911707633628872E-02    0.220636914628591319E+01    0.901441884037420538E-01   -0.172033705212413075E+02    0.522205626006209456E+00    0.205554067224099990E+01    0.116988143394793232E-01    0.154133106263151887E+01   -0.159649867663145995E+01   -0.537248251975434299E-01   -0.337352534991518027E+01   -0.190287204765681922E+00   -0.263187162468858059E-01   -0.959385072076655021E-01   -0.140448847180891623E+00   -0.109798358781280392E+01
    0.637337672416249130E-02    0.222999676014904002E+01    0.898278062018523504E-01   -0.171300426515072175E+02    0.504073037651032063E+00    0.203147663169681802E+01    0.117081992350710692E-01    0.145937102822276499E+01   -0.166696764635315753E+01   -0.621211116326881307E-01   -0.472468749934447718E+01   -0.185861949757211237E+00   -0.209543583166902844E-01   -0.189578345755734567E+00   -0.157711315748306546E+00   -0.111248929593072332E+01
    0.660358729595489271E-02    0.215902955225445270E+01    0.904918510227730039E-01   -0.170600704145264253E+02    0.522245717879007976E+00    0.204058551140067346E+01    0.116912364636489879E-01    0.154286574356472839E+01   -0.160618722026798255E+01   -0.598718196727572108E-01   -0.380051042276530415E+01   -0.203448922612984390E+00   -0.521538337164172902E-01   -0.284692881028520639E+00   -0.193395649796076347E+00   -0.107134904651403073E+01
    0.642372810647137780E-02    0.221425831217731339E+01    0.908188312984530843E-01   -0.171860318397451479E+02    0.510173773416785825E+00    0.203987933127289001E+01    0.116505582265623870E-01    0.154305178285909861E+01   -0.162512322046109703E+01   -0.626302982685060655E-01   -0.312086418855609926E+01   -0.186220341726373223E+00   -0.161556495587162445E-01   -0.196409220314913396E+00   -0.157841989867538446E+00   -0.107374789550362437E+01
    0.656812662516161397E-02    0.216979831224339614E+01    0.902860365576602375E-01   -0.171316834062476282E+02    0.516622084546080496E+00    0.202726401700952330E+01    0.116887111836915421E-01    0.148065122316383868E+01   -0.163282785414837250E+01   -0.596857265589134933E-01   -0.306643713775766535E+01   -0.210708960149566554E+00   -0.202836393715461992E-01   -0.238698470537170110E+00   -0.189762685115157009E+00   -0.107702436594833983E+01
    0.639974087273052425E-02    0.222174061256179511E+01    0.906953966343189144E-01   -0.172123065688624521E+02    0.498908116235205201E+00    0.205506918795455507E+01    0.116847631634717786E-01    0.153233305484356741E+01   -0.160321853218420896E+01   -0.703952559698101527E-01   -0.334450226285053098E+01   -0.205806510785623564E+00   -0.144230237842468932E-01   -0.226507792976979150E+00   -0.134642546316557421E+00   -0.108268974347366553E+01
    0.639759774643326642E-02    0.222241047881479448E+01    0.902593164713811486E-01   -0.172659476574411457E+02    0.514719279456161249E+00    0.206086038154514029E+01    0.116860206527873208E-01    0.155609517009402709E+01   -0.163610002709091762E+01   -0.723759841625994244E-01   -0.392762720139198551E+01   -0.205014112507999113E+00   -0.528356548206976862E-01   -0.221157955383888133E+00   -0.166952174761548333E+00   -0.112477523295331094E+01
    0.650077153867763529E-02    0.219041387815074629E+01    0.905665643380818008E-01   -0.171183583913692949E+02    0.509508096361432572E+00    0.202753102266006691E+01    0.116936985513928973E-01    0.149006929084999706E+01   -0.167361679091505988E+01   -0.744060925865028672E-01   -0.314038422109100335E+01   -0.195921639401431147E+00   -0.341540497738407611E-01   -0.127313163746819558E+00   -0.206100290762897764E+00   -0.109380807853548534E+01
    0.641715405865729387E-02    0.221630616163310989E+01    0.903472115760272781E-01   -0.171286954520536447E+02    0.497318880967868582E+00    0.201698447729884744E+01    0.116782570593127796E-01    0.150675677185864387E+01   -0.167959016919171189E+01   -0.767422391474682636E-01   -0.346313626112503803E+01   -0.185844957859983645E+00    0.810435107764439361E-02   -0.227972928172505307E+00   -0.163832525150356345E+00   -0.111805357022816199E+01
    0.641316992224056671E-02    0.221754826169253727E+01    0.906863158987880474E-01   -0.171181378592938991E+02    0.501560244364768759E+00    0.201189065138163103E+01    0.117035201621122839E-01    0.155004651280410743E+01   -0.165653209804115664E+01   -0.796105422962143927E-01   -0.365050388190558417E+01   -0.200093479615358699E+00   -0.289692483434316195E-01   -0.169220339998678471E+00   -0.175497746104349706E+00   -0.108209015021742938E+01
    0.639001411475279696E-02    0.222478265984495183E+01    0.906650445666907778E-01   -0.173526622177776346E+02    0.521321555887412247E+00    0.206206105790632455E+01    0.116767513114635537E-01    0.150340617191033532E+01   -0.163017079736278148E+01   -0.743518233944333029E-01   -0.352778947915588503E+01   -0.219700532366710055E+00   -0.682738182193004389E-01   -0.217007297788152476E+00   -0.183562807662725147E+00   -0.112003532870364109E+01
    0.649384956667397803E-02    0.219254459750061814E+01    0.902542289155096461E-01   -0.171678112487426731E+02    0.508684753187143013E+00    0.204495681956191966E+01    0.116863992164969403E-01    0.153801798070530849E+01   -0.161634502789972490E+01   -0.718490538874743678E-01   -0.335777668846803179E+01   -0.211925998162636409E+00   -0.707572573276859518E-01   -0.282649379676006729E+00   -0.167498818978822878E+00   -0.107864515625376223E+01
    0.649337156982705832E-02    0.219269181816995529E+01    0.899585813417912994E-01   -0.170968845204178734E+02    0.503724667093163547E+00    0.206625315038607438E+01    0.116822047206926252E-01    0.155053645782744520E+01   -0.167404586826293289E+01   -0.685309261568514266E-01   -0.250471890235602457E+01   -0.213582994870529952E+00   -0.572984906874789007E-01   -0.214291451559647572E+00   -0.154558043876144746E+00   -0.109635863324548799E+01
    0.643317617870139274E-02    0.221131885685551044E+01    0.901994085516990840E-01   -0.171660646377820711E+02    0.497092230900810672E+00    0.205199924430194347E+01    0.116703696979670590E-01    0.151492068589880446E+01   -0.157782882848004768E+01   -0.732256915115756524E-01   -0.323919183548814171E+01   -0.173624484690825698E+00   -0.453054926908222078E-01   -0.132385132726879129E+00   -0.182386482504896502E+00   -0.111857871136706954E+01
    0.656853292773431924E-02    0.216967459659979589E+01    0.902754845361149194E-01   -0.171151101884828378E+02    0.515472031150289389E+00    0.203636900255231179E+01    0.116820751288183883E-01    0.150613423223788456E+01   -0.158193230670115303E+01   -0.677675350136219962E-01   -0.323735025345691962E+01   -0.189150573910037229E+00   -0.451359794196243835E-01   -0.141747966842249801E+00   -0.155283890174928829E+00   -0.110442879628191082E+01
    0.640481107531996972E-02    0.222015673742895103E+01    0.905163019770826582E-01   -0.170820762662707537E+02    0.500260829499417525E+00    0.205768862463202673E+01    0.117113208051334312E-01    0.153967470149233665E+01   -0.166987344814112171E+01   -0.784180673262785954E-01   -0.490241017872014329E+01   -0.210858619552741933E+00   -0.193069128684491345E-01   -0.218528437788493957E+00   -0.231012536205971231E+00   -0.108083225539450622E+01
    0.638068064702084284E-02    0.222770606207728550E+01    0.905500397378543181E-01   -0.171599216423923266E+02    0.505940334465719843E+00    0.204308586060248754E+01    0.117120409393103378E-01    0.151721923556471272E+01   -0.162521623300274931E+01   -0.878945280488508951E-01   -0.388343663700270136E+01   -0.181827610131697820E+00   -0.289041998106861001E-01   -0.239644577374237083E+00   -0.134454573161816082E+00   -0.108890091787941468E+01
    0.641603131073134169E-02    0.221665611307431387E+01    0.902691035587971091E-01   -0.172054003288626696E+02    0.497207922102398836E+00    0.203860201665078655E+01    0.116764383683876354E-01    0.149946239722446384E+01   -0.168684616253179676E+01   -0.836450653692799029E-01   -0.282953384198098412E+01   -0.189947081412217528E+00   -0.607129431923198598E-01   -0.214225925749217339E+00   -0.137770266869012392E+00   -0.108115642654290145E+01
    0.650074152068593186E-02    0.219042311338100415E+01    0.898861224983814738E-01   -0.171232923383363378E+02    0.511968513837022243E+00    0.204963086036582132E+01    0.116971970280517704E-01    0.155292228571710056E+01   -0.162017528819635670E+01   -0.656924535258278097E-01   -0.384835504825342234E+01   -0.225112362761117263E+00   -0.142039228791574143E-01   -0.312202474722557466E+00   -0.194465611646537584E+00   -0.109331704956817100E+01
    0.637507757151126783E-02    0.222946309628064565E+01    0.902726370103060644E-01   -0.171936626699007213E+02    0.494078137986647348E+00    0.204051194082704956E+01    0.116854733023017878E-01    0.150671121453166745E+01   -0.160672970114229763E+01   -0.489101453116867202E-01   -0.283212268909380427E+01   -0.191724734162365490E+00   -0.289952632337483231E-01   -0.266774685141230594E+00   -0.188073958965185084E+00   -0.108906616878950246E+01
    0.664762289271906767E-02    0.214573695233734973E+01    0.900881450730600525E-01   -0.170855990202576713E+02    0.528135144710826010E+00    0.205352443557707831E+01    0.116688999969066214E-01    0.151576134820523634E+01   -0.159569401139985079E+01   -0.724021654384983393E-01   -0.405833814732415643E+01   -0.197362218928010758E+00   -0.281208992257071522E-01   -0.211503180267794993E+00   -0.208609333831301508E+00   -0.110652748228706121E+01
    0.641219786527034638E-02    0.221785142866230789E+01    0.908818765206204221E-01   -0.173070681959398769E+02    0.502564207955146003E+00    0.207691715142840216E+01    0.116694425135464037E-01    0.152366352775538449E+01   -0.163678134572207212E+01   -0.812174428120708836E-01   -0.429326681759021156E+01   -0.227584817526825134E+00    0.337742384729190145E-01   -0.167109416709760150E+00   -0.169293207306316668E+00   -0.110951074823604490E+01
    0.642428792405803049E-02    0.221408402298412677E+01    0.906187398940971334E-01   -0.170991100285363977E+02    0.502289572907198112E+00    0.203743491283258082E+01    0.117052193942219062E-01    0.151309112347342567E+01   -0.154963879225494927E+01   -0.613764502307951598E-01   -0.445064734196814094E+01   -0.192394392913361273E+00   -0.527645979798269660E-01   -0.305605385175969579E+00   -0.167903029798739917E+00   -0.108281016101925021E+01
    0.643325469383140142E-02    0.221129444755947890E+01    0.903404512921356095E-01   -0.171342666299741389E+02    0.499095134520903150E+00    0.202268583511763156E+01    0.116769704789780777E-01    0.147982292901909229E+01   -0.164408946521205790E+01   -0.558232364786469953E-01   -0.334523741805979880E+01   -0.200552673842384593E+00   -0.274676380627399512E-01   -0.270756203628156833E+00   -0.192694506901717855E+00   -0.111794666360713801E+01
    0.640699608067127942E-02    0.221947455252064252E+01    0.904473109362517597E-01   -0.171026067098610426E+02    0.501830170089203165E+00    0.203164387968152127E+01    0.117119226907507375E-01    0.153392491647544360E+01   -0.167942566643997782E+01   -0.639492943365814887E-01   -0.257642458245032469E+01   -0.199884901605570292E+00   -0.516927606551525337E-01   -0.225642125524085635E+00   -0.191802330797886528E+00   -0.109325642196082495E+01
    0.651642377065858678E-02    0.218560416633418253E+01    0.909085286401876136E-01   -0.172030232769955695E+02    0.518331366284130568E+00    0.204610190634648159E+01    0.116968166216418878E-01    0.148860456741058167E+01   -0.164143886716815457E+01   -0.670770313793685180E-01   -0.314387792914559761E+01   -0.189741628400108164E+00   -0.747882399381289420E-01   -0.232475902133384565E+00   -0.237584637499062001E+00   -0.109970304357728965E+01
    0.644252785374400342E-02    0.220841364043753741E+01    0.897161396894061436E-01   -0.171230927338014141E+02    0.499532779522465331E+00    0.204166099653105304E+01    0.116890493092569915E-01    0.154234621009214168E+01   -0.166287268477418237E+01   -0.736539402593741066E-01   -0.356781398865535948E+01   -0.204760605378477678E+00   -0.533523500342025919E-01   -0.291774167447991783E+00   -0.180988434048444641E+00   -0.109491380720146880E+01
    0.648621042262175276E-02    0.219489871448944829E+01    0.908079362806784585E-01   -0.172271956891969573E+02    0.528520813763930342E+00    0.205657471872020148E+01    0.117061952037360514E-01    0.153814957433605914E+01   -0.154418128642325070E+01   -0.576100465438793147E-01   -0.351355992303194187E+01   -0.219456313362859534E+00   -0.411512945237417216E-01   -0.207566186332787506E+00   -0.204500725784239973E+00   -0.112080750245187843E+01
    0.651926648199466652E-02    0.218473188068576851E+01    0.900935233468063562E-01   -0.171446047802185291E+02    0.509639337792695324E+00    0.202840703310575821E+01    0.116839199743098820E-01    0.153013803400250947E+01   -0.165674720514435991E+01   -0.550039374858082852E-01   -0.351490584056428057E+01   -0.191332613891045000E+00    0.308196381547923906E-01   -0.254224759348825935E+00   -0.196707253573674634E+00   -0.107458240709281938E+01
    0.639416302145739100E-02    0.222348452174625333E+01    0.898144620172435931E-01   -0.171136334533087755E+02    0.494151140474975104E+00    0.203465820344816706E+01    0.116957438725247154E-01    0.149563692763103973E+01   -0.155730376580423924E+01   -0.600562442275787076E-01   -0.299281189056494101E+01   -0.200144529058858101E+00   -0.492916742516903150E-01   -0.217902272646478518E+00   -0.144732999039268367E+00   -0.111028944455347500E+01
    0.642199507188935016E-02    0.221479795780675293E+01    0.904533873681383355E-01   -0.171513491816220380E+02    0.508445902473365630E+00    0.203190320041802597E+01    0.117089512436683186E-01    0.154035859086769600E+01   -0.158570275566099128E+01   -0.765911730648130423E-01   -0.279026066886674329E+01   -0.190655943936184818E+00   -0.143695000673104076E-01   -0.130808842341907233E+00   -0.194051527369528576E+00   -0.110344175280889023E+01
    0.638577574968600663E-02    0.222610965888524692E+01    0.905547011313004302E-01   -0.171530016353476498E+02    0.500422194275871091E+00    0.202357650591171234E+01    0.117043921672115702E-01    0.152678460268135385E+01   -0.158594995188994203E+01   -0.682870269101738814E-01   -0.391696533831617488E+01   -0.211124501586307967E+00   -0.602359651555979120E-01   -0.237712153798405795E+00   -0.162870840282778817E+00   -0.109472416861301580E+01
    0.639156349887421739E-02    0.222429777944103035E+01    0.901529848847830717E-01   -0.171582716480444653E+02    0.493339770223568841E+00    0.204133256371161176E+01    0.116593711908514908E-01    0.156344955275072306E+01   -0.167055202622284238E+01   -0.909715520535067657E-01   -0.345611219354495347E+01   -0.174379145346896136E+00   -0.738592678468652786E-01   -0.186076604426968162E+00   -0.161865886483523846E+00   -0.108306041700054645E+01
    0.645591776033632801E-02    0.220426122958033632E+01    0.908785552600856195E-01   -0.171069946810240019E+02    0.512296442837254618E+00    0.202846034500300343E+01    0.116778181991632358E-01    0.153038227134219618E+01   -0.168680048217636092E+01   -0.572942836592000362E-01   -0.432440213972209531E+01   -0.188698787952515323E+00   -0.149950437986787720E-01   -0.146538014385236143E+00   -0.156926080144010688E+00   -0.106304908928590813E+01
    0.638235669731882990E-02    0.222718077949371152E+01    0.900782952070421916E-01   -0.170763834558624197E+02    0.505910742567735938E+00    0.204319799702126170E+01    0.117256749682834692E-01    0.159087928826142844E+01   -0.165083988865132181E+01   -0.743597414910840970E-01   -0.383514397931624318E+01   -0.195199048141318221E+00   -0.548676645470674712E-01   -0.185050003004595565E+00   -0.202279147792045338E+00   -0.112807437193004745E+01
    0.639638918290673375E-02    0.222278833242268004E+01    0.911253927933791674E-01   -0.171236310449086986E+02    0.517535193233224500E+00    0.205316015325817025E+01    0.116624163053153703E-01    0.152323263215625393E+01   -0.161922076111967850E+01   -0.567390787577992523E-01   -0.307000687790026738E+01   -0.204191991722571520E+00   -0.291453457509457392E-01   -0.147099356745177406E+00   -0.164475964692258281E+00   -0.108092827482354181E+01
    0.655557322428048598E-02    0.217362449079177456E+01    0.900808481889744245E-01   -0.170841248466943085E+02    0.518395433486102508E+00    0.201115394449870832E+01    0.117078946794390119E-01    0.149201101428917493E+01   -0.159674038524281725E+01   -0.653857595480323711E-01   -0.351164215409574521E+01   -0.193708628587827170E+00   -0.101396788209438572E-01   -0.224707052211796515E+00   -0.208343358751001378E+00   -0.106289999595131590E+01
    0.637912489811274120E-02    0.222819376509448475E+01    0.908661973111538485E-01   -0.171663314193676193E+02    0.499330793056658284E+00    0.205244342293052995E+01    0.116996586312886515E-01    0.151663825404153063E+01   -0.164920302583151157E+01   -0.731782003498218231E-01   -0.327604698738669464E+01   -0.194322570540699097E+00   -0.168302248578272758E-01   -0.215108883633412934E+00   -0.188259724521873478E+00   -0.108597296267542309E+01
