         MJD         m       dm    uJy   duJy   F  err   chi/N       RA      Dec        x        y  maj  min   phi  apfit  mag5sig   Sky            Obs     Mask
57246.548389 19.549093      NaN    1.0   18.0   c  0.0    0.93 42.73262 -2.13176  7987.62  4590.78 3.74 3.54  83.0 -0.415    19.44 21.27 02a57246o0413c 0xc00800
57246.579236 19.241693      NaN   25.0   16.0   c  0.0    1.02 42.73262 -2.13176  7985.15  4597.28 3.83 3.60  80.5 -0.408    19.52 21.44 02a57246o0455c 0xc00800
57246.591669 19.696897      NaN  -51.0   16.0   c  0.0    1.05 42.73262 -2.13176  9442.49  3151.21 3.80 3.56  42.8 -0.442    19.58 21.51 02a57246o0473c 0xc00900
57246.622173 19.922338      NaN   -4.0   13.0   c  0.0    1.52 42.73262 -2.13176  9439.44  3157.34 3.85 3.55  54.3 -0.443    19.54 21.41 02a57246o0515c 0xc00800
57334.461959 19.287255      NaN   16.0   18.0   c  0.0    0.84 42.73262 -2.13176  2708.71  6021.96 4.23 4.00 -60.7 -0.363    19.39 21.33 02a57334o0412c 0xc00800
57334.530093 19.631075      NaN   -3.0   17.0   c  0.0    1.26 42.73262 -2.13176  1241.60  7473.84 4.10 3.83 -65.4 -0.402    19.36 21.18 02a57334o0471c 0xc00800
57334.560663 19.510313      NaN   -3.0   19.0   c  0.0    1.06 42.73262 -2.13176  1248.68  7475.45 4.05 3.77 -66.0 -0.410    19.21 20.90 02a57334o0515c 0xc00800
57339.443151 19.766969      NaN  -21.0   15.0   c  0.0    1.48 42.73262 -2.13176  1238.01  7476.50 4.18 3.96 -65.1 -0.402    19.47 21.46 02a57339o0001c 0xc00800
57374.324140 18.417189      NaN   12.0   48.0   c  0.0    0.93 42.73262 -2.13176  3187.04  5506.93 4.68 4.00   0.2 -0.351    18.25 20.11 02a57374o0133c 0xc00800
57374.340067 18.496580      NaN   28.0   39.0   c  0.0    1.04 42.73262 -2.13176  3477.17  6092.14 4.07 3.48 -31.7 -0.406    18.55 20.22 02a57374o0159c 0xc00900
57374.356679 18.729535      NaN    0.0   39.0   c  0.0    1.24 42.73262 -2.13176  2613.14  4931.17 3.72 3.38 -42.3 -0.425    18.60 20.22 02a57374o0186c 0xc00800
57374.384024 18.356290      NaN  -24.0   55.0   c  0.0    1.11 42.73262 -2.13176  2316.89  6680.58 3.76 2.73  79.9 -0.465    18.11 19.66 02a57374o0229c 0xc00800
57390.197548 17.949472      NaN  -87.0   80.0   c  0.0    1.04 42.73262 -2.13176  3309.70  2561.43 5.18 4.89 -10.1 -0.371    17.83 18.76 02a57390o0030c 0xc00800
57390.198169 17.782105      NaN   82.0   66.0   c  0.0    0.94 42.73262 -2.13176  3309.67  2561.67 4.91 4.70 -13.6 -0.377    17.97 18.94 02a57390o0031c 0xc00800
57390.198784 18.208845      NaN    9.0   60.0   c  0.0    1.07 42.73262 -2.13176  3309.16  2561.79 5.03 4.69 -12.6 -0.380    18.05 19.10 02a57390o0032c 0xc00800
57391.198030 18.079051      NaN  -42.0   71.0   c  0.0    1.14 42.73262 -2.13176  1112.69  2545.33 4.70 4.06 -25.3 -0.476    18.04 18.83 02a57391o0031c 0xc00800
57391.198645 17.949472      NaN   45.0   65.0   c  0.0    1.05 42.73262 -2.13176  1112.57  2545.46 4.71 4.10 -30.0 -0.462    18.14 19.01 02a57391o0032c 0xc00800
57391.199277 18.376212      NaN  -22.0   54.0   c  0.0    1.10 42.73262 -2.13176  1112.34  2545.59 4.60 4.03 -35.5 -0.473    18.25 19.18 02a57391o0033c 0xc00800
57398.302394 19.472870      NaN    8.0   17.0   c  0.0    0.77 42.73262 -2.13176  2974.26  5669.36 4.15 3.73 -58.8 -0.427    19.56 21.56 02a57398o0173c 0xc00800
57398.318944 19.318728      NaN   20.0   16.0   c  0.0    1.20 42.73262 -2.13176  3290.69  6255.89 4.02 3.66 -60.7 -0.420    19.52 21.49 02a57398o0200c 0xc00800
57398.335549 19.367717      NaN   14.0   17.0   c  0.0    1.02 42.73262 -2.13176  2452.45  5093.98 4.26 3.72 -45.3 -0.420    19.52 21.48 02a57398o0227c 0xc00800
57398.352181 19.401649      NaN   15.0   16.0   c  0.0    1.18 42.73262 -2.13176  2184.02  6839.79 4.08 3.61 -59.6 -0.428    19.51 21.47 02a57398o0254c 0xc00800
57399.299227 19.696897      NaN  -18.0   16.0   c  0.0    0.92 42.73262 -2.13176  2967.39  5670.13 4.14 3.74 -54.1 -0.418    19.56 21.58 02a57399o0180c 0xc00800
57399.315889 19.569016      NaN  -16.0   18.0   c  0.0    1.01 42.73262 -2.13176  3284.53  6256.44 3.97 3.61 -58.6 -0.414    19.57 21.55 02a57399o0207c 0xc00800
57399.332595 19.696897      NaN   -6.0   16.0   c  0.0    1.05 42.73262 -2.13176  2448.83  5093.63 4.17 3.67 -47.2 -0.413    19.53 21.48 02a57399o0234c 0xc00900
57399.349291 19.631075      NaN  -32.0   17.0   c  0.0    0.89 42.73262 -2.13176  2180.73  6839.52 4.05 3.65 -54.7 -0.411    19.49 21.42 02a57399o0261c 0xc00800
57421.259151 19.631075      NaN  -19.0   17.0   c  0.0    1.05 42.73262 -2.13176  2485.94  6344.41 4.39 3.98 -64.3 -0.419    19.36 21.33 02a57421o0111c 0xc00800
57421.283529 19.569016      NaN  -20.0   18.0   c  0.0    0.94 42.73262 -2.13176  2196.95  5762.44 4.37 3.91 -59.1 -0.414    19.38 21.34 02a57421o0150c 0xc00800
57421.307264 19.609992      NaN    1.0   17.0   c  0.0    1.14 42.73262 -2.13176  3363.65  5186.84 4.15 3.84 -56.0 -0.397    19.39 21.34 02a57421o0189c 0xc00800
57421.330944 19.569016      NaN   -2.0   18.0   c  0.0    1.04 42.73262 -2.13176  3289.80  5150.61 4.15 3.84 -51.5 -0.376    19.31 21.24 02a57421o0228c 0xc00800
57422.256677 19.569016      NaN   -8.0   18.0   c  0.0    1.08 42.73262 -2.13176  2273.21  6403.55 4.29 3.86 -67.3 -0.425    19.37 21.28 02a57422o0105c 0xc00800
57422.280462 19.510313      NaN   -3.0   19.0   c  0.0    0.93 42.73262 -2.13176  1983.97  5820.39 4.31 3.79 -57.9 -0.437    19.36 21.25 02a57422o0144c 0xc00900
57422.304205 19.510313      NaN  -24.0   19.0   c  0.0    1.01 42.73262 -2.13176  3152.03  5244.60 4.26 3.86 -52.1 -0.420    19.28 21.12 02a57422o0183c 0xc00800
57422.327828 19.401649      NaN    3.0   20.0   c  0.0    1.23 42.73262 -2.13176  3290.62  5150.06 4.18 3.81 -47.7 -0.415    19.20 20.99 02a57422o0222c 0xc00800
57428.266649 19.026525      NaN   29.0   20.0   c  0.0    1.03 42.73262 -2.13176  2222.50  5823.67 4.24 3.71 -54.6 -0.427    19.37 21.23 02a57428o0112c 0xc00800
57428.290581 19.454622      NaN    6.0   18.0   c  0.0    1.15 42.73262 -2.13176  3421.64  5250.00 4.14 3.71 -39.1 -0.457    19.32 21.15 02a57428o0151c 0xc00800
57428.314462 19.183773      NaN   23.0   18.0   c  0.0    1.28 42.73262 -2.13176  3406.87  5092.75 4.07 3.63 -39.9 -0.459    19.29 21.09 02a57428o0190c 0xc00800
57434.249721 18.816441      NaN  -53.0   36.0   c  0.0    1.17 42.73262 -2.13176  1941.46  5480.52 4.38 3.92 -47.7 -0.430    18.54 19.69 02a57434o0121c 0xc00800
57434.270569 18.243872      NaN   66.0   39.0   c  0.0    1.05 42.73262 -2.13176  3142.45  4908.54 4.67 4.26 -41.9 -0.415    18.39 19.61 02a57434o0155c 0xc00900
57434.293400 18.623526      NaN  -13.0   43.0   c  0.0    0.81 42.73262 -2.13176  3375.35  5081.71 3.96 3.66 -48.8 -0.466    18.44 19.45 02a57434o0192c 0xc00800
57607.634268 18.298627      NaN  -45.0   58.0   c  0.0    1.34 42.73262 -2.13176  6929.93  6165.27 3.77 3.34  86.0 -0.475    18.32 19.02 02a57607o0543c 0xc00800
57630.572274 19.743105      NaN    4.0   14.0   c  0.0    0.85 42.73262 -2.13176  8656.49  6404.55 3.96 3.62  87.2 -0.405    19.68 21.76 02a57630o0608c 0xc00800
57630.584799 19.922338      NaN  -11.0   13.0   c  0.0    1.10 42.73262 -2.13176  8665.76  6445.58 3.99 3.58  89.7 -0.406    19.68 21.74 02a57630o0630c 0xc00800
57630.603936 19.841877      NaN    0.0   14.0   c  0.0    1.10 42.73262 -2.13176  1925.55  4085.05 3.95 3.86  34.0 -0.381    19.66 21.74 02a57630o0666c 0xc00800
57630.615975 19.674510      NaN    7.0   14.0   c  0.0    1.00 42.73262 -2.13176  8583.67  6490.26 3.89 3.54  88.2 -0.413    19.69 21.72 02a57630o0687c 0xc00800
57630.632222 18.933071      NaN   43.0   18.0   c  0.0    0.94 42.73262 -2.13176  1901.68  4028.48 3.94 3.78  59.0 -0.388    19.32 20.98 02a57630o0714c 0xc00900
57638.593203 19.743105      NaN    4.0   14.0   c  0.0    1.06 42.73262 -2.13176  7254.95  5077.31 3.73 3.46  89.3 -0.403    19.63 21.54 02a57638o0655c 0xc00800
57638.607929 19.696897      NaN  -14.0   16.0   c  0.0    0.96 42.73262 -2.13176  3228.41  5430.18 3.66 3.55  60.5 -0.411    19.61 21.50 02a57638o0683c 0xc00800
57688.494018 19.766969      NaN  -18.0   15.0   c  0.0    1.22 42.73262 -2.13176  4266.09  4147.23 3.83 3.65  84.4 -0.388    19.53 21.34 02a57688o0577c 0xc00800
57688.511394 19.696897      NaN   -3.0   16.0   c  0.0    1.31 42.73262 -2.13176  4249.09  4106.07 3.81 3.64  84.9 -0.392    19.44 21.19 02a57688o0605c 0xc00800
57688.532620 19.631075      NaN  -17.0   17.0   c  0.0    1.18 42.73262 -2.13176  4307.74  4184.69 3.89 3.70  86.8 -0.385    19.38 21.10 02a57688o0642c 0xc00800
57688.541637 19.419021      NaN    8.0   18.0   c  0.0    1.05 42.73262 -2.13176  4330.88  4068.03 3.82 3.63  87.9 -0.394    19.37 21.05 02a57688o0660c 0xc00800
57688.557904 19.169763      NaN   12.0   22.0   c  0.0    1.05 42.73262 -2.13176  4294.12  4124.99 3.89 3.74  85.4 -0.384    19.18 20.79 02a57688o0692c 0xc00800
57696.468815 19.367717      NaN   17.0   16.0   c  0.0    0.98 42.73262 -2.13176  2556.04  5065.48 3.81 3.63  63.2 -0.404    19.64 21.52 02a57696o0563c 0xc00800
57696.482780 19.841877      NaN  -11.0   14.0   c  0.0    1.37 42.73262 -2.13176  2537.65  5029.20 3.86 3.68  65.1 -0.401    19.59 21.44 02a57696o0590c 0xc00800
57696.513601 19.841877      NaN   -7.0   14.0   c  0.0    1.19 42.73262 -2.13176  2619.58  4988.24 3.91 3.72  74.3 -0.388    19.54 21.38 02a57696o0649c 0xc00800
57696.530007 19.609992      NaN   10.0   14.0   c  0.0    1.35 42.73262 -2.13176  2583.09  5045.48 3.74 3.59  66.1 -0.402    19.55 21.33 02a57696o0681c 0xc00800
57699.386921 19.454622      NaN    3.0   19.0   c  0.0    1.01 42.73262 -2.13176  7608.89  2876.16 3.85 3.55 -88.1 -0.386    19.28 20.83 02a57699o0396c 0xc00800
57699.405631 19.436675      NaN    7.0   18.0   c  0.0    1.10 42.73262 -2.13176  7625.50  2917.12 3.82 3.53 -87.2 -0.386    19.40 21.09 02a57699o0432c 0xc00800
57699.417416 18.666446      NaN   52.0   24.0   c  0.0    1.28 42.73262 -2.13176  2934.85  7605.02 3.71 3.51  21.9 -0.447    18.99 20.70 02a57699o0453c 0xc00800
57699.438070 19.436675      NaN    4.0   19.0   c  0.0    0.98 42.73262 -2.13176  2954.49  7489.59 3.57 3.42  20.6 -0.466    19.34 21.07 02a57699o0491c 0xc00800
57699.453977 19.128787      NaN   27.0   18.0   c  0.0    0.92 42.73262 -2.13176  2913.85  7549.84 3.60 3.44  17.1 -0.450    19.38 21.12 02a57699o0522c 0xc00800
57716.422677 19.454622      NaN   18.0   14.0   c  0.0    1.35 42.73262 -2.13176   682.90  6003.61 4.14 3.90  59.4 -0.383    19.62 21.64 02a57716o0466c 0xc00800
57716.434899 19.351140      NaN  -10.0   22.0   c  0.0    0.90 42.73262 -2.13176 10391.89  6039.99 4.09 3.60  86.9 -0.426    19.28 21.22 02a57716o0489c 0xc00800
57716.438080 18.657725      NaN   41.0   28.0   c  0.0    0.96 42.73262 -2.13176   664.60  5965.00 4.38 4.18  27.6 -0.364    19.01 21.05 02a57716o0495c 0xc00800
57716.450893 18.598565      NaN  -37.0   44.0   c  0.0    1.14 42.73262 -2.13176 10373.01  6002.51 4.68 4.34  14.2 -0.349    18.38 20.39 02a57716o0519c 0xc00800
57716.454080 17.879400      NaN    4.0   84.0   c  0.0    0.94 42.73262 -2.13176   725.15  6042.89 4.39 4.14  21.6 -0.365    17.57 19.45 02a57716o0525c 0xc00800
57716.466839 18.623526      NaN  -18.0   43.0   c  0.0    1.18 42.73262 -2.13176 10433.58  6081.12 4.43 4.33  46.4 -0.374    18.45 20.42 02a57716o0549c 0xc00800
57716.473691 18.317510      NaN -105.0   57.0   c  0.0    1.20 42.73262 -2.13176   749.12  5925.72 5.29 4.45   5.5 -0.333    18.14 20.20 02a57716o0562c 0xc00900
57716.480382 18.243872      NaN  -91.0   61.0   c  0.0    0.95 42.73262 -2.13176   709.18  5982.08 4.50 4.24  10.8 -0.367    18.06 19.99 02a57716o0575c 0xc00800
57716.481917 18.336727      NaN -107.0   56.0   c  0.0    1.04 42.73262 -2.13176 10455.72  5963.79 4.98 4.46   7.5 -0.357    18.24 20.30 02a57716o0578c 0xc00900
57716.493697 17.405762      NaN  -85.0  132.0   c  0.0    1.35 42.73262 -2.13176 10417.19  6022.16 4.70 4.38  15.4 -0.374    17.18 19.09 02a57716o0601c 0xc00800
57744.355260 19.696897      NaN  -17.0   16.0   c  0.0    1.02 42.73262 -2.13176  2501.80  4763.26 3.88 3.66  67.6 -0.392    19.68 21.60 02a57744o0329c 0xc00900
57744.367972 19.401649      NaN   15.0   16.0   c  0.0    1.03 42.73262 -2.13176  2484.20  4723.58 3.87 3.64  69.3 -0.392    19.66 21.56 02a57744o0353c 0xc00800
57752.347917 17.199161      NaN   56.0  141.0   c  0.0    1.18 42.73262 -2.13176  1170.36  5703.18 4.01 3.87  76.3 -0.401    16.96 18.63 02a57752o0272c 0xc00800
57756.312286 19.766969      NaN  -17.0   15.0   c  0.0    0.95 42.73262 -2.13176  3469.22  4397.99 3.81 3.64  73.5 -0.378    19.64 21.49 02a57756o0227c 0xc00800
57756.327054 19.652575      NaN    8.0   14.0   c  0.0    1.13 42.73262 -2.13176  3451.07  4358.78 3.80 3.63  75.4 -0.381    19.67 21.55 02a57756o0253c 0xc00800
57756.337138 19.791368      NaN    5.0   13.0   c  0.0    1.37 42.73262 -2.13176  3509.57  4436.22 3.76 3.60  76.4 -0.383    19.70 21.62 02a57756o0272c 0xc00800
57756.353957 19.719755      NaN    8.0   13.0   c  0.0    1.11 42.73262 -2.13176  3535.96  4318.27 3.80 3.65  72.9 -0.379    19.74 21.72 02a57756o0304c 0xc00800
57756.369437 19.841877      NaN  -14.0   14.0   c  0.0    1.19 42.73262 -2.13176  3498.88  4375.83 3.76 3.64  76.5 -0.382    19.72 21.68 02a57756o0331c 0xc00800
57776.294167 17.699983      NaN   17.0   95.0   c  0.0    1.12 42.73262 -2.13176  2039.43  5160.91 3.96 3.67  66.9 -0.384    17.22 18.97 02a57776o0164c 0xc00800
57776.309717 19.609992      NaN    4.0   16.0   c  0.0    1.09 42.73262 -2.13176  2021.60  5120.32 3.88 3.64  65.5 -0.394    19.56 21.48 02a57776o0194c 0xc00800
57776.325817 17.397568      NaN   39.0  120.0   c  0.0    0.93 42.73262 -2.13176  2082.37  5196.97 3.82 3.62  64.5 -0.409    17.48 19.13 02a57776o0225c 0xc00800
57776.341376 19.287255      NaN   22.0   16.0   c  0.0    1.03 42.73262 -2.13176  2103.75  5078.69 3.85 3.70  68.2 -0.393    19.57 21.49 02a57776o0255c 0xc00800
57776.357498 19.089302      NaN   24.0   20.0   c  0.0    0.86 42.73262 -2.13176  2066.43  5134.29 3.81 3.64  63.3 -0.398    18.82 20.66 02a57776o0286c 0xc00800
57780.288501 19.652575      NaN    2.0   16.0   c  0.0    1.03 42.73262 -2.13176  1880.16  6689.25 3.82 3.59  48.6 -0.415    19.68 21.63 02a57780o0150c 0xc00800
57780.304574 19.183773      NaN   29.0   16.0   c  0.0    1.00 42.73262 -2.13176  1862.77  6648.70 3.84 3.63  48.7 -0.411    19.65 21.60 02a57780o0181c 0xc00800
57780.320708 19.696897      NaN  -36.0   16.0   c  0.0    1.20 42.73262 -2.13176  1922.47  6725.22 3.86 3.68  41.2 -0.412    19.59 21.54 02a57780o0212c 0xc00900
57780.337098 19.696897      NaN  -14.0   16.0   c  0.0    0.97 42.73262 -2.13176  1944.55  6608.41 3.76 3.59  51.4 -0.419    19.58 21.47 02a57780o0243c 0xc00800
57784.312759 19.631075      NaN    6.0   15.0   c  0.0    1.07 42.73262 -2.13176  3643.84  4909.35 3.92 3.73  72.7 -0.376    19.50 21.41 02a57784o0017c 0xc00800
57784.328035 19.419021      NaN   14.0   16.0   c  0.0    1.30 42.73262 -2.13176  3663.48  4791.38 3.92 3.82  69.8 -0.364    19.44 21.36 02a57784o0046c 0xc00800
57784.343721 19.841877      NaN  -17.0   14.0   c  0.0    1.40 42.73262 -2.13176  3622.82  4849.71 3.88 3.77  70.7 -0.367    19.39 21.28 02a57784o0076c 0xc00800
57804.237527 18.675237      NaN  -28.0   41.0   c  0.0    1.02 42.73262 -2.13176   662.06  7192.37 4.03 3.80  63.0 -0.374    17.80 19.54 02a57804o0059c 0xc00800
57804.250134 18.019544      NaN -196.0   75.0   c  0.0    1.18 42.73262 -2.13176   644.05  7151.68 3.98 3.79  47.3 -0.396    18.01 19.72 02a57804o0084c 0xc00800
57804.256203 15.880241      NaN -482.0  538.0   c  0.0    1.10 42.73262 -2.13176 10376.48  7231.63 4.25 3.81  83.2 -0.425    16.56 18.27 02a57804o0096c 0xc00802
57804.291630 19.169763      NaN   -4.0   26.0   c  0.0    1.20 42.73262 -2.13176   689.72  7164.63 4.30 4.06  21.7 -0.376    18.24 20.25 02a57804o0164c 0xc00800
57804.312041 16.692267      NaN  200.0  188.0   c  0.0    1.24 42.73262 -2.13176 10400.44  7206.71 4.31 3.96  80.2 -0.407    16.61 18.25 02a57804o0204c 0xc00802
57808.228929 19.318728      NaN    2.0   22.0   c  0.0    0.86 42.73262 -2.13176   770.85  5931.04 4.01 3.56  57.4 -0.420    19.19 20.79 02a57808o0014c 0xc00800
57808.242652 18.748255      NaN   16.0   33.0   c  0.0    0.95 42.73262 -2.13176 10476.02  5971.29 4.08 3.54 -89.8 -0.435    19.01 20.77 02a57808o0041c 0xc00800
57808.247917 19.454622      NaN    0.0   20.0   c  0.0    1.08 42.73262 -2.13176   809.51  5968.43 3.99 3.62  64.1 -0.401    19.19 20.94 02a57808o0051c 0xc00800
57808.255920 18.786693      NaN   -4.0   37.0   c  0.0    1.00 42.73262 -2.13176 10457.45  5930.36 4.00 3.35  89.3 -0.444    18.95 20.72 02a57808o0067c 0xc00800
57808.262126 17.008410      NaN   55.0  172.0   c  0.0    1.14 42.73262 -2.13176   830.74  5849.42 4.01 3.68  69.3 -0.403    16.96 18.45 02a57808o0079c 0xc00802
57808.271742 14.856713      NaN -310.0 1381.0   c  0.0    0.01 42.73262 -2.13176 10519.14  6004.76 4.07 3.54  84.7 -0.449    18.10 19.74 02a57808o0098c 0xc00802
57808.276322 16.906831      NaN -107.0  209.0   c  0.0    1.08 42.73262 -2.13176   794.08  5905.64 3.97 3.63  74.2 -0.394    16.18 17.66 02a57808o0107c 0xc00802
57982.630772 20.009244      NaN  -23.0   12.0   c  0.0    1.27 42.73262 -2.13176  1549.22  5291.60 2.45 2.35  16.8 -0.428    19.31 20.45 02a57982o0761c 0xc00800
57982.640617 18.208845      NaN -106.0   63.0   c  0.0    1.30 42.73262 -2.13176  1531.91  5254.32 2.47 2.34   9.6 -0.408    17.29 18.00 02a57982o0779c 0xc00800
57986.614942 20.321591      NaN    0.0    9.0   c  0.0    0.82 42.73262 -2.13176  6005.39  2958.82 2.60 2.49 -58.8 -0.408    19.75 21.60 02a57986o0643c 0xc00800
57986.623313 20.171596      NaN    7.0    8.0   c  0.0    1.30 42.73262 -2.13176  5951.49  2881.94 2.66 2.49 -50.9 -0.405    19.71 21.49 02a57986o0660c 0xc00900
57986.632277 19.791368      NaN   11.0   11.0   c  0.0    1.69 42.73262 -2.13176  5929.10  3000.32 2.67 2.52 -50.8 -0.396    19.28 20.51 02a57986o0678c 0xc00800
58018.485001 20.137125 0.305363   32.0    9.0   c  0.0    1.12 42.73262 -2.13176  7711.24  1241.11 2.81 2.49 -63.4 -0.395    19.72 21.50 02a58018o0269c 0xc00900
58018.491946 20.071303      NaN    7.0    9.0   c  0.0    1.22 42.73262 -2.13176  7728.91  1280.67 2.87 2.57 -64.1 -0.389    19.69 21.50 02a58018o0283c 0xc00800
58018.499517 20.321591      NaN  -15.0    9.0   c  0.0    0.84 42.73262 -2.13176  7668.50  1204.36 2.85 2.52 -64.7 -0.391    19.72 21.51 02a58018o0298c 0xc00800
58018.506623 20.321591      NaN   -1.0    9.0   c  0.0    1.14 42.73262 -2.13176  7646.80  1323.60 2.83 2.53 -60.4 -0.393    19.69 21.52 02a58018o0312c 0xc00800
58074.399582 20.137125      NaN    2.0   10.0   c  0.0    1.18 42.73262 -2.13176  3725.20 10001.43 2.73 2.29  12.2 -0.460    19.75 21.59 02a58074o0344c 0xc00800
58074.404075 20.207197      NaN  -18.0   10.0   c  0.0    1.15 42.73262 -2.13176  3930.78   264.86 3.11 2.64  46.9 -0.415    19.74 21.56 02a58074o0352c 0xc00800
58074.408970 19.791368      NaN    5.0   13.0   c  0.0    0.78 42.73262 -2.13176  3707.01  9962.57 2.94 2.49  14.2 -0.497    19.67 21.58 02a58074o0361c 0xc00800
58074.412769 20.103715      NaN  -15.0   11.0   c  0.0    0.89 42.73262 -2.13176  3913.51   226.22 3.11 2.64  38.0 -0.407    19.73 21.56 02a58074o0369c 0xc00800
58074.417629 20.321591      NaN   -1.0    9.0   c  0.0    1.33 42.73262 -2.13176  3765.66 10042.49 2.80 2.34  15.5 -0.467    19.71 21.58 02a58074o0378c 0xc00800
58074.422069 20.449472      NaN   -6.0    8.0   c  0.0    1.60 42.73262 -2.13176  3972.27   305.88 3.02 2.54  44.3 -0.415    19.73 21.58 02a58074o0386c 0xc00800
58074.427530 20.137125      NaN    2.0   10.0   c  0.0    0.77 42.73262 -2.13176  3785.89  9926.07 2.77 2.38  14.9 -0.458    19.73 21.57 02a58074o0395c 0xc00800
58078.391721 20.071303      NaN    4.0   10.0   c  0.0    0.92 42.73262 -2.13176  4463.22 10238.69 2.68 2.35  13.6 -0.442    19.83 21.69 02a58078o0442c 0xc00800
58078.396227 20.449472      NaN   -4.0    8.0   c  0.0    1.09 42.73262 -2.13176  4670.13   504.43 2.80 2.40  46.9 -0.417    19.84 21.66 02a58078o0450c 0xc00800
58078.401710 20.449472      NaN  -12.0    8.0   c  0.0    1.48 42.73262 -2.13176  4444.80 10200.19 2.77 2.49  19.0 -0.464    19.78 21.64 02a58078o0459c 0xc00800
58078.406098 19.922338      NaN   18.0    7.0   c  0.0    1.56 42.73262 -2.13176  4652.41   465.92 2.77 2.42  50.5 -0.426    19.83 21.62 02a58078o0467c 0xc00800
58078.419622 20.594452      NaN   -3.0    7.0   c  0.0    1.21 42.73262 -2.13176  4524.70 10163.10 2.62 2.35  10.8 -0.445    19.81 21.61 02a58078o0493c 0xc00800
58082.376239 19.128787      NaN    9.0   24.0   c  0.0    1.10 42.73262 -2.13176  3560.98  2798.68 2.59 2.39  51.7 -0.409    18.57 20.08 02a58082o0415c 0xc00800
58082.384402 19.696897      NaN  -11.0   16.0   c  0.0    0.98 42.73262 -2.13176  3542.35  2760.55 2.63 2.43  50.8 -0.402    18.92 20.50 02a58082o0432c 0xc00800
58082.393004 19.922338      NaN  -17.0   13.0   c  0.0    1.00 42.73262 -2.13176  3601.12  2841.01 2.58 2.39  51.9 -0.402    19.33 20.93 02a58082o0449c 0xc00800
58082.401898 19.051202      NaN    3.0   28.0   c  0.0    1.15 42.73262 -2.13176  3619.43  2725.08 2.52 2.33  53.7 -0.409    18.49 19.96 02a58082o0466c 0xc00800
58110.331732 20.594452      NaN   -6.0    7.0   c  0.0    1.65 42.73262 -2.13176  4821.37  1596.77 2.50 2.36  65.1 -0.399    19.85 21.72 02a58110o0295c 0xc00800
58110.340077 20.362567      NaN    5.0    7.0   c  0.0    1.28 42.73262 -2.13176  4803.81  1557.72 2.51 2.36  66.7 -0.401    19.86 21.72 02a58110o0312c 0xc00800
58110.348260 20.594452      NaN  -16.0    7.0   c  0.0    1.21 42.73262 -2.13176  4862.55  1635.22 2.52 2.39  74.3 -0.394    19.80 21.69 02a58110o0329c 0xc00900
58110.356507 20.137125      NaN   11.0    7.0   c  0.0    1.23 42.73262 -2.13176  4884.07  1520.16 2.52 2.38  72.2 -0.402    19.83 21.69 02a58110o0346c 0xc00800
58134.340732 20.321591      NaN  -10.0    9.0   c  0.0    0.95 42.73262 -2.13176  4698.31  2234.70 2.76 2.62  40.7 -0.418    19.64 21.66 02a58134o0310c 0xc00800
58134.360494 20.207197      NaN   -4.0   10.0   c  0.0    0.88 42.73262 -2.13176  4740.57  2272.04 2.87 2.75  62.8 -0.391    19.59 21.59 02a58134o0352c 0xc00800
58134.370373 20.449472      NaN  -12.0    8.0   c  0.0    1.46 42.73262 -2.13176  4761.51  2155.06 2.86 2.73  53.9 -0.390    19.57 21.53 02a58134o0373c 0xc00800
58162.278174 20.321591      NaN  -10.0    9.0   c  0.0    1.38 42.73262 -2.13176  3469.11   783.89 2.90 2.53  40.0 -0.429    19.67 21.45 02a58162o0154c 0xc00900
58162.285627 16.871062 0.013404  648.0    8.0   c  0.0 6297.25 42.73262 -2.13176  3256.82 10522.26 2.87 2.47   7.2 -0.432    19.66 21.46 02a58162o0170c 0xc00801
58162.288384 19.766969      NaN   15.0   10.0   c  0.0    1.12 42.73262 -2.13176  3449.87   743.52 2.97 2.63  40.1 -0.428    19.61 21.41 02a58162o0176c 0xc00900
58162.295963 19.841877      NaN   -4.0   14.0   c  0.0    1.28 42.73262 -2.13176  3238.51 10482.19 2.84 2.42   8.0 -0.435    19.65 21.43 02a58162o0192c 0xc00800
58162.298258 19.950541      NaN    5.0   11.0   c  0.0    1.08 42.73262 -2.13176  3508.80   822.33 2.97 2.63  42.8 -0.422    19.61 21.39 02a58162o0197c 0xc00800
58402.539015 20.207197      NaN    6.0    8.0   c  0.0    1.46 42.73262 -2.13176  3071.40 10373.84 2.66 2.47  10.1 -0.427    19.76 21.60 02a58402o0468c 0xc00800
58402.542769 20.321591      NaN    3.0    8.0   c  0.0    0.87 42.73262 -2.13176  3279.85   634.74 2.72 2.39  46.3 -0.428    19.79 21.58 02a58402o0476c 0xc00800
58402.549693 20.449472      NaN   -4.0    8.0   c  0.0    1.28 42.73262 -2.13176  3050.42 10333.79 2.61 2.48   7.9 -0.419    19.75 21.58 02a58402o0490c 0xc00800
58402.553512 20.171596      NaN    7.0    8.0   c  0.0    1.31 42.73262 -2.13176  3259.34   594.79 2.68 2.35  44.9 -0.431    19.75 21.56 02a58402o0498c 0xc00800
58402.559853 20.321591      NaN   -8.0    9.0   c  0.0    1.20 42.73262 -2.13176  3107.15 10413.59 2.65 2.38   6.7 -0.441    19.78 21.55 02a58402o0511c 0xc00900
58402.563894 20.449472      NaN  -14.0    8.0   c  0.0    1.23 42.73262 -2.13176  3317.38   674.25 2.68 2.33  44.6 -0.429    19.77 21.56 02a58402o0519c 0xc00800
58402.570690 20.244005      NaN    2.0    9.0   c  0.0    1.04 42.73262 -2.13176  3127.01 10296.51 2.60 2.33   5.1 -0.459    19.77 21.56 02a58402o0533c 0xc00800
58402.574632 20.321591      NaN    0.0    9.0   c  0.0    0.93 42.73262 -2.13176  3336.53   558.46 2.66 2.31  43.2 -0.432    19.78 21.53 02a58402o0541c 0xc00800
58430.493056 20.321591      NaN    0.0    9.0   c  0.0    1.05 42.73262 -2.13176  5678.81  2515.57 2.51 2.40  54.5 -0.408    19.72 21.39 02a58430o0625c 0xc00800
58430.503082 20.207197      NaN   -2.0   10.0   c  0.0    0.94 42.73262 -2.13176  5661.48  2477.82 2.54 2.45  62.1 -0.408    19.69 21.37 02a58430o0646c 0xc00800
58430.513204 20.321591      NaN   -2.0    9.0   c  0.0    0.99 42.73262 -2.13176  5720.40  2555.62 2.56 2.46  54.5 -0.409    19.65 21.38 02a58430o0667c 0xc00800
58430.523233 20.321591      NaN   -3.0    9.0   c  0.0    1.03 42.73262 -2.13176  5740.29  2438.96 2.66 2.53  60.5 -0.407    19.62 21.32 02a58430o0688c 0xc00800
58434.475288 20.405150      NaN    1.0    8.0   c  0.0    0.94 42.73262 -2.13176  5815.54  2318.63 2.63 2.54  54.8 -0.406    19.69 21.58 02a58434o0622c 0xc00800
58434.485284 20.449472      NaN  -10.0    8.0   c  0.0    0.97 42.73262 -2.13176  5796.84  2281.64 2.67 2.60  69.3 -0.405    19.65 21.59 02a58434o0643c 0xc00900
58434.495392 20.244005      NaN    2.0    9.0   c  0.0    1.03 42.73262 -2.13176  5856.16  2358.96 2.69 2.56  52.0 -0.408    19.71 21.59 02a58434o0664c 0xc00800
58434.505487 20.449472      NaN   -5.0    8.0   c  0.0    1.18 42.73262 -2.13176  5876.94  2242.06 2.66 2.56  57.6 -0.410    19.70 21.56 02a58434o0685c 0xc00800
58454.415274 20.321591      NaN  -10.0    9.0   c  0.0    1.07 42.73262 -2.13176  3463.10  9324.74 2.69 2.44   4.4 -0.457    19.74 21.73 02a58454o0490c 0xc00800
58454.424447 20.207197      NaN    0.0   10.0   c  0.0    0.92 42.73262 -2.13176  3442.27  9286.74 2.66 2.52   9.6 -0.459    19.75 21.72 02a58454o0509c 0xc00800
58454.433593 20.282105      NaN    1.0    9.0   c  0.0    1.10 42.73262 -2.13176  3499.97  9364.70 2.69 2.42   3.7 -0.460    19.74 21.71 02a58454o0528c 0xc00800
58454.442626 19.743105      NaN   13.0   11.0   c  0.0    0.96 42.73262 -2.13176  3521.01  9248.25 2.81 2.56   5.7 -0.457    19.68 21.70 02a58454o0547c 0xc00800
58458.382031 20.449472      NaN   -3.0    8.0   c  0.0    0.84 42.73262 -2.13176  5796.26  5041.25 2.50 2.42  85.6 -0.413    19.77 21.77 02a58458o0097c 0xc00800
58458.390875 20.449472      NaN   -6.0    8.0   c  0.0    1.14 42.73262 -2.13176  5776.75  5003.09 2.56 2.46 -89.9 -0.409    19.74 21.72 02a58458o0115c 0xc00900
58458.399074 20.321591      NaN    6.0    7.0   c  0.0    1.07 42.73262 -2.13176  5834.38  5081.48 2.54 2.41 -77.9 -0.413    19.74 21.74 02a58458o0132c 0xc00800
58458.408000 20.321591      NaN   -9.0    9.0   c  0.0    0.92 42.73262 -2.13176  5854.40  4966.13 2.58 2.47 -82.3 -0.415    19.72 21.71 02a58458o0150c 0xc00800
58462.379787 20.321591      NaN   -5.0    9.0   c  0.0    1.28 42.73262 -2.13176  3853.17  6970.02 2.77 2.70 -45.0 -0.426    19.64 21.71 02a58462o0417c 0xc00800
58462.388485 19.979496      NaN    7.0   10.0   c  0.0    1.17 42.73262 -2.13176  3834.19  6931.26 2.81 2.73 -62.2 -0.421    19.63 21.68 02a58462o0435c 0xc00800
58462.396689 20.207197      NaN   -1.0   10.0   c  0.0    1.07 42.73262 -2.13176  3892.23  7009.08 2.67 2.58 -56.5 -0.416    19.67 21.68 02a58462o0452c 0xc00800
58462.405539 20.449472      NaN  -16.0    8.0   c  0.0    1.16 42.73262 -2.13176  3912.24  6893.15 2.70 2.65 -49.1 -0.414    19.64 21.68 02a58462o0470c 0xc00800
58486.346382 19.950541      NaN    8.0   10.0   c  0.0    1.06 42.73262 -2.13176  9687.74  3107.27 2.72 2.63 -60.3 -0.436    19.61 21.58 02a58486o0332c 0xc00800
58486.354959 20.321591      NaN  -10.0    9.0   c  0.0    1.12 42.73262 -2.13176  9669.97  3068.40 2.64 2.54 -65.2 -0.439    19.61 21.59 02a58486o0350c 0xc00900
58486.362083 17.321391      NaN   14.0  138.0   c  0.0    0.03 42.73262 -2.13176    32.01  2989.10 2.47 2.34  44.1 -0.434    19.61 21.55 02a58486o0365c 0xc00800
58486.363038 20.207197      NaN  -13.0   10.0   c  0.0    1.13 42.73262 -2.13176  9729.72  3146.72 2.66 2.57 -66.8 -0.440    19.63 21.59 02a58486o0367c 0xc00900
58486.371673 20.103715      NaN   -1.0   11.0   c  0.0    0.69 42.73262 -2.13176  9750.94  3030.13 2.69 2.57 -65.0 -0.438    19.61 21.56 02a58486o0385c 0xc00800
58490.335337 20.103715      NaN   -2.0   11.0   c  0.0    0.79 42.73262 -2.13176  9676.81  8939.02 2.60 2.55  58.4 -0.425    19.63 21.60 02a58490o0305c 0xc00800
58490.343843 20.009244      NaN    6.0   10.0   c  0.0    1.02 42.73262 -2.13176  9658.23  8899.69 2.61 2.55  59.9 -0.430    19.64 21.59 02a58490o0323c 0xc00800
58490.351886 20.009244      NaN    3.0   11.0   c  0.0    0.93 42.73262 -2.13176  9719.21  8978.99 2.58 2.55  41.3 -0.426    19.62 21.57 02a58490o0340c 0xc00800
58490.360550 19.922338      NaN    6.0   11.0   c  0.0    0.99 42.73262 -2.13176  9739.68  8861.63 2.70 2.61  49.2 -0.422    19.60 21.55 02a58490o0358c 0xc00800
58494.301693 20.039830      NaN    2.0   11.0   c  0.0    1.13 42.73262 -2.13176  9678.75  6987.07 2.96 2.81  76.1 -0.405    19.46 21.40 02a58494o0229c 0xc00800
58494.309706 20.103715      NaN  -19.0   11.0   c  0.0    0.89 42.73262 -2.13176  9659.38  6950.04 2.87 2.74 -89.1 -0.424    19.50 21.41 02a58494o0246c 0xc00800
58494.316268       NaN      NaN    NaN    NaN NaN  NaN     NaN      NaN      NaN      NaN      NaN  NaN  NaN   NaN    NaN      NaN   NaN            NaN 0xc00803
58494.317682 20.103715      NaN   -2.0   11.0   c  0.0    0.89 42.73262 -2.13176  9717.63  7028.71 2.76 2.68  87.5 -0.425    19.52 21.42 02a58494o0263c 0xc00800
58494.325779 19.979496      NaN    1.0   12.0   c  0.0    0.75 42.73262 -2.13176  9737.04  6912.52 2.93 2.82 -87.1 -0.414    19.46 21.44 02a58494o0280c 0xc00800
58518.291339 20.405150      NaN    1.0    8.0   c  0.0    1.47 42.73262 -2.13176  7720.30  5051.48 2.78 2.54 -74.1 -0.417    19.61 21.53 02a58518o0163c 0xc00800
58518.299821 20.449472      NaN   -8.0    8.0   c  0.0    1.59 42.73262 -2.13176  7701.46  5012.97 2.67 2.51 -71.6 -0.419    19.63 21.49 02a58518o0181c 0xc00800
58518.307847 20.071303      NaN    4.0   10.0   c  0.0    0.83 42.73262 -2.13176  7761.52  5089.35 2.70 2.60 -58.9 -0.425    19.58 21.48 02a58518o0198c 0xc00800
58518.316336 19.894850      NaN    7.0   11.0   c  0.0    0.73 42.73262 -2.13176  7782.16  4972.91 2.69 2.57 -65.9 -0.428    19.56 21.42 02a58518o0216c 0xc00800
58694.521459 20.207197      NaN  -13.0   10.0   c  0.0    0.88 42.73262 -2.13176  7411.84  2904.79 2.65 2.52  41.7 -0.385    19.47 21.38 02a58694o0595c 0xc00800
58694.524679 19.922338      NaN   12.0    9.0   c  0.0    1.20 42.73262 -2.13176  7431.26  2943.92 2.61 2.43  41.1 -0.381    19.54 21.41 02a58694o0602c 0xc00900
58694.530715 20.207197      NaN   -5.0   10.0   c  0.0    1.07 42.73262 -2.13176  7374.79  2866.37 2.62 2.47  39.0 -0.381    19.57 21.48 02a58694o0615c 0xc00800
58694.541014 20.321591      NaN   -4.0    9.0   c  0.0    1.09 42.73262 -2.13176  7360.01  2981.36 2.56 2.43  49.1 -0.395    19.61 21.52 02a58694o0637c 0xc00800
58702.531785 20.171596      NaN    4.0    9.0   c  0.0    1.19 42.73262 -2.13176  7335.27   952.09 2.57 2.47 -80.6 -0.400    19.53 21.48 02a58702o0611c 0xc00800
58702.534986 20.103715      NaN    6.0    9.0   c  0.0    1.05 42.73262 -2.13176  7354.53   989.93 2.50 2.41  89.8 -0.400    19.64 21.51 02a58702o0618c 0xc00800
58702.541923 20.449472      NaN   -6.0    8.0   c  0.0    1.33 42.73262 -2.13176  7297.36   912.34 2.45 2.32 -75.4 -0.401    19.65 21.54 02a58702o0633c 0xc00800
58702.552150 20.449472      NaN   -3.0    8.0   c  0.0    0.94 42.73262 -2.13176  7281.41  1030.45 2.44 2.31 -76.7 -0.406    19.70 21.60 02a58702o0654c 0xc00800
58706.545748 20.449472      NaN  -11.0    8.0   c  0.0    1.32 42.73262 -2.13176  7516.72  4835.58 2.68 2.31  40.8 -0.384    19.68 21.59 02a58706o0616c 0xc00900
58706.549407 18.396507      NaN   51.0   36.0   c  0.0    1.20 42.73262 -2.13176  7535.72  4874.05 2.63 2.31  40.0 -0.386    17.50 19.30 02a58706o0624c 0xc00900
58706.559231 20.244005      NaN    2.0    9.0   c  0.0    1.12 42.73262 -2.13176  7480.35  4796.44 2.56 2.29  34.9 -0.391    19.68 21.58 02a58706o0645c 0xc00800
58706.565459 20.039830      NaN    2.0   11.0   c  0.0    1.15 42.73262 -2.13176  7461.27  4912.42 2.61 2.31  34.5 -0.388    19.44 21.32 02a58706o0658c 0xc00800
58726.566642 20.449472      NaN   -8.0    8.0   c  0.0    1.29 42.73262 -2.13176  1607.62  3174.47 2.45 2.28 -59.1 -0.409    19.79 21.78 02a58726o0725c 0xc00800
58726.569985 20.594452      NaN   -5.0    7.0   c  0.0    1.36 42.73262 -2.13176  1622.75  3214.76 2.45 2.29  34.2 -0.403    19.76 21.77 02a58726o0732c 0xc00800
58726.576120 20.244005      NaN    2.0    9.0   c  0.0    0.63 42.73262 -2.13176  1568.49  3136.09 2.45 2.29 -55.9 -0.407    19.77 21.77 02a58726o0745c 0xc00800
58726.589098 20.594452      NaN   -8.0    7.0   c  0.0    1.61 42.73262 -2.13176  1543.69  3254.26 2.34 2.33 -18.2 -0.408    19.81 21.78 02a58726o0772c 0xc00900
58730.547579 19.696897      NaN  -14.0   16.0   c  0.0    0.82 42.73262 -2.13176 10515.79  9531.10 3.22 2.67 -60.5 -0.361    19.70 21.51 02a58730o0685c 0xc00800
58730.548036 20.171596      NaN    4.0    9.0   c  0.0    0.90 42.73262 -2.13176   188.51  9498.22 2.73 2.07 -50.6 -0.427    19.75 21.48 02a58730o0686c 0xc00800
58730.554370       NaN      NaN    NaN    NaN NaN  NaN     NaN      NaN      NaN      NaN      NaN  NaN  NaN   NaN    NaN      NaN   NaN            NaN 0xc00803
58730.554835 20.321591      NaN   -1.0    9.0   c  0.0    1.14 42.73262 -2.13176   203.82  9539.35 2.76 2.10 -49.9 -0.409    19.69 21.48 02a58730o0700c 0xc00800
58730.557705 20.207197      NaN    3.0    9.0   c  0.0    1.31 42.73262 -2.13176 10471.46  9494.63 2.79 2.66 -76.4 -0.374    19.72 21.50 02a58730o0706c 0xc00800
58730.558162 20.449472      NaN   -6.0    8.0   c  0.0    1.34 42.73262 -2.13176   144.72  9462.04 2.77 2.14 -50.2 -0.413    19.71 21.47 02a58730o0707c 0xc00800
58730.568755 19.979496      NaN   13.0    8.0   c  0.0    1.09 42.73262 -2.13176   120.60  9578.56 2.79 2.16 -49.7 -0.409    19.70 21.53 02a58730o0729c 0xc00900
58730.569212 20.321591      NaN   -5.0    9.0   c  0.0    1.21 42.73262 -2.13176 10451.66  9612.06 3.14 2.63 -61.0 -0.373    19.74 21.55 02a58730o0730c 0xc00800
58750.588840 20.207197      NaN    6.0    8.0   c  0.0    1.02 42.73262 -2.13176  6838.30  3607.22 2.52 2.41  52.1 -0.388    19.69 21.48 02a58750o0765c 0xc00800
58750.592862 20.207197      NaN    6.0    8.0   c  0.0    1.16 42.73262 -2.13176  6818.84  3568.20 2.52 2.37  49.5 -0.391    19.72 21.48 02a58750o0772c 0xc00800
58750.599307 20.244005      NaN    2.0    9.0   c  0.0    0.74 42.73262 -2.13176  6876.96  3645.23 2.49 2.40  56.3 -0.392    19.69 21.47 02a58750o0784c 0xc00800
58750.609470 20.282105      NaN    1.0    9.0   c  0.0    1.15 42.73262 -2.13176  6898.18  3530.69 2.54 2.45  59.3 -0.388    19.66 21.44 02a58750o0803c 0xc00800
58778.424386 20.321591      NaN   -4.0    9.0   c  0.0    1.23 42.73262 -2.13176  9701.34  1346.53 2.57 2.20 -51.4 -0.416    19.66 21.27 02a58778o0441c 0xc00800
58778.428527 20.321591      NaN    0.0    9.0   c  0.0    1.03 42.73262 -2.13176  9721.52  1384.63 2.56 2.11 -58.1 -0.428    19.67 21.27 02a58778o0450c 0xc00800
58778.435733 20.321591      NaN    0.0    9.0   c  0.0    1.28 42.73262 -2.13176  9659.15  1309.67 2.55 2.09 -55.2 -0.429    19.69 21.27 02a58778o0465c 0xc00800
58778.444876 20.137125      NaN    8.0    8.0   c  0.0    1.54 42.73262 -2.13176  9641.10  1423.85 2.53 2.11 -58.8 -0.422    19.68 21.26 02a58778o0484c 0xc00800
58782.468800 19.302877      NaN  -22.0   23.0   c  0.0    1.30 42.73262 -2.13176   882.54  9216.74 2.43 2.26 -39.9 -0.425    18.72 20.28 02a58782o0523c 0xc00800
58782.472001 20.039830      NaN    5.0   10.0   c  0.0    0.89 42.73262 -2.13176   864.65  9179.48 2.35 2.27 -46.7 -0.426    19.63 21.31 02a58782o0530c 0xc00800
58782.479259 20.244005      NaN    2.0    9.0   c  0.0    1.22 42.73262 -2.13176   918.82  9256.00 2.50 2.40  27.8 -0.435    19.62 21.35 02a58782o0545c 0xc00800
58782.504427 19.652575      NaN   14.0   12.0   c  0.0    1.32 42.73262 -2.13176   934.77  9140.33 2.39 2.30 -52.6 -0.429    19.42 21.15 02a58782o0555c 0xc00800
58814.377845 19.128787      NaN   18.0   21.0   c  0.0    1.07 42.73262 -2.13176  9107.19  9336.09 2.87 2.81  63.9 -0.376    18.87 20.74 02a58814o0333c 0xc00800
58814.381059 18.550302      NaN  -29.0   46.0   c  0.0    0.84 42.73262 -2.13176  9086.28  9297.33 2.89 2.79  71.6 -0.378    18.11 19.88 02a58814o0340c 0xc00800
58814.387394 19.766969      NaN  -15.0   15.0   c  0.0    1.07 42.73262 -2.13176  9142.37  9376.91 2.90 2.83  86.1 -0.374    19.15 21.02 02a58814o0353c 0xc00800
58814.397620 17.459147      NaN  155.0   74.0   c  0.0    1.15 42.73262 -2.13176  9157.61  9260.23 2.91 2.79  72.6 -0.475    17.02 18.73 02a58814o0374c 0xc00900
58818.388171 17.373350      NaN -261.0  136.0   c  0.0    0.99 42.73262 -2.13176  8797.98  3503.46 3.04 2.73 -62.5 -0.393    16.92 18.84 02a58818o0438c 0xc00900
58818.391245 17.447688      NaN   99.0   94.0   c  0.0    0.79 42.73262 -2.13176  8778.17  3464.77 3.02 2.69 -60.1 -0.376    17.08 18.98 02a58818o0444c 0xc00900
58818.398697 18.526952      NaN  -49.0   47.0   c  0.0    0.94 42.73262 -2.13176  8834.73  3541.04 2.99 2.75 -61.4 -0.365    17.77 19.66 02a58818o0460c 0xc00800
58818.408993 16.313429      NaN -422.0  361.0   c  0.0    1.01 42.73262 -2.13176  8853.36  3426.75 2.70 2.44 -61.2 -0.404    16.04 17.69 02a58818o0481c 0xc00802
58846.306045 20.321591      NaN   -1.0    9.0   c  0.0    0.88 42.73262 -2.13176  8865.63  5443.07 2.63 2.53 -89.0 -0.391    19.79 21.78 02a58846o0258c 0xc00800
58846.309775 20.137125      NaN    8.0    8.0   c  0.0    1.51 42.73262 -2.13176  8846.54  5404.45 2.57 2.47  71.8 -0.390    19.79 21.77 02a58846o0266c 0xc00800
58846.315295 20.321591      NaN   -2.0    9.0   c  0.0    1.00 42.73262 -2.13176  8905.77  5484.90 2.61 2.51  89.5 -0.394    19.78 21.77 02a58846o0278c 0xc00800
58846.326448 19.841877      NaN   18.0    8.0   c  0.0    1.14 42.73262 -2.13176  8926.67  5370.77 2.63 2.51 -81.8 -0.394    19.72 21.76 02a58846o0302c 0xc00900
58866.339171 20.207197      NaN   -1.0   10.0   c  0.0    0.86 42.73262 -2.13176   783.81  7267.49 2.62 2.39 -55.2 -0.409    19.66 21.62 02a58866o0095c 0xc00800
58866.343309 20.321591      NaN   -7.0    9.0   c  0.0    0.89 42.73262 -2.13176   765.02  7228.51 2.57 2.41 -52.9 -0.402    19.67 21.62 02a58866o0104c 0xc00800
58866.348871 20.321591      NaN    3.0    8.0   c  0.0    1.52 42.73262 -2.13176   824.55  7305.26 2.50 2.27 -53.1 -0.424    19.68 21.58 02a58866o0116c 0xc00800
58866.359967 20.207197      NaN  -14.0   10.0   c  0.0    1.01 42.73262 -2.13176   845.63  7188.48 2.62 2.39 -55.6 -0.411    19.60 21.53 02a58866o0140c 0xc00900
58870.264158 20.137125      NaN    8.0    8.0   c  0.0    1.27 42.73262 -2.13176   787.82  7271.73 2.31 2.23 -50.9 -0.422    19.79 21.63 02a58870o0149c 0xc00800
58870.267407 20.282105      NaN    4.0    8.0   c  0.0    0.96 42.73262 -2.13176   768.54  7232.86 2.30 2.24 -44.4 -0.418    19.79 21.64 02a58870o0156c 0xc00800
58870.272926 20.282105      NaN    1.0    9.0   c  0.0    0.70 42.73262 -2.13176   826.38  7310.62 2.31 2.24 -60.2 -0.422    19.78 21.64 02a58870o0168c 0xc00800
58870.284069 20.449472      NaN    6.0    6.0   c  0.0    2.14 42.73262 -2.13176   847.70  7193.64 2.36 2.25 -58.7 -0.421    19.79 21.65 02a58870o0192c 0xc00800
58874.301523 20.449472      NaN   -5.0    8.0   c  0.0    0.77 42.73262 -2.13176   586.18  3383.53 2.43 2.21 -64.1 -0.412    19.73 21.48 02a58874o0225c 0xc00800
58874.304826 20.009244      NaN    9.0    9.0   c  0.0    0.96 42.73262 -2.13176   566.78  3344.10 2.40 2.21 -64.6 -0.414    19.73 21.49 02a58874o0232c 0xc00800
58874.310820 20.761819      NaN    0.0    6.0   c  0.0    2.11 42.73262 -2.13176   625.78  3422.03 2.47 2.29 -62.5 -0.408    19.67 21.49 02a58874o0245c 0xc00800
58874.321065 20.449472      NaN   -1.0    8.0   c  0.0    1.59 42.73262 -2.13176   648.05  3303.74 2.39 2.25 -69.2 -0.410    19.71 21.47 02a58874o0267c 0xc00800
58902.215811 17.266969      NaN   48.0  134.0   c  0.0    1.18 42.73262 -2.13176  3224.36  9616.32 2.99 2.49 -52.7 -0.431    17.10 18.00 02a58902o0020c 0xc00800
58902.218620 17.866751      NaN   43.0   72.0   c  0.0    0.60 42.73262 -2.13176  3206.90  9575.55 2.71 2.57 -80.4 -0.410    17.84 18.81 02a58902o0026c 0xc00800
58902.224168 19.472870      NaN    5.0   18.0   c  0.0    1.19 42.73262 -2.13176  3267.37  9650.31 2.71 2.45 -63.0 -0.407    18.96 20.16 02a58902o0038c 0xc00800
58902.233977 19.472870      NaN   17.0   14.0   c  0.0    0.92 42.73262 -2.13176  3287.53  9532.02 2.75 2.50 -58.4 -0.402    19.46 21.03 02a58902o0059c 0xc00800
58930.227126 18.273950      NaN    1.0   59.0   c  0.0    1.27 42.73262 -2.13176 10398.98  1071.10 2.60 2.41 -10.0 -0.416    17.71 18.82 02a58930o0003c 0xc00800
58930.230360 18.649074      NaN  -32.0   42.0   c  0.0    1.16 42.73262 -2.13176 10377.95  1031.71 2.59 2.42 -17.7 -0.390    18.35 19.49 02a58930o0010c 0xc00800
58930.235889 19.510313      NaN  -16.0   19.0   c  0.0    0.99 42.73262 -2.13176 10431.94  1110.37 2.57 2.34 -23.2 -0.401    18.92 20.29 02a58930o0022c 0xc00800
58930.246084 19.841877      NaN  -18.0   14.0   c  0.0    1.85 42.73262 -2.13176 10448.16   992.15 2.60 2.24 -34.5 -0.416    19.05 20.56 02a58930o0044c 0xc00800
59050.602400 20.282105      NaN    1.0    9.0   c  0.0    1.12 42.73262 -2.13176  5381.16  1046.74 2.62 2.44  63.8 -0.393    19.52 21.46 02a59050o0773c 0xc00800
59050.606671 20.244005      NaN    5.0    8.0   c  0.0    1.20 42.73262 -2.13176  5403.13  1084.09 2.39 2.31 -70.3 -0.405    19.62 21.46 02a59050o0782c 0xc00800
59050.611759 19.894850      NaN   10.0   10.0   c  0.0    1.01 42.73262 -2.13176  5343.61  1006.65 2.49 2.32  56.2 -0.402    19.54 21.36 02a59050o0793c 0xc00800
59058.574145 19.894850      NaN   10.0   10.0   c  0.0    0.86 42.73262 -2.13176  5660.76  6863.44 2.87 2.49  38.6 -0.390    19.52 21.42 02a59058o0712c 0xc00800
59058.577349 20.103715      NaN   -4.0   11.0   c  0.0    0.97 42.73262 -2.13176  5679.82  6902.31 2.90 2.50  38.3 -0.392    19.54 21.44 02a59058o0719c 0xc00800
59058.583338 20.207197      NaN    0.0   10.0   c  0.0    0.96 42.73262 -2.13176  5622.32  6824.42 2.89 2.47  38.2 -0.387    19.55 21.47 02a59058o0732c 0xc00800
59058.602279 20.137125      NaN    2.0   10.0   c  0.0    1.05 42.73262 -2.13176  5602.57  6941.08 2.92 2.54  41.8 -0.387    19.57 21.51 02a59058o0773c 0xc00800
59078.556599 20.039830      NaN    5.0   10.0   c  0.0    1.34 42.73262 -2.13176  9973.67  7172.58 2.81 2.75 -89.9 -0.392    19.59 21.66 02a59078o0702c 0xc00800
59078.559801 19.743105      NaN   16.0   10.0   c  0.0    1.28 42.73262 -2.13176  9993.10  7210.55 2.70 2.66 -59.1 -0.400    19.67 21.68 02a59078o0709c 0xc00800
59078.565315 20.321591      NaN   -2.0    9.0   c  0.0    1.11 42.73262 -2.13176  9933.92  7133.11 2.80 2.72  32.4 -0.389    19.65 21.70 02a59078o0721c 0xc00800
59078.575450 20.321591      NaN  -11.0    9.0   c  0.0    0.94 42.73262 -2.13176  9913.35  7250.21 2.73 2.57  39.4 -0.392    19.73 21.70 02a59078o0743c 0xc00800
59082.547344 20.207197      NaN   -2.0   10.0   c  0.0    1.02 42.73262 -2.13176  8540.53  9598.45 2.70 2.64 -58.1 -0.390    19.64 21.52 02a59082o0688c 0xc00800
59082.551564 20.071303      NaN    1.0   11.0   c  0.0    0.82 42.73262 -2.13176  8560.42  9637.70 2.72 2.56 -60.3 -0.393    19.67 21.51 02a59082o0697c 0xc00800
59082.554313 20.321591      NaN   -2.0    9.0   c  0.0    1.70 42.73262 -2.13176  8501.57  9558.73 2.67 2.56 -58.7 -0.393    19.71 21.51 02a59082o0703c 0xc00800
59082.563475 20.071303      NaN    1.0   11.0   c  0.0    1.53 42.73262 -2.13176  8481.97  9676.91 2.66 2.57 -65.7 -0.393    19.72 21.54 02a59082o0723c 0xc00800
59086.562717 20.071303      NaN    4.0   10.0   c  0.0    0.98 42.73262 -2.13176  8540.39  9602.03 2.98 2.48 -57.7 -0.389    19.69 21.62 02a59086o0183c 0xc00800
59086.564555 20.321591      NaN   -2.0    9.0   c  0.0    1.62 42.73262 -2.13176  8560.33  9641.27 2.94 2.46 -58.3 -0.390    19.70 21.62 02a59086o0187c 0xc00800
59086.568668 20.207197      NaN   -9.0   10.0   c  0.0    0.92 42.73262 -2.13176  8501.79  9562.40 2.93 2.47 -56.8 -0.392    19.71 21.63 02a59086o0196c 0xc00800
59086.574688 20.321591      NaN   -2.0    9.0   c  0.0    1.52 42.73262 -2.13176  8483.03  9681.09 3.12 2.65 -55.7 -0.378    19.66 21.66 02a59086o0209c 0xc00800
59106.516741 19.841877      NaN   18.0    8.0   c  0.0    1.36 42.73262 -2.13176  7519.22  4836.74 2.54 2.36  36.0 -0.394    19.74 21.76 02a59106o0660c 0xc00900
59106.518570 20.362567      NaN    2.0    8.0   c  0.0    1.40 42.73262 -2.13176  7538.68  4875.77 2.53 2.34  33.6 -0.394    19.76 21.76 02a59106o0664c 0xc00800
59106.523613 20.449472      NaN   -1.0    8.0   c  0.0    1.13 42.73262 -2.13176  7480.92  4799.32 2.54 2.36  32.5 -0.393    19.77 21.78 02a59106o0675c 0xc00800
59106.528678 20.543943      NaN    1.0    7.0   c  0.0    1.26 42.73262 -2.13176  7460.50  4915.55 2.46 2.32  32.5 -0.399    19.77 21.79 02a59106o0686c 0xc00800
59110.484132 20.321591      NaN  -12.0    9.0   c  0.0    0.80 42.73262 -2.13176  7518.78  4836.48 2.63 2.36  33.7 -0.390    19.63 21.55 02a59110o0592c 0xc00800
59110.487335 19.979496      NaN   13.0    8.0   c  0.0    1.20 42.73262 -2.13176  7537.78  4874.60 2.70 2.38  33.1 -0.382    19.66 21.55 02a59110o0599c 0xc00800
59110.490078 20.449472      NaN   -3.0    8.0   c  0.0    1.11 42.73262 -2.13176  7479.86  4797.09 2.64 2.29  35.8 -0.388    19.67 21.56 02a59110o0605c 0xc00800
59110.497774 20.321591      NaN   -6.0    9.0   c  0.0    1.25 42.73262 -2.13176  7455.40  4915.63 2.72 2.38  38.0 -0.383    19.66 21.57 02a59110o0621c 0xc00800
59114.505032 20.207197      NaN   -1.0   10.0   c  0.0    1.01 42.73262 -2.13176  6030.70  9196.50 2.52 2.44  39.2 -0.402    19.69 21.54 02a59114o0641c 0xc00900
59114.515082 19.841877      NaN   12.0   10.0   c  0.0    1.65 42.73262 -2.13176  6046.90  9239.44 2.53 2.47  35.0 -0.403    19.67 21.52 02a59114o0662c 0xc00800
59114.516912 20.071303      NaN    4.0   10.0   c  0.0    1.27 42.73262 -2.13176  5990.45  9158.97 2.52 2.48  39.5 -0.406    19.65 21.52 02a59114o0666c 0xc00800
59114.522496 20.207197      NaN    0.0   10.0   c  0.0    1.13 42.73262 -2.13176  5969.62  9276.60 2.48 2.44  36.9 -0.402    19.69 21.52 02a59114o0678c 0xc00800
59138.503383 17.405762      NaN  -86.0  132.0   c  0.0    1.03 42.73262 -2.13176  5060.87  7531.56 2.74 2.32  42.1 -0.394    16.70 18.34 02a59138o0678c 0xc00800
59138.508911 19.302877      NaN  -54.0   23.0   c  0.0    1.18 42.73262 -2.13176  5119.21  7609.40 2.68 2.33  43.4 -0.401    18.59 20.31 02a59138o0690c 0xc00900
59138.543780 20.207197      NaN    0.0   10.0   c  0.0    1.05 42.73262 -2.13176  5136.93  7494.24 2.65 2.30  42.4 -0.398    19.77 21.63 02a59138o0765c 0xc00800
59142.394236 20.207197      NaN    9.0    7.0   c  0.0    1.75 42.73262 -2.13176  5499.88  2990.21 2.48 2.31  43.1 -0.399    19.68 21.46 02a59142o0445c 0xc00800
59142.414465 20.321591      NaN   -4.0    9.0   c  0.0    0.98 42.73262 -2.13176  5514.73  3028.61 2.56 2.26  34.4 -0.401    19.72 21.54 02a59142o0487c 0xc00800
59142.420448 20.171596      NaN    7.0    8.0   c  0.0    0.91 42.73262 -2.13176  5459.19  2951.60 2.45 2.28  36.4 -0.398    19.70 21.52 02a59142o0500c 0xc00900
59142.423654 20.761819      NaN  -13.0    6.0   c  0.0    1.55 42.73262 -2.13176  5439.38  3068.41 2.45 2.28  37.0 -0.402    19.72 21.53 02a59142o0507c 0xc00800
59146.474443 20.362567      NaN    2.0    8.0   c  0.0    1.56 42.73262 -2.13176  6833.96  3604.07 2.66 2.39  42.5 -0.389    19.69 21.62 02a59146o0619c 0xc00800
59146.479961 20.137125      NaN    8.0    8.0   c  0.0    1.44 42.73262 -2.13176  6813.99  3565.40 2.70 2.41  43.9 -0.388    19.69 21.62 02a59146o0631c 0xc00800
59146.483646 20.103715      NaN    3.0   10.0   c  0.0    0.87 42.73262 -2.13176  6871.81  3643.62 2.63 2.37  45.9 -0.388    19.71 21.63 02a59146o0639c 0xc00800
59146.516283 20.039830      NaN   11.0    8.0   c  0.0    1.36 42.73262 -2.13176  6887.66  3531.87 2.58 2.32  43.7 -0.387    19.68 21.56 02a59146o0658c 0xc00800
59170.364274 19.841877      NaN   12.0   10.0   c  0.0    0.81 42.73262 -2.13176  9888.74  5239.59 2.45 2.39  -1.0 -0.407    19.74 21.51 02a59170o0322c 0xc00800
59170.367529 19.950541      NaN   14.0    8.0   c  0.0    1.43 42.73262 -2.13176  9911.21  5276.86 2.45 2.41  15.8 -0.404    19.75 21.50 02a59170o0329c 0xc00800
59170.377277 20.244005      NaN    5.0    8.0   c  0.0    1.28 42.73262 -2.13176  9854.85  5200.81 2.46 2.44  49.1 -0.402    19.69 21.46 02a59170o0350c 0xc00800
59170.415488 20.039830      NaN   11.0    8.0   c  0.0    0.97 42.73262 -2.13176   749.07  5248.32 2.38 2.23  37.4 -0.414    19.71 21.51 02a59170o0407c 0xc00800
59190.378157 20.207197      NaN   -7.0   10.0   c  0.0    1.06 42.73262 -2.13176  4987.58  5635.12 2.69 2.49  47.8 -0.389    19.64 21.57 02a59190o0361c 0xc00800
59190.386994 19.894850      NaN   10.0   10.0   c  0.0    1.10 42.73262 -2.13176  4964.14  5596.89 2.67 2.37  47.6 -0.393    19.67 21.50 02a59190o0379c 0xc00800
59190.390236 20.321591      NaN   -1.0    9.0   c  0.0    1.07 42.73262 -2.13176  5022.88  5671.56 2.57 2.37  49.8 -0.395    19.72 21.48 02a59190o0386c 0xc00800
59190.393933 20.207197      NaN    3.0    9.0   c  0.0    1.19 42.73262 -2.13176  5041.29  5558.16 2.61 2.36  47.6 -0.392    19.69 21.47 02a59190o0394c 0xc00800
59193.349106 20.449472      NaN   -5.0    8.0   c  0.0    1.20 42.73262 -2.13176  4981.58  5630.61 2.59 2.41  49.0 -0.399    19.71 21.71 02a59193o0365c 0xc00800
59193.352306 20.039830      NaN   14.0    7.0   c  0.0    1.38 42.73262 -2.13176  4963.02  5592.03 2.49 2.38  60.9 -0.403    19.75 21.69 02a59193o0372c 0xc00800
59193.357812 20.207197      NaN  -20.0   10.0   c  0.0    0.76 42.73262 -2.13176  5021.05  5669.33 2.54 2.41  50.4 -0.402    19.77 21.73 02a59193o0384c 0xc00900
59193.368344 20.321591      NaN   -8.0    9.0   c  0.0    1.15 42.73262 -2.13176  5041.39  5555.22 2.73 2.43  47.3 -0.390    19.71 21.72 02a59193o0407c 0xc00800
59194.364796 20.244005      NaN    8.0    7.0   c  0.0    1.22 42.73262 -2.13176  6482.61  1274.50 2.50 2.29 -66.1 -0.400    19.79 21.84 02a59194o0393c 0xc00800
59194.370317 19.979496      NaN   13.0    8.0   c  0.0    0.88 42.73262 -2.13176  6462.48  1234.51 2.63 2.44 -67.5 -0.395    19.72 21.83 02a59194o0405c 0xc00800
59194.373995 20.321591      NaN   -2.0    9.0   c  0.0    0.73 42.73262 -2.13176  6520.21  1313.18 2.59 2.38 -63.8 -0.401    19.76 21.84 02a59194o0413c 0xc00800
59194.384579 20.594452      NaN   -1.0    7.0   c  0.0    1.11 42.73262 -2.13176  6540.09  1193.41 2.56 2.33 -62.8 -0.403    19.76 21.83 02a59194o0436c 0xc00800
59196.402477 19.115465      NaN   40.0   14.0   c  0.0    1.05 42.73262 -2.13176  7298.27   932.72 4.96 4.78 -80.5 -0.229    19.00 21.77 01a59196o0019c 0xc00900
59196.405698 19.766969      NaN  -10.0   15.0   c  0.0    0.93 42.73262 -2.13176  7317.66   970.81 5.43 5.21 -75.6 -0.231    18.71 21.67 01a59196o0026c 0xc00800
59196.411221 19.472870      NaN   17.0   14.0   c  0.0    1.00 42.73262 -2.13176  7258.16   893.92 4.64 4.47 -52.5 -0.263    19.09 21.78 01a59196o0038c 0xc00800
59196.423693 19.766969      NaN  -20.0   15.0   c  0.0    0.99 42.73262 -2.13176  7241.93  1011.61 5.40 5.21 -67.2 -0.291    18.88 21.72 01a59196o0065c 0xc00800
59198.320849 19.894850      NaN   16.0    8.0   c  0.0    1.31 42.73262 -2.13176  6483.30  1269.76 2.54 2.25 -61.9 -0.407    19.56 21.43 02a59198o0296c 0xc00800
59198.323656 20.009244      NaN    0.0   12.0   c  0.0    1.18 42.73262 -2.13176  6464.83  1232.53 2.51 2.24 -61.5 -0.408    19.45 21.27 02a59198o0302c 0xc00800
59198.354824 20.207197 0.361912   30.0   10.0   c  0.0    2.07 42.73262 -2.13176  6517.51  1311.94 2.48 2.18 -60.5 -0.408    19.21 20.97 02a59198o0369c 0xc00800
59198.360337 19.841877      NaN   -4.0   14.0   c  0.0    1.14 42.73262 -2.13176  6540.59  1198.57 2.49 2.22 -62.2 -0.405    18.98 20.75 02a59198o0381c 0xc00800
59200.328755 20.171596      NaN   10.0    7.0   c  0.0    1.34 42.73262 -2.13176  7489.62  4817.36 2.65 2.57  -6.7 -0.369    19.75 21.86 01a59200o0201c 0xc00800
59200.331977 20.207197      NaN    6.0    8.0   c  0.0    0.91 42.73262 -2.13176  7510.28  4856.11 2.54 2.50 -18.4 -0.379    19.82 21.84 01a59200o0208c 0xc00800
59200.342122 20.171596      NaN   10.0    7.0   c  0.0    1.56 42.73262 -2.13176  7451.83  4778.27 2.43 2.36 -64.4 -0.387    19.85 21.86 01a59200o0230c 0xc00800
59200.348570 20.103715      NaN   12.0    7.0   c  0.0    1.34 42.73262 -2.13176  7433.95  4893.46 2.60 2.47 -20.9 -0.386    19.79 21.85 01a59200o0244c 0xc00800
59220.289947 20.405150      NaN    1.0    8.0   c  0.0    0.80 42.73262 -2.13176  1567.84  3198.98 2.39 2.38 -69.7 -0.392    19.83 21.92 01a59220o0213c 0xc00800
59220.293178 20.207197      NaN    6.0    8.0   c  0.0    1.29 42.73262 -2.13176  1588.65  3238.01 2.41 2.40  47.7 -0.391    19.79 21.91 01a59220o0220c 0xc00800
59220.303326 20.594452      NaN   -4.0    7.0   c  0.0    1.39 42.73262 -2.13176  1531.03  3159.97 2.31 2.25  23.6 -0.391    19.83 21.86 01a59220o0242c 0xc00800
59220.308853 20.244005      NaN    8.0    7.0   c  0.0    1.36 42.73262 -2.13176  1512.54  3276.88 2.32 2.27 -46.0 -0.392    19.82 21.82 01a59220o0254c 0xc00800
59221.304881 20.449472      NaN  -15.0    8.0   c  0.0    0.96 42.73262 -2.13176  8774.45  3510.14 2.49 2.37 -71.2 -0.393    19.74 21.70 02a59221o0244c 0xc00800
59221.309008 19.950541      NaN   14.0    8.0   c  0.0    1.27 42.73262 -2.13176  8755.08  3473.11 2.57 2.34 -67.0 -0.396    19.74 21.70 02a59221o0253c 0xc00800
59221.315903 20.282105      NaN    4.0    8.0   c  0.0    1.47 42.73262 -2.13176  8812.40  3550.94 2.51 2.40 -68.3 -0.391    19.76 21.67 02a59221o0268c 0xc00800
59221.327427 19.868040      NaN   14.0    9.0   c  0.0    1.01 42.73262 -2.13176  8831.66  3433.55 2.55 2.37 -61.3 -0.395    19.78 21.68 02a59221o0293c 0xc00900
59222.327654 20.207197      NaN  -23.0   10.0   c  0.0    0.62 42.73262 -2.13176  8767.70  3511.75 2.59 2.39 -62.0 -0.389    19.73 21.62 02a59222o0293c 0xc00800
59222.331808 20.321591      NaN   -4.0    9.0   c  0.0    1.25 42.73262 -2.13176  8748.61  3472.40 2.61 2.42 -63.4 -0.387    19.67 21.65 02a59222o0302c 0xc00800
59222.337337 20.449472      NaN    3.0    7.0   c  0.0    1.39 42.73262 -2.13176  8807.15  3550.95 2.63 2.49 -60.3 -0.384    19.70 21.65 02a59222o0314c 0xc00800
59222.347445 19.979496      NaN   10.0    9.0   c  0.0    1.01 42.73262 -2.13176  8830.65  3434.37 2.63 2.44 -60.3 -0.386    19.68 21.63 02a59222o0336c 0xc00800
59224.306081 19.529530      NaN   17.0   13.0   c  0.0    1.12 42.73262 -2.13176 10528.17  9476.72 2.90 2.34  81.3 -0.362    19.84 21.83 01a59224o0181c 0xc00800
59224.307925 20.207197      NaN   -1.0   10.0   c  0.0    0.87 42.73262 -2.13176   208.13  9530.77 2.51 2.39 -53.9 -0.419    19.78 21.91 01a59224o0185c 0xc00800
59224.311614 19.922338      NaN   15.0    8.0   c  0.0    1.18 42.73262 -2.13176   228.67  9570.99 2.48 2.21 -73.1 -0.433    19.84 21.91 01a59224o0193c 0xc00900
59224.317635 19.979496      NaN    4.0   11.0   c  0.0    1.45 42.73262 -2.13176 10486.51  9438.48 2.94 2.83  28.0 -0.382    19.65 21.83 01a59224o0206c 0xc00800
59224.319476 20.207197      NaN   -5.0   10.0   c  0.0    0.89 42.73262 -2.13176   169.15  9492.37 2.56 2.31 -69.1 -0.422    19.77 21.84 01a59224o0210c 0xc00800
59224.328825 20.207197      NaN  -10.0   10.0   c  0.0    1.28 42.73262 -2.13176 10469.12  9557.94 2.93 2.64  73.9 -0.349    19.63 21.67 01a59224o0230c 0xc00800
59224.329287 20.207197      NaN  -12.0   10.0   c  0.0    1.06 42.73262 -2.13176   150.37  9610.45 2.70 2.42 -62.9 -0.411    19.69 21.73 01a59224o0231c 0xc00800
59226.313754 20.071303      NaN   13.0    7.0   c  0.0    1.57 42.73262 -2.13176  7014.87  7478.24 2.72 2.56  49.9 -0.399    19.71 21.77 02a59226o0259c 0xc00800
59226.319741 20.207197      NaN   -2.0   10.0   c  0.0    0.69 42.73262 -2.13176  6995.60  7438.28 2.67 2.50  50.6 -0.402    19.75 21.74 02a59226o0272c 0xc00800
59226.323411 20.244005      NaN    5.0    8.0   c  0.0    1.43 42.73262 -2.13176  7054.20  7517.64 2.72 2.49  47.8 -0.396    19.74 21.75 02a59226o0280c 0xc00800
59226.333520 20.171596      NaN    4.0    9.0   c  0.0    1.19 42.73262 -2.13176  7077.32  7400.04 2.73 2.56  51.2 -0.399    19.70 21.73 02a59226o0302c 0xc00900
59228.325003 19.569016      NaN   18.0   12.0   c  0.0    1.50 42.73262 -2.13176 10521.42  9475.40 2.94 2.50  77.3 -0.343    19.74 21.73 01a59228o0002c 0xc00800
59228.326847 20.103715      NaN    6.0    9.0   c  0.0    1.64 42.73262 -2.13176   205.51  9525.29 2.73 2.46 -57.2 -0.390    19.70 21.78 01a59228o0006c 0xc00800
59228.330073 20.207197      NaN   -2.0   10.0   c  0.0    1.12 42.73262 -2.13176   224.82  9563.83 2.89 2.58 -61.6 -0.389    19.68 21.78 01a59228o0013c 0xc00800
59228.333759 19.569016      NaN   21.0   11.0   c  0.0    1.26 42.73262 -2.13176 10480.39  9435.93 3.27 3.00  57.1 -0.308    19.55 21.73 01a59228o0021c 0xc00800
59228.336521 20.321591      NaN  -11.0    9.0   c  0.0    1.45 42.73262 -2.13176   166.72  9485.05 3.25 2.93 -57.0 -0.338    19.56 21.77 01a59228o0027c 0xc00800
59228.344370 19.868040      NaN    2.0   13.0   c  0.0    1.02 42.73262 -2.13176 10461.42  9554.84 3.43 3.36 -65.8 -0.296    19.44 21.66 01a59228o0044c 0xc00800
59228.346673 20.103715      NaN   -5.0   11.0   c  0.0    0.98 42.73262 -2.13176   146.28  9602.33 3.26 2.92 -47.6 -0.380    19.53 21.70 01a59228o0049c 0xc00800
59230.269376 19.950541      NaN   14.0    8.0   c  0.0    1.60 42.73262 -2.13176  7021.40  7475.78 2.53 2.41  65.9 -0.409    19.75 21.67 02a59230o0158c 0xc00800
59230.272595 20.009244      NaN   12.0    8.0   c  0.0    1.31 42.73262 -2.13176  7002.62  7436.85 2.53 2.39  58.1 -0.412    19.79 21.68 02a59230o0165c 0xc00800
59230.279952 20.449472      NaN   -5.0    8.0   c  0.0    1.38 42.73262 -2.13176  7060.22  7515.22 2.57 2.43  59.2 -0.407    19.77 21.67 02a59230o0181c 0xc00800
59230.294638 20.321591      NaN    0.0    9.0   c  0.0    1.75 42.73262 -2.13176  7080.15  7398.38 2.62 2.47  59.9 -0.406    19.77 21.62 02a59230o0213c 0xc00800
59248.296098 19.950541      NaN   11.0    9.0   c  0.0    1.20 42.73262 -2.13176  7604.27  6747.83 3.01 2.81  89.6 -0.358    19.50 21.65 01a59248o0144c 0xc00900
59248.299324 20.207197      NaN    0.0   10.0   c  0.0    1.18 42.73262 -2.13176  7623.82  6787.25 2.83 2.51  84.7 -0.378    19.60 21.66 01a59248o0151c 0xc00800
59248.305329 20.321591      NaN   -2.0    9.0   c  0.0    1.34 42.73262 -2.13176  7564.54  6711.14 2.94 2.61 -87.5 -0.377    19.59 21.64 01a59248o0164c 0xc00800
59248.321918 19.719755      NaN   20.0    9.0   c  0.0    1.66 42.73262 -2.13176  7541.73  6827.58 2.82 2.52  88.3 -0.365    19.53 21.53 01a59248o0200c 0xc00900
59252.272614 19.868040      NaN   17.0    8.0   c  0.0    1.17 42.73262 -2.13176  7602.85  6747.68 2.39 2.13  88.4 -0.405    19.79 21.53 01a59252o0149c 0xc00800
59252.276762 20.543943      NaN    1.0    7.0   c  0.0    1.61 42.73262 -2.13176  7622.89  6786.57 2.60 2.10 -84.7 -0.388    19.73 21.53 01a59252o0158c 0xc00800
59252.284135 20.321591      NaN   -3.0    9.0   c  0.0    1.14 42.73262 -2.13176  7564.85  6709.08 2.36 2.11 -88.5 -0.399    19.78 21.53 01a59252o0174c 0xc00800
59252.294283 20.362567      NaN    5.0    7.0   c  0.0    1.74 42.73262 -2.13176  7543.44  6827.00 2.56 2.20 -89.9 -0.406    19.68 21.50 01a59252o0196c 0xc00800
59254.285051 19.743105      NaN   10.0   12.0   c  0.0    0.93 42.73262 -2.13176  5175.17  9516.03 2.56 2.51 -63.0 -0.390    19.63 21.41 02a59254o0118c 0xc00800
59254.288258 19.743105      NaN   10.0   12.0   c  0.0    1.13 42.73262 -2.13176  5156.55  9477.08 2.70 2.61 -46.0 -0.382    19.58 21.41 02a59254o0125c 0xc00800
59256.266885 20.244005      NaN    2.0    9.0   c  0.0    1.12 42.73262 -2.13176  3405.85  1160.51 2.58 2.49  66.6 -0.379    19.60 21.54 01a59256o0134c 0xc00800
59256.273334 20.207197      NaN    3.0    9.0   c  0.0    0.99 42.73262 -2.13176  3427.01  1199.49 2.64 2.58 -64.6 -0.374    19.56 21.52 01a59256o0148c 0xc00800
59256.277958 20.009244      NaN   12.0    8.0   c  0.0    1.41 42.73262 -2.13176  3368.78  1120.93 2.49 2.46  75.7 -0.383    19.61 21.48 01a59256o0158c 0xc00800
59256.288113 19.979496      NaN   10.0    9.0   c  0.0    1.37 42.73262 -2.13176  3350.60  1237.70 2.54 2.46  81.3 -0.392    19.57 21.48 01a59256o0180c 0xc00900
59258.230970 20.449472      NaN    0.0    8.0   c  0.0    1.08 42.73262 -2.13176  4908.16  3697.99 2.47 2.37 -82.5 -0.394    19.57 21.31 02a59258o0034c 0xc00800
59258.234175 20.207197      NaN   -8.0   10.0   c  0.0    0.95 42.73262 -2.13176  4888.99  3659.62 2.47 2.38  86.8 -0.401    19.62 21.35 02a59258o0041c 0xc00800
59258.239752 19.791368      NaN   17.0    9.0   c  0.0    1.04 42.73262 -2.13176  4948.18  3736.99 2.41 2.31 -82.0 -0.401    19.64 21.36 02a59258o0053c 0xc00800
59258.250308 20.449472      NaN   -5.0    8.0   c  0.0    1.37 42.73262 -2.13176  4969.23  3620.00 2.41 2.33 -89.8 -0.403    19.64 21.37 02a59258o0076c 0xc00800
59260.239912 20.171596      NaN    7.0    8.0   c  0.0    0.95 42.73262 -2.13176  3396.65  1161.86 2.24 2.14   6.1 -0.394    19.76 21.46 01a59260o0003c 0xc00800
59260.243137 20.495680      NaN    2.0    7.0   c  0.0    1.60 42.73262 -2.13176  3417.37  1197.26 2.15 2.07   6.7 -0.404    19.80 21.47 01a59260o0010c 0xc00800
59260.248665 20.449472      NaN   -5.0    8.0   c  0.0    1.08 42.73262 -2.13176  3359.55  1117.06 2.11 2.02  -5.8 -0.408    19.78 21.45 01a59260o0022c 0xc00800
59260.259261 20.405150      NaN    4.0    7.0   c  0.0    1.64 42.73262 -2.13176  3342.67  1233.40 2.08 2.06 -21.7 -0.409    19.77 21.44 01a59260o0045c 0xc00800
59414.589380 19.631075      NaN    9.0   14.0   c  0.0    1.10 42.73262 -2.13176  1486.86  1231.47 2.94 2.88  -3.7 -0.392    19.25 20.96 02a59414o0745c 0xc00800
59414.606413 19.816329      NaN   10.0   11.0   c  0.0    1.01 42.73262 -2.13176  1505.68  1269.36 2.66 2.57 -12.1 -0.409    19.38 21.02 02a59414o0782c 0xc00900
59414.617033 20.009244      NaN   -8.0   12.0   c  0.0    0.99 42.73262 -2.13176  1446.81  1188.98 2.62 2.53 -43.0 -0.414    19.30 20.77 02a59414o0805c 0xc00800
59414.624078 19.454622      NaN  -37.0   20.0   c  0.0    1.48 42.73262 -2.13176  1428.21  1306.57 2.69 2.61 -53.9 -0.402    18.71 19.90 02a59414o0820c 0xc00900
59432.596260 20.321591      NaN   -1.0    9.0   c  0.0    1.08 42.73262 -2.13176  5089.30  7561.97 3.12 3.07 -80.3 -0.355    19.54 21.71 01a59432o0781c 0xc00800
59432.613627 20.321591      NaN   -7.0    9.0   c  0.0    1.04 42.73262 -2.13176  5071.79  7525.80 3.19 2.96  -1.4 -0.347    19.50 21.71 01a59432o0818c 0xc00800
59432.622073 20.039830      NaN    2.0   11.0   c  0.0    0.96 42.73262 -2.13176  5130.26  7602.13 3.42 2.83  -1.2 -0.341    19.43 21.34 01a59432o0836c 0xc00800
59436.562532 20.244005      NaN    8.0    7.0   c  0.0    1.22 42.73262 -2.13176  5084.18  7569.57 2.40 2.21 -68.7 -0.382    19.84 21.70 01a59436o0698c 0xc00800
59436.565316 20.321591      NaN    3.0    8.0   c  0.0    1.05 42.73262 -2.13176  5065.36  7529.77 2.24 2.07 -72.3 -0.388    19.90 21.70 01a59436o0704c 0xc00800
59436.571306 20.362567      NaN    8.0    6.0   c  0.0    1.19 42.73262 -2.13176  5128.46  7609.09 2.16 2.04 -57.6 -0.383    19.93 21.70 01a59436o0717c 0xc00900
59436.581447 20.405150      NaN    4.0    7.0   c  0.0    1.35 42.73262 -2.13176  5149.52  7492.88 2.41 2.26 -65.2 -0.369    19.84 21.74 01a59436o0739c 0xc00800
59440.574615 20.207197      NaN  -12.0   10.0   c  0.0    0.93 42.73262 -2.13176  6831.69  3603.26 3.39 3.02 -10.1 -0.345    19.52 21.65 01a59440o0739c 0xc00800
59440.581182 20.103715      NaN   -7.0   11.0   c  0.0    0.90 42.73262 -2.13176  6812.03  3565.34 4.29 3.26  -0.7 -0.306    19.32 21.64 01a59440o0753c 0xc00800
59440.598248 20.321591      NaN  -14.0    9.0   c  0.0    1.16 42.73262 -2.13176  6871.64  3641.96 4.11 2.71   0.1 -0.336    19.50 21.76 01a59440o0789c 0xc00800
59440.604243 20.244005      NaN    2.0    9.0   c  0.0    0.94 42.73262 -2.13176  6893.20  3526.15 3.94 2.73   4.4 -0.344    19.51 21.77 01a59440o0802c 0xc00800
59444.534752 20.244005      NaN    8.0    7.0   c  0.0    1.06 42.73262 -2.13176  6832.27  3607.27 2.50 2.44  68.1 -0.393    19.76 21.52 01a59444o0605c 0xc00800
59444.537978 20.449472      NaN   -1.0    8.0   c  0.0    1.03 42.73262 -2.13176  6812.70  3567.91 2.49 2.46 -60.3 -0.395    19.70 21.55 01a59444o0612c 0xc00800
59444.545190 20.321591      NaN    3.0    8.0   c  0.0    1.02 42.73262 -2.13176  6873.27  3646.89 2.47 2.45 -86.7 -0.389    19.79 21.60 01a59444o0627c 0xc00800
59444.555348 20.449472 0.271434   24.0    6.0   c  0.0    1.62 42.73262 -2.13176  6894.52  3530.20 2.57 2.46  27.7 -0.374    19.81 21.65 01a59444o0649c 0xc00900
59462.537991 20.449472      NaN    3.0    7.0   c  0.0    1.63 42.73262 -2.13176  5672.71  6870.03 2.38 2.24  45.5 -0.402    19.73 21.57 02a59462o0601c 0xc00800
59462.541201 20.207197      NaN    3.0    9.0   c  0.0    0.93 42.73262 -2.13176  5692.98  6908.19 2.37 2.23  31.8 -0.405    19.73 21.59 02a59462o0608c 0xc00800
59462.547993 20.103715      NaN    9.0    8.0   c  0.0    1.42 42.73262 -2.13176  5632.14  6833.03 2.43 2.22  33.4 -0.397    19.80 21.61 02a59462o0622c 0xc00800
59462.554892 20.207197      NaN    6.0    8.0   c  0.0    1.22 42.73262 -2.13176  5616.22  6948.48 2.40 2.26  27.0 -0.404    19.76 21.62 02a59462o0637c 0xc00800
59466.513932 20.207197      NaN    3.0    9.0   c  0.0    1.05 42.73262 -2.13176  9787.26  3295.11 2.46 2.32 -52.6 -0.406    19.76 21.63 02a59466o0643c 0xc00800
59466.515761 19.950541      NaN    8.0   10.0   c  0.0    0.74 42.73262 -2.13176  9807.78  3332.76 2.48 2.35 -51.2 -0.405    19.72 21.63 02a59466o0647c 0xc00800
59466.522991 19.922338      NaN   15.0    8.0   c  0.0    1.15 42.73262 -2.13176  9746.91  3257.08 2.41 2.32 -46.7 -0.400    19.78 21.64 02a59466o0662c 0xc00800
59466.529855 20.137125      NaN    8.0    8.0   c  0.0    1.06 42.73262 -2.13176  9729.19  3372.41 2.39 2.32 -44.3 -0.404    19.74 21.67 02a59466o0677c 0xc00900
59470.499683 20.321591      NaN   -1.0    9.0   c  0.0    0.77 42.73262 -2.13176  9788.96  3291.73 2.44 2.28 -52.4 -0.403    19.69 21.38 02a59470o0616c 0xc00800
59470.501511 20.207197      NaN    0.0   10.0   c  0.0    1.17 42.73262 -2.13176  9807.53  3331.63 2.43 2.28 -55.6 -0.402    19.63 21.36 02a59470o0620c 0xc00800
59470.506818 20.282105      NaN    1.0    9.0   c  0.0    1.24 42.73262 -2.13176  9749.79  3253.09 2.36 2.26 -55.8 -0.401    19.69 21.34 02a59470o0630c 0xc00800
59470.512345 20.171596      NaN    7.0    8.0   c  0.0    1.41 42.73262 -2.13176  9728.60  3370.31 2.50 2.39 -50.0 -0.395    19.63 21.33 02a59470o0642c 0xc00900
59518.482620 20.039830      NaN   11.0    8.0   c  0.0    1.19 42.73262 -2.13176  4539.67  1367.68 2.37 2.26 -86.0 -0.418    19.69 21.58 02a59518o0645c 0xc00800
59518.487349 20.321591      NaN   -8.0    9.0   c  0.0    0.90 42.73262 -2.13176  4520.21  1326.65 2.38 2.26 -82.2 -0.416    19.70 21.57 02a59518o0655c 0xc00800
59518.493370 20.137125      NaN    5.0    9.0   c  0.0    1.04 42.73262 -2.13176  4578.05  1404.62 2.41 2.29 -88.4 -0.412    19.68 21.56 02a59518o0668c 0xc00800
59518.511526 20.449472      NaN    0.0    8.0   c  0.0    0.75 42.73262 -2.13176  4591.65  1290.85 2.39 2.26 -72.0 -0.418    19.71 21.49 02a59518o0706c 0xc00800
59522.449567 19.791368      NaN   14.0   10.0   c  0.0    1.22 42.73262 -2.13176  8956.19  7384.23 2.81 2.57  44.7 -0.392    19.62 21.42 02a59522o0587c 0xc00900
59522.452340 20.207197      NaN   -1.0   10.0   c  0.0    0.97 42.73262 -2.13176  8937.30  7346.46 2.82 2.58  46.4 -0.393    19.63 21.43 02a59522o0593c 0xc00800
59522.458366 19.868040      NaN   11.0   10.0   c  0.0    1.18 42.73262 -2.13176  8997.10  7427.17 2.80 2.56  49.6 -0.393    19.65 21.47 02a59522o0606c 0xc00800
59522.493235 20.207197      NaN   -3.0   10.0   c  0.0    1.04 42.73262 -2.13176  9012.33  7313.80 2.76 2.58  42.3 -0.393    19.61 21.42 02a59522o0681c 0xc00800
59526.389146 20.449472      NaN   -8.0    8.0   c  0.0    0.87 42.73262 -2.13176  1622.98  3172.51 2.36 2.32 -56.6 -0.407    19.69 21.45 02a59526o0453c 0xc00800
59526.391889 19.791368      NaN   17.0    9.0   c  0.0    1.31 42.73262 -2.13176  1644.40  3210.32 2.35 2.33 -45.4 -0.406    19.71 21.46 02a59526o0459c 0xc00800
59526.395089 20.171596      NaN    7.0    8.0   c  0.0    1.11 42.73262 -2.13176  1586.69  3132.70 2.40 2.36 -53.5 -0.403    19.67 21.47 02a59526o0466c 0xc00900
59526.414237 20.282105      NaN    4.0    8.0   c  0.0    1.01 42.73262 -2.13176  1566.83  3250.14 2.40 2.38 -77.1 -0.405    19.70 21.51 02a59526o0505c 0xc00800
59528.409224 19.419021      NaN    8.0   18.0   c  0.0    1.31 42.73262 -2.13176   715.69  1097.96 2.50 2.28 -58.6 -0.441    18.78 20.53 02a59528o0491c 0xc00800
59528.415389 17.654224      NaN   57.0   86.0   c  0.0    0.81 42.73262 -2.13176   776.57  1179.87 2.54 2.29 -61.9 -0.427    17.00 18.62 02a59528o0503c 0xc00800
59528.421605 17.990970      NaN   30.0   67.0   c  0.0    0.99 42.73262 -2.13176   793.17  1060.75 2.40 2.26 -70.5 -0.453    17.39 19.01 02a59528o0515c 0xc00800
59528.429012 18.598565      NaN  -35.0   44.0   c  0.0    1.07 42.73262 -2.13176   748.31  1113.56 2.37 2.27 -81.8 -0.440    17.73 19.43 02a59528o0529c 0xc00800
59602.788867 19.766969      NaN  -34.0   15.0   c  0.0    1.51 42.73262 -2.13176  5459.54  3012.86 3.53 3.13  87.0 -0.369    18.96 20.93 03a59603o0026c 0xc00900
59602.792597 19.766969      NaN   -5.0   15.0   c  0.0    1.03 42.73262 -2.13176  5479.07  3051.88 3.39 3.02  87.4 -0.375    19.18 21.24 03a59603o0034c 0xc00800
59602.798199 20.103715      NaN   -1.0   11.0   c  0.0    1.33 42.73262 -2.13176  5424.37  2974.12 3.27 2.85  83.5 -0.396    19.29 21.44 03a59603o0046c 0xc00800
59602.811299 20.009244      NaN    0.0   12.0   c  0.0    0.99 42.73262 -2.13176  5403.22  3089.93 3.30 2.82  86.0 -0.387    19.30 21.49 03a59603o0074c 0xc00800
59784.599417 20.103715      NaN  -15.0   11.0   c  0.0    1.36 42.73262 -2.13176  9685.76  1346.26 2.55 2.31 -61.8 -0.422    19.42 20.91 02a59784o0781c 0xc00800
59784.617666 19.791368      NaN    2.0   14.0   c  0.0    0.82 42.73262 -2.13176  9707.42  1384.53 2.42 2.19 -61.8 -0.432    19.35 20.63 02a59784o0821c 0xc00800
59784.620380 19.841877      NaN   -1.0   14.0   c  0.0    1.24 42.73262 -2.13176  9649.01  1308.14 2.39 2.19 -60.9 -0.435    19.10 20.36 02a59784o0827c 0xc00800
59784.627722 18.382935      NaN   32.0   43.0   c  0.0    1.04 42.73262 -2.13176  9628.55  1426.69 2.50 2.33 -60.8 -0.406    17.97 18.99 02a59784o0843c 0xc00800
59785.147702 19.841877      NaN    6.0   12.0   c  0.0    0.94 42.73262 -2.13176  8877.64  7412.78 3.50 2.72  -0.6 -0.367    19.44 21.52 03a59785o0913c 0xc00800
59785.153150 20.321591      NaN  -10.0    9.0   c  0.0    1.30 42.73262 -2.13176  8859.54  7373.47 3.49 2.50   0.9 -0.363    19.51 21.51 03a59785o0924c 0xc00800
59785.172228 19.719755      NaN   14.0   11.0   c  0.0    0.98 42.73262 -2.13176  8910.46  7455.94 3.33 2.52   2.2 -0.370    19.49 21.45 03a59785o0963c 0xc00900
59785.180038 20.009244      NaN  -20.0   12.0   c  0.0    0.98 42.73262 -2.13176  8930.52  7341.97 3.10 2.39   1.5 -0.374    19.43 21.09 03a59785o0979c 0xc00800
59788.595757 20.009244      NaN    6.0   10.0   c  0.0    1.27 42.73262 -2.13176  5571.46  4935.97 2.50 2.20  28.4 -0.407    19.55 21.15 02a59788o0775c 0xc00800
59788.601209 20.449472      NaN    0.0    8.0   c  0.0    1.65 42.73262 -2.13176  5588.40  4974.03 2.48 2.17  29.2 -0.406    19.63 21.14 02a59788o0787c 0xc00800
59788.608016 20.321591      NaN   -3.0    9.0   c  0.0    1.00 42.73262 -2.13176  5529.86  4895.49 2.55 2.18  30.2 -0.401    19.58 21.13 02a59788o0802c 0xc00800
59788.626977 19.169763      NaN  -11.0   26.0   c  0.0    1.13 42.73262 -2.13176  5514.22  5010.12 2.63 2.24  28.0 -0.387    18.53 19.53 02a59788o0843c 0xc00800
59791.417328 20.449472      NaN   -7.0    8.0   c  0.0    1.61 42.73262 -2.13176  2996.45  3812.84 2.16 2.06  65.9 -0.377    19.58 21.41 04a59791o0913c 0xc00800
59791.420481 20.449472      NaN   -6.0    8.0   c  0.0    1.19 42.73262 -2.13176  2978.98  3773.52 2.14 2.00  62.0 -0.376    19.61 21.39 04a59791o0920c 0xc00800
59791.424639 20.321591      NaN   -1.0    9.0   c  0.0    1.04 42.73262 -2.13176  3039.08  3850.08 2.20 2.07  66.8 -0.377    19.58 21.32 04a59791o0929c 0xc00800
59791.429798 20.321591      NaN   -2.0    9.0   c  0.0    1.18 42.73262 -2.13176  3061.36  3734.58 2.13 2.04  72.9 -0.372    19.52 21.21 04a59791o0939c 0xc00800
59797.174992 19.950541      NaN   11.0    9.0   c  0.0    1.09 42.73262 -2.13176 10319.86  9611.80 2.55 2.27 -54.1 -0.379    19.69 21.29 03a59797o0835c 0xc00900
59797.177244 19.841877      NaN    9.0   11.0   c  0.0    0.84 42.73262 -2.13176 10337.92  9652.59 2.53 2.26 -53.9 -0.375    19.62 21.08 03a59797o0840c 0xc00800
59797.180428 19.472870      NaN   23.0   12.0   c  0.0    1.48 42.73262 -2.13176 10277.67  9572.47 2.55 2.31 -54.1 -0.381    19.37 20.61 03a59797o0847c 0xc00800
59797.183569 19.401649      NaN   12.0   17.0   c  0.0    0.98 42.73262 -2.13176 10254.70  9689.87 2.55 2.31 -55.4 -0.384    19.11 19.97 03a59797o0853c 0xc00800
59820.595005 19.652575      NaN   14.0   12.0   c  0.0    0.79 42.73262 -2.13176  1796.07  7056.08 2.65 2.53   5.4 -0.404    19.55 21.53 02a59820o0805c 0xc00800
59820.596812 19.894850      NaN   13.0    9.0   c  0.0    1.35 42.73262 -2.13176  1816.03  7094.58 2.46 2.29   6.6 -0.412    19.60 21.54 02a59820o0809c 0xc00800
59820.602241 20.207197      NaN  -16.0   10.0   c  0.0    1.07 42.73262 -2.13176  1758.13  7016.68 2.46 2.28   2.2 -0.414    19.62 21.57 02a59820o0821c 0xc00800
59820.619525 19.841877      NaN   12.0   10.0   c  0.0    1.22 42.73262 -2.13176  1736.27  7137.40 2.55 2.36  11.4 -0.406    19.56 21.57 02a59820o0856c 0xc00900
59823.267150 19.816329      NaN   13.0   10.0   c  0.0    0.98 42.73262 -2.13176  5071.60  5583.91 2.59 2.42 -38.9 -0.380    19.46 21.61 04a59823o0474c 0xc00800
59823.302291 20.495680      NaN    2.0    7.0   c  0.0    1.39 42.73262 -2.13176  4998.31  5619.15 2.08 1.88 -70.9 -0.379    19.71 21.55 04a59823o0551c 0xc00800
59823.315936 20.207197      NaN    6.0    8.0   c  0.0    0.87 42.73262 -2.13176  5061.55  5692.10 2.15 1.95 -67.9 -0.376    19.66 21.51 04a59823o0581c 0xc00900
59824.559342 20.321591      NaN   -3.0    9.0   c  0.0    1.34 42.73262 -2.13176  1797.54  7057.21 2.57 2.29  19.1 -0.404    19.65 21.46 02a59824o0737c 0xc00800
59824.561150 20.321591      NaN   -1.0    9.0   c  0.0    1.17 42.73262 -2.13176  1817.01  7095.71 2.48 2.25  21.5 -0.405    19.66 21.47 02a59824o0741c 0xc00800
59824.564314 20.449472      NaN   -8.0    8.0   c  0.0    1.37 42.73262 -2.13176  1759.27  7017.94 2.52 2.25  17.9 -0.407    19.65 21.48 02a59824o0748c 0xc00800
59824.571999 20.282105      NaN    4.0    8.0   c  0.0    0.94 42.73262 -2.13176  1740.32  7134.49 2.51 2.26  13.3 -0.409    19.66 21.54 02a59824o0765c 0xc00800
59846.490283 17.430723      NaN   -8.0  129.0   c  0.0    1.57 42.73262 -2.13176  5243.71  3690.54 3.09 2.80  30.6 -0.346    16.52 18.34 01a59846o0604c 0xc00800
59846.515075 16.427488      NaN -487.0  325.0   c  0.0    1.17 42.73262 -2.13176  5227.70  3648.85 3.48 3.02  35.8 -0.298    15.60 17.58 01a59846o0655c 0xc00802
59846.518322 16.237919      NaN -136.0  387.0   c  0.0    1.11 42.73262 -2.13176  5283.03  3723.56 3.07 2.79  33.2 -0.347    15.57 17.44 01a59846o0662c 0xc00802
59846.523405 16.430834      NaN -699.0  324.0   c  0.0    1.55 42.73262 -2.13176  5303.60  3606.37 3.02 2.75  36.4 -0.352    15.60 17.46 01a59846o0673c 0xc00802
59848.896540 20.321591      NaN   -6.0    9.0   c  0.0    1.09 42.73262 -2.13176  4957.71  5567.49 2.64 2.39 -48.7 -0.362    19.56 21.42 03a59849o0380c 0xc00800
59848.898345 20.039830      NaN    8.0    9.0   c  0.0    1.40 42.73262 -2.13176  4938.27  5529.07 2.63 2.40 -44.8 -0.369    19.54 21.45 03a59849o0384c 0xc00800
59848.904732 20.405150      NaN    1.0    8.0   c  0.0    1.51 42.73262 -2.13176  4995.25  5606.00 2.57 2.32 -47.4 -0.373    19.60 21.50 03a59849o0398c 0xc00800
59848.939761 20.543943      NaN    1.0    7.0   c  0.0    1.59 42.73262 -2.13176  5012.95  5491.62 2.43 2.20 -51.9 -0.373    19.73 21.61 03a59849o0473c 0xc00800
59850.480509 20.594452      NaN    0.0    7.0   c  0.0    1.14 42.73262 -2.13176  1351.18  3858.84 3.03 2.73  43.8 -0.327    19.71 21.60 01a59850o0592c 0xc00900
59850.482818 20.321591      NaN   -4.0    9.0   c  0.0    0.79 42.73262 -2.13176  1332.98  3821.41 3.00 2.74  43.0 -0.322    19.72 21.59 01a59850o0597c 0xc00800
59850.486979 19.868040      NaN   14.0    9.0   c  0.0    1.02 42.73262 -2.13176  1391.71  3898.63 2.98 2.70  44.1 -0.333    19.72 21.59 01a59850o0606c 0xc00900
59850.521756 19.791368      NaN   17.0    9.0   c  0.0    1.07 42.73262 -2.13176  1415.74  3778.60 3.66 3.19  45.3 -0.249    19.59 21.66 01a59850o0677c 0xc00900
59852.968715 18.702047      NaN  -42.0   40.0   c  0.0    1.47 42.73262 -2.13176  4934.59  5568.82 2.26 2.11 -51.4 -0.381    17.69 19.28 03a59853o0523c 0xc00800
59852.970518 19.401649      NaN  -15.0   21.0   c  0.0    1.25 42.73262 -2.13176  4916.06  5530.05 2.31 2.12 -54.7 -0.373    18.54 20.22 03a59853o0527c 0xc00800
59852.974120 19.868040      NaN    8.0   11.0   c  0.0    0.74 42.73262 -2.13176  4970.99  5608.33 2.30 2.14 -52.6 -0.366    19.62 21.31 03a59853o0535c 0xc00800
59852.979545 20.449472      NaN   -7.0    8.0   c  0.0    1.15 42.73262 -2.13176  4993.09  5494.16 2.34 2.14 -53.7 -0.368    19.75 21.41 03a59853o0547c 0xc00800
59854.446961 19.979496      NaN   13.0    8.0   c  0.0    1.38 42.73262 -2.13176  1340.85  3864.98 3.07 2.82  47.0 -0.327    19.65 21.49 01a59854o0532c 0xc00800
59854.467394 20.449472      NaN   -7.0    8.0   c  0.0    1.29 42.73262 -2.13176  1320.71  3822.96 3.06 2.80  44.1 -0.327    19.65 21.49 01a59854o0573c 0xc00800
59854.474042 20.171596      NaN    7.0    8.0   c  0.0    1.27 42.73262 -2.13176  1378.02  3899.61 3.06 2.78  43.3 -0.325    19.67 21.50 01a59854o0587c 0xc00800
59854.498984 20.449472      NaN  -11.0    8.0   c  0.0    1.18 42.73262 -2.13176  1402.01  3779.95 3.10 2.82  40.9 -0.325    19.66 21.46 01a59854o0640c 0xc00800
59871.165801 20.321591      NaN  -20.0    9.0   c  0.0    1.22 42.73262 -2.13176  6937.37  5556.04 2.56 2.39 -21.1 -0.387    19.40 21.27 04a59871o0401c 0xc00800
59871.194546 19.766969      NaN   18.0    9.0   c  0.0    1.40 42.73262 -2.13176  6927.03  5515.41 2.59 2.35 -27.4 -0.378    19.44 21.31 04a59871o0463c 0xc00900
59871.199637 19.816329      NaN   10.0   11.0   c  0.0    0.87 42.73262 -2.13176  6987.62  5592.38 2.74 2.47 -19.3 -0.371    19.39 21.29 04a59871o0474c 0xc00800
59872.436397 20.009244      NaN   -2.0   12.0   c  0.0    0.78 42.73262 -2.13176  9794.87  3286.42 2.47 2.30 -59.6 -0.418    19.67 21.51 02a59872o0537c 0xc00800
59872.439109 20.171596      NaN    4.0    9.0   c  0.0    1.22 42.73262 -2.13176  9816.70  3323.60 2.50 2.35 -54.0 -0.413    19.63 21.47 02a59872o0543c 0xc00800
59872.442289 19.696897      NaN   18.0   10.0   c  0.0    1.09 42.73262 -2.13176  9757.71  3248.67 2.49 2.36 -56.2 -0.413    19.66 21.43 02a59872o0550c 0xc00800
59872.467097 20.171596      NaN    1.0   10.0   c  0.0    1.16 42.73262 -2.13176   830.97  7190.36 2.38 2.25   9.8 -0.437    19.65 21.45 02a59872o0604c 0xc00800
59875.243192 20.321591      NaN   -2.0    9.0   c  0.0    1.09 42.73262 -2.13176  1725.22  5154.80 2.14 1.90  71.6 -0.390    19.71 21.51 04a59875o0563c 0xc00800
59875.246344 20.207197      NaN    6.0    8.0   c  0.0    0.97 42.73262 -2.13176  1746.92  5190.16 2.15 1.90  70.5 -0.392    19.69 21.55 04a59875o0570c 0xc00800
59875.255721 20.039830      NaN    8.0    9.0   c  0.0    0.90 42.73262 -2.13176  1694.80  5103.18 2.14 1.90  70.4 -0.391    19.67 21.56 04a59875o0590c 0xc00800
59875.287736 19.816329      NaN   16.0    9.0   c  0.0    0.59 42.73262 -2.13176  1689.28  5190.73 2.14 1.88  74.7 -0.393    19.67 21.43 04a59875o0660c 0xc00800
59876.504190 20.282105      NaN    1.0    9.0   c  0.0    1.29 42.73262 -2.13176   585.21  3387.54 2.56 2.44  35.6 -0.423    19.54 21.38 02a59876o0645c 0xc00800
59876.507806 19.894850      NaN   10.0   10.0   c  0.0    0.81 42.73262 -2.13176   566.47  3348.56 2.54 2.43  41.9 -0.425    19.55 21.37 02a59876o0653c 0xc00800
59876.514242 20.207197      NaN   -4.0   10.0   c  0.0    0.77 42.73262 -2.13176   627.39  3428.53 2.60 2.43  41.5 -0.423    19.49 21.36 02a59876o0667c 0xc00900
59876.535305 19.922338      NaN    6.0   11.0   c  0.0    0.99 42.73262 -2.13176   646.67  3312.96 2.52 2.40  41.2 -0.422    19.53 21.29 02a59876o0712c 0xc00800
59879.137008 20.207197      NaN   -1.0   10.0   c  0.0    0.86 42.73262 -2.13176  8870.66  5455.36 2.61 2.06 -18.7 -0.423    19.59 21.42 04a59879o0325c 0xc00800
59879.138810 20.103715      NaN  -14.0   11.0   c  0.0    0.84 42.73262 -2.13176  8851.24  5416.55 2.65 2.10 -16.9 -0.410    19.57 21.43 04a59879o0329c 0xc00900
59879.141972 20.321591      NaN    0.0    9.0   c  0.0    1.46 42.73262 -2.13176  8909.91  5494.05 2.62 2.07 -15.6 -0.420    19.61 21.44 04a59879o0336c 0xc00800
59879.148279 19.868040      NaN   14.0    9.0   c  0.0    1.24 42.73262 -2.13176  8931.28  5377.44 2.58 2.02 -18.7 -0.423    19.62 21.48 04a59879o0350c 0xc00800
59880.514905 19.766969      NaN   15.0   10.0   c  0.0    0.84 42.73262 -2.13176   577.47  3386.35 2.47 2.33  43.8 -0.420    19.50 21.30 02a59880o0350c 0xc00800
59880.518068 20.171596      NaN    7.0    8.0   c  0.0    0.98 42.73262 -2.13176   558.01  3347.41 2.42 2.34  47.4 -0.414    19.55 21.30 02a59880o0357c 0xc00800
59880.531314 20.009244      NaN   -3.0   12.0   c  0.0    1.17 42.73262 -2.13176   617.44  3428.10 2.58 2.45 -89.9 -0.416    19.42 21.38 02a59880o0386c 0xc00800
59880.545011 19.922338      NaN    9.0   10.0   c  0.0    1.02 42.73262 -2.13176   641.29  3311.18 2.47 2.39  55.8 -0.416    19.50 21.26 02a59880o0416c 0xc00800
59884.441684 20.207197      NaN   -6.0   10.0   c  0.0    0.98 42.73262 -2.13176  2015.71   961.96 2.43 2.28 -82.8 -0.448    19.58 21.29 02a59884o0541c 0xc00800
59884.444846 20.321591      NaN   -7.0    9.0   c  0.0    1.23 42.73262 -2.13176  1997.07   925.29 2.37 2.26  88.7 -0.455    19.60 21.30 02a59884o0548c 0xc00800
59884.450278 20.103715      NaN   -4.0   11.0   c  0.0    0.72 42.73262 -2.13176  2055.55  1002.07 2.39 2.25  83.6 -0.453    19.53 21.28 02a59884o0560c 0xc00800
59884.485645 20.282105      NaN    1.0    9.0   c  0.0    1.34 42.73262 -2.13176  2069.02   884.99 2.37 2.21 -82.0 -0.461    19.53 21.12 02a59884o0637c 0xc00800
59900.876167 20.207197      NaN  -24.0   10.0   c  0.0    1.53 42.73262 -2.13176  6845.38  5509.12 2.47 2.25 -47.7 -0.398    19.34 21.12 03a59901o0268c 0xc00800
59900.877970 19.841877      NaN  -10.0   14.0   c  0.0    1.13 42.73262 -2.13176  6826.31  5469.82 2.46 2.26 -50.8 -0.395    19.22 20.95 03a59901o0272c 0xc00800
59900.881585 19.367717      NaN   29.0   12.0   c  0.0    1.70 42.73262 -2.13176  6880.16  5548.90 2.35 2.20 -48.2 -0.404    19.18 20.89 03a59901o0280c 0xc00900
59900.886991 20.207197      NaN   -8.0   10.0   c  0.0    0.92 42.73262 -2.13176  6900.63  5433.85 2.49 2.21 -54.3 -0.395    19.46 21.27 03a59901o0292c 0xc00800
59902.413937 19.979496      NaN   13.0    8.0   c  0.0    1.19 42.73262 -2.13176  2150.71  9490.14 2.95 2.77  83.9 -0.351    19.74 21.53 01a59902o0493c 0xc00800
59906.384348 20.171596      NaN    4.0    9.0   c  0.0    0.78 42.73262 -2.13176  1452.21  1332.54 3.12 2.91  42.1 -0.355    19.73 21.75 01a59906o0436c 0xc00800
59906.387580 20.321591      NaN  -12.0    9.0   c  0.0    1.05 42.73262 -2.13176  1473.07  1371.27 3.19 2.93  47.0 -0.347    19.68 21.75 01a59906o0443c 0xc00800
59906.393116 20.405150      NaN    1.0    8.0   c  0.0    1.12 42.73262 -2.13176  1414.93  1293.38 3.16 2.93  41.3 -0.349    19.71 21.76 01a59906o0455c 0xc00900
59906.424279 20.449472      NaN  -15.0    8.0   c  0.0    1.09 42.73262 -2.13176  1402.45  1412.64 3.28 3.03  53.0 -0.347    19.67 21.71 01a59906o0521c 0xc00800
59908.930855 19.950541      NaN   11.0    9.0   c  0.0    0.93 42.73262 -2.13176  1643.35  5037.69 2.66 2.43 -58.6 -0.402    19.68 21.76 03a59909o0149c 0xc00900
59908.940642 20.449472      NaN  -13.0    8.0   c  0.0    1.52 42.73262 -2.13176  1658.03  5077.15 2.73 2.52 -60.5 -0.395    19.66 21.74 03a59909o0170c 0xc00800
59908.943797 20.321591      NaN   -2.0    9.0   c  0.0    0.75 42.73262 -2.13176  1600.67  4998.31 2.71 2.50 -52.5 -0.397    19.64 21.72 03a59909o0177c 0xc00900
59908.966946 20.009244      NaN    6.0   10.0   c  0.0    0.78 42.73262 -2.13176  1580.42  5117.61 2.59 2.37 -51.5 -0.401    19.68 21.69 03a59909o0223c 0xc00800
59927.127872 19.979496      NaN   10.0    9.0   c  0.0    1.17 42.73262 -2.13176  7456.17  2904.97 2.81 2.10 -20.1 -0.375    19.57 21.66 04a59927o0243c 0xc00800
59927.130807 20.207197      NaN    6.0    8.0   c  0.0    1.46 42.73262 -2.13176  7477.14  2941.79 2.78 2.12 -16.9 -0.385    19.57 21.66 04a59927o0249c 0xc00800
59927.136212 20.071303      NaN    4.0   10.0   c  0.0    0.86 42.73262 -2.13176  7420.65  2860.10 2.76 2.10 -19.3 -0.391    19.54 21.65 04a59927o0261c 0xc00800
59927.150362 20.449472      NaN    0.0    8.0   c  0.0    1.30 42.73262 -2.13176  7405.93  2967.47 2.65 2.00 -16.9 -0.390    19.58 21.60 04a59927o0292c 0xc00800
59928.350445 19.719755      NaN   17.0   10.0   c  0.0    1.54 42.73262 -2.13176  8957.24  7400.41 2.68 2.53  38.6 -0.409    19.55 21.29 02a59928o0362c 0xc00900
59928.353610 19.950541      NaN    2.0   12.0   c  0.0    0.97 42.73262 -2.13176  8937.97  7361.62 2.68 2.51  40.2 -0.410    19.61 21.28 02a59928o0369c 0xc00800
59928.363567 19.743105      NaN    7.0   13.0   c  0.0    0.72 42.73262 -2.13176  8996.67  7440.61 2.68 2.52  39.0 -0.407    19.54 21.27 02a59928o0391c 0xc00800
59928.372339 19.894850      NaN    4.0   12.0   c  0.0    0.76 42.73262 -2.13176  9015.25  7324.13 2.71 2.56  40.5 -0.407    19.53 21.25 02a59928o0410c 0xc00800
59931.095503 20.103715      NaN   -2.0   11.0   c  0.0    0.98 42.73262 -2.13176  7362.89   977.85 3.04 2.47 -22.3 -0.358    19.56 21.69 04a59931o0169c 0xc00800
59931.099107 20.103715      NaN   -5.0   11.0   c  0.0    0.85 42.73262 -2.13176  7384.35  1013.82 3.06 2.50 -20.6 -0.356    19.56 21.68 04a59931o0177c 0xc00800
59931.105033 19.868040      NaN    8.0   11.0   c  0.0    1.17 42.73262 -2.13176  7329.78   930.96 3.03 2.46 -22.8 -0.361    19.51 21.66 04a59931o0190c 0xc00800
59931.126212 19.719755      NaN   20.0    9.0   c  0.0    1.70 42.73262 -2.13176  7317.83  1033.21 2.94 2.36 -24.8 -0.367    19.54 21.64 04a59931o0237c 0xc00900
59935.091699 19.719755      NaN   20.0    9.0   c  0.0    1.33 42.73262 -2.13176  7362.92   968.41 3.12 2.49 -25.9 -0.356    19.55 21.73 04a59935o0156c 0xc00900
59935.094851 20.039830      NaN    8.0    9.0   c  0.0    1.36 42.73262 -2.13176  7383.61  1005.88 3.10 2.48 -25.3 -0.350    19.51 21.73 04a59935o0163c 0xc00800
59935.100263 20.171596      NaN    7.0    8.0   c  0.0    1.49 42.73262 -2.13176  7327.89   923.88 3.10 2.42 -23.3 -0.358    19.55 21.69 04a59935o0175c 0xc00800
59935.111688 20.207197      NaN   -2.0   10.0   c  0.0    0.89 42.73262 -2.13176  7311.70  1031.98 3.05 2.40 -26.4 -0.357    19.58 21.67 04a59935o0200c 0xc00800
59939.077678 20.103715      NaN    0.0   11.0   c  0.0    1.00 42.73262 -2.13176  7540.11  4850.34 3.15 2.53 -15.8 -0.378    19.40 21.75 04a59939o0123c 0xc00800
59939.080832 20.207197      NaN   -5.0   10.0   c  0.0    0.94 42.73262 -2.13176  7560.83  4886.09 3.25 2.63 -18.8 -0.387    19.36 21.73 04a59939o0130c 0xc00800
59939.086243 20.071303      NaN    4.0   10.0   c  0.0    0.83 42.73262 -2.13176  7504.55  4803.97 3.02 2.39 -19.6 -0.398    19.45 21.76 04a59939o0142c 0xc00800
59939.105184 20.449472      NaN   -1.0    8.0   c  0.0    1.38 42.73262 -2.13176  7493.71  4907.40 3.01 2.46 -17.6 -0.372    19.44 21.82 04a59939o0184c 0xc00800
59956.842927 19.841877      NaN   -3.0   14.0   c  0.0    0.83 42.73262 -2.13176  1113.21  8847.08 2.98 2.64 -44.9 -0.371    19.31 21.26 03a59957o0155c 0xc00800
59956.850356 19.609992      NaN   19.0   11.0   c  0.0    1.32 42.73262 -2.13176  1134.16  8865.01 3.10 2.78 -40.8 -0.375    19.39 21.35 03a59957o0171c 0xc00800
59956.853524 17.774377      NaN   27.0   85.0   c  0.0    1.20 42.73262 -2.13176  1079.00  8778.15 3.23 2.94 -48.1 -0.338    19.07 21.11 03a59957o0178c 0xc00800
59960.803389 19.549093      NaN   10.0   15.0   c  0.0    1.27 42.73262 -2.13176  1044.26  6974.51 2.76 2.48 -65.4 -0.388    18.98 20.83 03a59961o0025c 0xc00800
59960.807462 19.674510      NaN    7.0   14.0   c  0.0    1.30 42.73262 -2.13176  1063.45  7003.14 2.67 2.42 -54.0 -0.398    19.27 21.10 03a59961o0034c 0xc00800
59960.813343 19.472870      NaN   17.0   14.0   c  0.0    1.29 42.73262 -2.13176  1007.28  6908.29 2.87 2.58 -64.7 -0.390    19.20 21.15 03a59961o0047c 0xc00800
59960.832435 19.302877      NaN    3.0   22.0   c  0.0    0.95 42.73262 -2.13176   989.69  6973.59 2.77 2.53 -64.7 -0.392    19.36 21.26 03a59961o0089c 0xc00800
60143.130517 19.631075      NaN   15.0   12.0   c  0.0    1.13 42.73262 -2.13176  2113.21   853.14 2.61 2.43 -18.3 -0.416    19.36 20.98 03a60143o0916c 0xc00800
60143.149707 20.009244      NaN    6.0   10.0   c  0.0    1.12 42.73262 -2.13176  2169.94   929.11 2.34 2.23 -38.3 -0.398    19.49 21.02 03a60143o0955c 0xc00800
60143.163340 20.321591      NaN   -2.0    9.0   c  0.0    1.26 42.73262 -2.13176  2191.36   811.66 2.33 2.21 -36.2 -0.397    19.50 21.07 03a60143o0983c 0xc00800
60143.187637 19.922338      NaN   -7.0   13.0   c  0.0    1.52 42.73262 -2.13176  2158.04   866.39 2.35 2.22 -19.8 -0.394    19.13 20.21 03a60143o1034c 0xc00800
60168.386003 19.979496      NaN    4.0   11.0   c  0.0    0.52 42.73262 -2.13176  5033.74  5679.40 2.16 1.93 -67.2 -0.383    19.50 21.34 04a60168o0769c 0xc00900
60168.411807 20.039830      NaN    8.0    9.0   c  0.0    1.18 42.73262 -2.13176  5030.13  5636.89 2.28 2.02 -69.1 -0.383    19.63 21.53 04a60168o0825c 0xc00800
60168.413634 20.071303      NaN    7.0    9.0   c  0.0    1.19 42.73262 -2.13176  5089.20  5714.48 2.45 2.11 -68.1 -0.374    19.55 21.51 04a60168o0829c 0xc00800
60168.416808 20.071303      NaN    4.0   10.0   c  0.0    0.88 42.73262 -2.13176  5110.53  5598.16 2.35 2.09 -67.8 -0.378    19.55 21.53 04a60168o0836c 0xc00800
60169.350245 19.868040      NaN   14.0    9.0   c  0.0    1.32 42.73262 -2.13176  5018.02  5682.39 2.34 2.12 -70.5 -0.371    19.50 21.39 04a60169o0845c 0xc00800
60169.352048 20.207197      NaN    0.0   10.0   c  0.0    1.22 42.73262 -2.13176  4998.88  5644.11 2.44 2.20 -74.5 -0.371    19.48 21.43 04a60169o0849c 0xc00800
60169.355221 20.039830      NaN    5.0   10.0   c  0.0    1.02 42.73262 -2.13176  5057.50  5721.16 2.30 2.06 -68.0 -0.372    19.51 21.42 04a60169o0856c 0xc00800
60169.360655 20.207197 0.361912   30.0   10.0   c  0.0    1.31 42.73262 -2.13176  5078.40  5604.81 2.36 2.11 -63.2 -0.374    19.46 21.37 04a60169o0868c 0xc00900
60171.327668 19.472870      NaN   11.0   16.0   c  0.0    0.94 42.73262 -2.13176  6487.47  1326.21 2.56 2.39   2.0 -0.382    18.90 20.76 04a60171o0800c 0xc00800
60171.329480 19.696897      NaN   -8.0   16.0   c  0.0    0.88 42.73262 -2.13176  6468.05  1287.16 2.47 2.30   4.1 -0.389    18.87 20.72 04a60171o0804c 0xc00800
60171.332635 19.241693      NaN   13.0   20.0   c  0.0    1.00 42.73262 -2.13176  6527.08  1365.16 2.69 2.60  30.8 -0.372    18.72 20.64 04a60171o0811c 0xc00800
60171.341726 19.510313      NaN   -3.0   19.0   c  0.0    0.79 42.73262 -2.13176  6548.17  1248.29 2.46 2.31  11.0 -0.382    18.74 20.58 04a60171o0831c 0xc00800
60199.903396 19.589310      NaN   17.0   12.0   c  0.0    1.00 42.73262 -2.13176  4641.97  1357.87 2.76 2.49 -36.4 -0.382    19.23 21.19 03a60200o0409c 0xc00900
60199.906234 19.841877      NaN    9.0   11.0   c  0.0    1.35 42.73262 -2.13176  4623.86  1318.34 2.63 2.42 -28.1 -0.386    19.31 21.21 03a60200o0415c 0xc00800
60199.911780 20.103715      NaN   -7.0   11.0   c  0.0    0.94 42.73262 -2.13176  4679.91  1395.16 2.62 2.38 -28.6 -0.392    19.34 21.27 03a60200o0427c 0xc00800
60199.921880 20.449472      NaN  -11.0    8.0   c  0.0    1.80 42.73262 -2.13176  4700.12  1275.88 2.54 2.32 -27.5 -0.388    19.41 21.35 03a60200o0449c 0xc00800
60205.969160 19.950541      NaN   14.0    8.0   c  0.0    1.58 42.73262 -2.13176  5046.76  7522.42 2.42 2.14 -54.4 -0.381    19.64 21.39 03a60206o0541c 0xc00900
60205.970969 20.594452      NaN  -18.0    7.0   c  0.0    1.68 42.73262 -2.13176  5030.87  7483.57 2.44 2.17 -52.7 -0.378    19.65 21.39 03a60206o0545c 0xc00900
60205.994289 19.816329      NaN   13.0   10.0   c  0.0    0.81 42.73262 -2.13176  5085.80  7560.14 2.39 2.17 -49.6 -0.381    19.65 21.38 03a60206o0595c 0xc00800
60206.022571 20.405150      NaN    1.0    8.0   c  0.0    1.17 42.73262 -2.13176  5107.46  7445.23 2.47 2.20 -50.8 -0.381    19.67 21.44 03a60206o0654c 0xc00800
60252.201092 19.674510      NaN   22.0    9.0   c  0.0    1.03 42.73262 -2.13176  1627.36  3220.19 2.25 1.88  46.9 -0.388    19.56 21.28 04a60252o0401c 0xc00800
60252.204326 20.449472      NaN   -5.0    8.0   c  0.0    1.64 42.73262 -2.13176  1650.43  3255.63 2.26 1.89  48.4 -0.390    19.55 21.27 04a60252o0408c 0xc00800
60252.207106 20.282105      NaN    1.0    9.0   c  0.0    1.31 42.73262 -2.13176  1593.84  3174.70 2.32 1.99  44.2 -0.389    19.48 21.25 04a60252o0414c 0xc00800
60252.210260 20.137125      NaN    2.0   10.0   c  0.0    1.13 42.73262 -2.13176  1575.56  3288.16 2.39 2.02  47.2 -0.388    19.47 21.23 04a60252o0421c 0xc00800
60252.218539 20.137125      NaN    2.0   10.0   c  0.0    1.26 42.73262 -2.13176  1618.92  3220.45 2.32 1.98  46.4 -0.393    19.43 21.08 04a60252o0439c 0xc00800
60253.972356 19.950541      NaN    8.0   10.0   c  0.0    1.21 42.73262 -2.13176    88.69  9435.84 2.62 2.24 -33.7 -0.413    19.63 21.37 03a60254o0393c 0xc00800
60260.037509 19.894850      NaN   10.0   10.0   c  0.0    1.01 42.73262 -2.13176  7547.08  6848.26 2.81 2.37 -47.1 -0.387    19.50 21.49 03a60260o0561c 0xc00800
60260.040700 19.791368      NaN   11.0   11.0   c  0.0    0.98 42.73262 -2.13176  7567.21  6887.20 2.68 2.41 -51.4 -0.388    19.49 21.43 03a60260o0568c 0xc00900
60260.047272 19.979496      NaN   10.0    9.0   c  0.0    1.52 42.73262 -2.13176  7512.36  6808.73 2.66 2.41 -54.1 -0.392    19.50 21.42 03a60260o0582c 0xc00800
60260.071652 19.950541      NaN    8.0   10.0   c  0.0    0.93 42.73262 -2.13176  7494.97  6917.90 2.64 2.37 -53.6 -0.388    19.39 21.18 03a60260o0634c 0xc00800
60265.898773 20.362567      NaN    2.0    8.0   c  0.0    1.14 42.73262 -2.13176  9734.63  1492.37 2.61 2.24 -53.5 -0.396    19.68 21.60 03a60266o0264c 0xc00800
60265.901976 20.207197      NaN   -8.0   10.0   c  0.0    0.88 42.73262 -2.13176  9754.10  1532.30 2.62 2.21 -55.2 -0.394    19.69 21.63 03a60266o0271c 0xc00800
60265.908853 19.950541      NaN    8.0   10.0   c  0.0    0.78 42.73262 -2.13176  9698.04  1453.28 2.59 2.26 -51.1 -0.393    19.73 21.66 03a60266o0286c 0xc00800
60265.943297 20.321591      NaN  -12.0    9.0   c  0.0    1.18 42.73262 -2.13176  9675.84  1568.31 2.62 2.23 -54.5 -0.395    19.69 21.63 03a60266o0359c 0xc00800
60288.350530 20.009244      NaN    6.0   10.0   c  0.0    1.17 42.73262 -2.13176   429.98  7083.00 2.33 2.24 -41.5 -0.425    19.58 21.31 02a60288o0360c 0xc00800
60288.353694 20.039830      NaN   11.0    8.0   c  0.0    1.84 42.73262 -2.13176   416.25  7044.81 2.29 2.22 -45.6 -0.424    19.55 21.31 02a60288o0367c 0xc00900
60288.359653 20.103715      NaN    6.0    9.0   c  0.0    1.53 42.73262 -2.13176   479.43  7121.19 2.29 2.28  14.2 -0.430    19.55 21.30 02a60288o0380c 0xc00800
60288.371614 20.103715      NaN  -10.0   11.0   c  0.0    0.65 42.73262 -2.13176   510.51  7006.30 2.32 2.21 -57.4 -0.428    19.58 21.32 02a60288o0406c 0xc00900
60312.844992 19.318728      NaN   26.0   14.0   c  0.0    1.64 42.73262 -2.13176  3538.85  1170.24 2.57 2.46 -87.0 -0.395    18.97 21.57 03a60313o0088c 0xc00800
60312.855184 19.922338      NaN  -10.0   13.0   c  0.0    1.50 42.73262 -2.13176  3559.71  1208.78 2.62 2.46 -83.7 -0.396    18.96 21.57 03a60313o0108c 0xc00800
60312.858277 19.631075      NaN   12.0   13.0   c  0.0    1.46 42.73262 -2.13176  3503.93  1129.15 2.51 2.36 -83.6 -0.393    19.01 21.57 03a60313o0114c 0xc00900
60312.874145 19.841877      NaN  -27.0   14.0   c  0.0    1.24 42.73262 -2.13176  3485.88  1245.69 2.43 2.39  87.3 -0.403    19.00 21.54 03a60313o0144c 0xc00800
60320.817845 20.321591      NaN   -3.0    9.0   c  0.0    1.24 42.73262 -2.13176  3981.41  9254.12 2.64 2.36 -42.7 -0.374    19.63 21.51 03a60321o0064c 0xc00800
60320.821042 19.652575      NaN   20.0   10.0   c  0.0    0.95 42.73262 -2.13176  3997.42  9294.20 2.66 2.39 -44.0 -0.371    19.62 21.53 03a60321o0071c 0xc00800
60320.826988 20.137125      NaN    2.0   10.0   c  0.0    1.07 42.73262 -2.13176  3942.47  9216.84 2.62 2.34 -46.5 -0.370    19.64 21.52 03a60321o0084c 0xc00800
60320.839816 20.449472      NaN  -18.0    8.0   c  0.0    1.23 42.73262 -2.13176  3923.14  9333.76 2.62 2.30 -44.9 -0.379    19.64 21.50 03a60321o0112c 0xc00900
60340.286648 19.791368      NaN   11.0   11.0   c  0.0    1.12 42.73262 -2.13176   612.64  3390.25 2.60 2.42 -14.5 -0.415    19.38 21.04 02a60340o0182c 0xc00800
60340.289814 20.321591      NaN   -6.0    9.0   c  0.0    1.41 42.73262 -2.13176   593.63  3351.32 2.53 2.40 -10.3 -0.409    19.42 21.03 02a60340o0189c 0xc00800
60340.295350 19.652575      NaN    8.0   14.0   c  0.0    0.86 42.73262 -2.13176   655.56  3428.41 2.48 2.37 -57.6 -0.429    19.41 21.14 02a60340o0201c 0xc00800
60340.305426 19.719755      NaN    5.0   14.0   c  0.0    1.07 42.73262 -2.13176   680.84  3312.77 3.61 2.67  -5.0 -0.371    19.15 20.98 02a60340o0223c 0xc00800
60344.268895 19.696897      NaN    9.0   13.0   c  0.0    0.91 42.73262 -2.13176  3149.34  7666.20 2.45 2.38  53.2 -0.407    19.49 21.19 02a60344o0139c 0xc00800
60344.272058 19.894850      NaN    7.0   11.0   c  0.0    0.91 42.73262 -2.13176  3131.75  7627.82 2.41 2.36  86.1 -0.410    19.51 21.18 02a60344o0146c 0xc00800
60344.277933 20.103715      NaN  -12.0   11.0   c  0.0    1.38 42.73262 -2.13176  3191.99  7706.38 2.49 2.43  74.5 -0.403    19.46 21.18 02a60344o0159c 0xc00900
60344.289157 19.950541      NaN    8.0   10.0   c  0.0    1.38 42.73262 -2.13176  3218.52  7591.04 2.51 2.46 -86.1 -0.406    19.40 21.11 02a60344o0183c 0xc00800
60348.223877 19.652575      NaN   11.0   13.0   c  0.0    1.10 42.73262 -2.13176  3047.78  5725.35 2.49 2.39  40.5 -0.401    19.30 20.66 02a60348o0042c 0xc00900
60348.227975 20.103715      NaN  -11.0   11.0   c  0.0    1.34 42.73262 -2.13176  3032.67  5687.10 2.53 2.43  44.4 -0.410    19.33 20.82 02a60348o0051c 0xc00800
60348.234307 20.009244      NaN  -27.0   12.0   c  0.0    0.94 42.73262 -2.13176  3094.39  5765.40 2.46 2.36  43.9 -0.408    19.38 20.86 02a60348o0065c 0xc00900
60348.247684 19.743105      NaN   10.0   12.0   c  0.0    1.23 42.73262 -2.13176  3119.89  5650.31 2.56 2.45  42.5 -0.408    19.36 20.85 02a60348o0094c 0xc00800
60352.253014 19.302877      NaN   27.0   14.0   c  0.0    1.06 42.73262 -2.13176  8972.86  7397.49 2.77 2.61 -46.3 -0.406    19.38 20.91 02a60352o0099c 0xc00900
60352.256180 19.743105      NaN    7.0   13.0   c  0.0    0.95 42.73262 -2.13176  8954.08  7360.04 2.78 2.61 -38.6 -0.405    19.38 20.92 02a60352o0106c 0xc00800
60352.261606 19.743105      NaN    4.0   14.0   c  0.0    0.84 42.73262 -2.13176  9016.10  7437.25 2.85 2.61 -43.6 -0.407    19.37 20.93 02a60352o0118c 0xc00800
60352.275939 19.894850      NaN    1.0   13.0   c  0.0    0.94 42.73262 -2.13176  9044.43  7321.85 2.82 2.63 -35.5 -0.402    19.33 20.90 02a60352o0149c 0xc00800