         MJD         m       dm   uJy  duJy F  err  chi/N       RA      Dec        x        y  maj  min   phi  apfit  mag5sig   Sky            Obs     Mask
57307.593677 19.569016      NaN    -7    18 c    0   1.43 98.75682 50.43479   969.43  9372.91 4.69 3.81 -56.3 -0.421    19.49 21.54 02a57307o0414c 0xc00800
57307.603983 18.878500      NaN    42    20 c    0   1.15 98.75682 50.43479   974.23  9375.14 4.56 3.74 -55.5 -0.427    19.53 21.54 02a57307o0428c 0xc00800
57307.624548 19.212347      NaN    21    18 c    0   1.59 98.75682 50.43479  2524.72  7978.02 4.19 3.57 -63.9 -0.452    19.52 21.50 02a57307o0460c 0xc00800
57307.646884 17.892199      NaN    73    60 c    0   1.36 98.75682 50.43479  2525.87  7982.19 4.17 3.54 -61.5 -0.450    18.45 19.39 02a57307o0495c 0xc00800
57344.464803 19.002397      NaN    40    17 c    0   1.87 98.75682 50.43479  1029.51  9412.34 4.07 3.80 -67.8 -0.412    19.53 21.45 02a57344o0435c 0xc00800
57344.491388 19.102305      NaN    32    17 c    0   1.85 98.75682 50.43479  1031.97  9415.87 4.10 3.80 -65.2 -0.412    19.53 21.45 02a57344o0476c 0xc00800
57396.389760 19.318728      NaN    17    17 c    0   1.39 98.75682 50.43479   693.21  9698.47 4.24 3.89 -66.9 -0.417    19.70 21.81 02a57396o0321c 0xc00800
57396.396250 18.702047      NaN    57    21 c    0   1.25 98.75682 50.43479  4591.13   110.51 5.06 3.77  -9.3 -0.501    19.68 21.79 02a57396o0330c 0xc00a00
57396.413458 19.302877      NaN    24    15 c    0   1.71 98.75682 50.43479 10060.08  1376.78 4.25 3.65  31.7 -0.463    19.71 21.82 02a57396o0354c 0xc00800
57396.420071 19.766969      NaN    -7    15 c    0   1.78 98.75682 50.43479  5368.34  9781.57 3.89 3.68  83.6 -0.419    19.71 21.79 02a57396o0363c 0xc00800
57396.441226 18.115332      NaN    38    56 c    0   1.35 98.75682 50.43479  9207.31   175.45 4.49 3.59  17.9 -0.439    19.72 21.81 02a57396o0395c 0xc00800
57424.364662 18.944322      NaN    42    18 c    0   1.30 98.75682 50.43479  9116.14  1441.45 4.66 3.99  25.5 -0.440    19.59 21.70 02a57424o0282c 0xc00800
57424.378212 18.944322 0.316673    96    28 c    0   5.96 98.75682 50.43479  5072.38 10486.49 4.04 3.94 -84.6 -0.401    19.62 21.68 02a57424o0304c 0xc00900
57424.383152 19.569016      NaN   -26    18 c    0   1.50 98.75682 50.43479  8861.26   855.52 4.77 3.88  19.7 -0.452    19.61 21.71 02a57424o0312c 0xc00900
57424.397320 19.334813      NaN    16    17 c    0   1.35 98.75682 50.43479  6217.88  9917.99 4.06 3.87  81.0 -0.408    19.61 21.67 02a57424o0335c 0xc00800
57424.399773 18.921935      NaN    29    23 c    0   1.34 98.75682 50.43479 10136.57   328.74 4.92 3.80  25.6 -0.445    19.63 21.69 02a57424o0339c 0xc00800
57424.405322 19.212347      NaN  -544    25 c    0   5.25 98.75682 50.43479    65.98   186.04 6.18 3.81 -30.1 -0.440    19.59 21.61 02a57424o0348c 0xc00800
57424.406541 19.743105      NaN     1    15 c    0   1.53 98.75682 50.43479  6282.52  9828.10 4.07 3.86  85.4 -0.411    19.60 21.64 02a57424o0350c 0xc00800
57424.420380 18.796518      NaN    38    24 c    0   1.39 98.75682 50.43479 10243.22   252.38 4.83 3.76  26.3 -0.452    19.61 21.64 02a57424o0372c 0xc00900
57431.348263 19.063754      NaN    23    21 c    0   0.97 98.75682 50.43479  9344.93  1064.68 4.87 4.22  26.7 -0.422    19.33 21.32 02a57431o0275c 0xc00800
57431.354372 18.889197      NaN    38    21 c    0   1.48 98.75682 50.43479  5258.67 10093.99 4.84 4.65  88.9 -0.354    19.27 21.34 02a57431o0285c 0xc00800
57431.362309 19.169763      NaN    -9    26 c    0   1.33 98.75682 50.43479  9072.64   473.50 5.36 4.60  20.3 -0.382    19.32 21.43 02a57431o0298c 0xc00800
57431.376390 19.569016      NaN    -4    18 c    0   1.48 98.75682 50.43479  6411.00  9552.39 4.97 4.42 -88.8 -0.347    19.37 21.56 02a57431o0321c 0xc00900
57431.391659 18.967180      NaN    37    19 c    0   1.12 98.75682 50.43479  6267.49  9819.70 4.57 4.30  84.7 -0.368    19.41 21.53 02a57431o0346c 0xc00800
57431.394715 19.212347      NaN   -10    25 c    0   1.31 98.75682 50.43479 10204.08   229.62 5.51 4.61  31.1 -0.396    19.40 21.56 02a57431o0351c 0xc00800
57448.341284 19.510313      NaN    -6    19 c    0   1.74 98.75682 50.43479  9581.59  1438.28 5.00 4.16  30.8 -0.463    19.53 21.61 02a57448o0141c 0xc00800
57448.361251 18.757738 0.228576   114    24 c    0   3.70 98.75682 50.43479  5433.44 10459.56 4.07 4.01 -74.2 -0.418    19.54 21.51 02a57448o0151c 0xc00b00
57448.364629 19.419021      NaN     2    20 c    0   1.47 98.75682 50.43479  9269.19   837.78 5.13 4.17  25.2 -0.449    19.50 21.57 02a57448o0158c 0xc00800
57448.367025 18.675237      NaN    51    24 c    0   1.17 98.75682 50.43479   339.83   223.73 5.85 3.80 -25.2 -0.449    19.50 21.48 02a57448o0163c 0xc00800
57448.378687 19.351140      NaN    12    18 c    0   1.22 98.75682 50.43479  6538.78  9889.52 4.21 4.01  87.6 -0.412    19.50 21.51 02a57448o0186c 0xc00800
57448.386987 17.019879 0.086475   565    45 c    0   9.60 98.75682 50.43479 10529.45   327.76 5.00 3.82  30.7 -0.439    19.57 21.54 02a57448o0203c 0xc00800
57448.390353 19.351140      NaN  -252    22 c    0   3.49 98.75682 50.43479    83.73   333.52 5.92 3.65 -24.5 -0.443    19.52 21.46 02a57448o0210c 0xc00800
57448.395961 19.271854      NaN    14    19 c    0   1.03 98.75682 50.43479  6314.35  9987.35 3.97 3.82  86.1 -0.421    19.52 21.47 02a57448o0221c 0xc00800
57448.396441 19.026525      NaN     8    27 c    0   1.35 98.75682 50.43479 10281.01   417.19 5.01 3.84  28.9 -0.455    19.56 21.51 02a57448o0222c 0xc00800
57449.331363 18.857417      NaN    50    18 c    0   1.89 98.75682 50.43479  9320.07  1484.31 4.59 3.87  32.1 -0.479    19.65 21.70 02a57449o0270c 0xc00800
57449.352336 18.382935 0.229286   161    34 c    0   7.40 98.75682 50.43479  5197.41 10497.84 3.99 3.97 -63.4 -0.407    19.61 21.65 02a57449o0301c 0xc00b00
57449.356878 19.569016      NaN   -15    18 c    0   2.05 98.75682 50.43479  9009.97   884.64 4.93 3.89  23.9 -0.481    19.63 21.68 02a57449o0310c 0xc00800
57449.359301 19.212347      NaN  -174    25 c    0   2.02 98.75682 50.43479    78.29   272.09 6.04 3.77 -24.7 -0.441    19.58 21.60 02a57449o0315c 0xc00800
57449.369288 19.589310      NaN     2    17 c    0   1.51 98.75682 50.43479  6303.78  9920.76 4.22 3.91 -88.8 -0.424    19.56 21.63 02a57449o0334c 0xc00800
57449.375261 19.212347      NaN   -48    25 c    0   1.60 98.75682 50.43479 10270.10   350.59 5.41 3.96  28.5 -0.435    19.62 21.67 02a57449o0346c 0xc00900
57449.382566 19.401649      NaN   -83    21 c    0   3.23 98.75682 50.43479    86.86   331.84 6.28 4.01 -26.0 -0.436    19.53 21.57 02a57449o0361c 0xc00800
57449.387770 19.589310      NaN     5    16 c    0   1.70 98.75682 50.43479  6316.73  9986.50 4.09 3.85 -89.5 -0.420    19.57 21.60 02a57449o0371c 0xc00800
57449.388250 19.212347      NaN   -43    25 c    0   1.81 98.75682 50.43479 10284.33   413.89 5.29 3.96  29.0 -0.447    19.60 21.66 02a57449o0372c 0xc00900
57454.334319 19.014394      NaN    33    19 c    0   1.48 98.75682 50.43479  9521.81  1414.14 5.02 4.24  31.5 -0.451    19.50 21.58 02a57454o0255c 0xc00800
57454.336273 19.569016      NaN    -5    18 c    0   1.40 98.75682 50.43479  5367.55 10418.19 4.53 4.32 -76.9 -0.393    19.44 21.54 02a57454o0259c 0xc00800
57458.320378 19.302877      NaN   -43    23 c    0   1.08 98.75682 50.43479  9225.04  1636.80 5.09 4.53  30.4 -0.419    19.35 21.47 02a57458o0243c 0xc00800
57458.337801 18.921935      NaN    26    24 c    0   1.09 98.75682 50.43479  8914.82  1039.22 5.12 4.42  26.7 -0.436    19.39 21.45 02a57458o0277c 0xc00800
57458.349832 19.212347      NaN    15    20 c    0   1.35 98.75682 50.43479  6207.95 10079.72 4.72 4.47  88.3 -0.375    19.29 21.37 02a57458o0301c 0xc00800
57458.352334 18.675237 0.282468   123    32 c    0   1.35 98.75682 50.43479 10159.06   503.16 5.68 4.47  37.5 -0.400    19.33 21.44 02a57458o0306c 0xc00900
57458.362766 19.212347      NaN  -173    25 c    0   1.83 98.75682 50.43479    79.30   330.12 6.34 4.27 -26.1 -0.428    19.30 21.43 02a57458o0327c 0xc00800
57458.367191 19.454622      NaN   -13    20 c    0   1.21 98.75682 50.43479  6309.55  9986.69 4.46 4.19  85.5 -0.395    19.37 21.40 02a57458o0336c 0xc00800
57458.368639 18.720295      NaN     4    38 c    0   1.05 98.75682 50.43479 10276.03   414.25 5.84 4.14  44.9 -0.379    19.34 21.50 02a57458o0339c 0xc00800
57482.278494 18.836735      NaN    34    24 c    0   1.33 98.75682 50.43479  9054.72  1563.60 4.59 4.13  31.7 -0.477    19.25 21.06 02a57482o0135c 0xc00800
57482.294756 19.302877      NaN   -19    23 c    0   2.01 98.75682 50.43479  8748.25   965.30 4.68 3.96  20.3 -0.488    19.32 21.14 02a57482o0168c 0xc00800
57482.301165 19.076453      NaN    28    19 c    0   1.42 98.75682 50.43479  6062.73 10005.17 4.04 3.83 -87.4 -0.457    19.33 21.12 02a57482o0181c 0xc00800
57482.310941 18.675237      NaN   -13    41 c    0   1.26 98.75682 50.43479  9992.53   428.60 5.10 4.02  39.1 -0.426    19.14 21.17 02a57482o0201c 0xc00800
57482.313442 19.089302      NaN  -570    28 c    0   4.76 98.75682 50.43479    64.41   320.52 5.94 3.84 -24.3 -0.465    19.28 21.08 02a57482o0206c 0xc00800
57482.317360 19.351140      NaN    -2    22 c    0   1.08 98.75682 50.43479  6286.77  9971.63 4.13 3.93 -83.3 -0.440    19.29 21.11 02a57482o0214c 0xc00800
57482.327191 18.729535      NaN   -50    39 c    0   1.35 98.75682 50.43479 10253.59   404.42 5.46 3.85  35.0 -0.436    19.18 21.19 02a57482o0234c 0xc00800
57488.246608 19.212347      NaN   -20    25 c    0   1.30 98.75682 50.43479  9056.76  1527.18 4.47 4.02  37.6 -0.465    19.08 20.75 02a57488o0075c 0xc00900
57488.259390 19.169763      NaN   -29    26 c    0   1.25 98.75682 50.43479  8751.21   928.24 4.41 3.87  26.0 -0.474    19.19 20.82 02a57488o0101c 0xc00800
57488.262260 18.967180      NaN    19    25 c    0   1.21 98.75682 50.43479  6066.48  9967.03 4.01 3.86  48.2 -0.430    19.15 20.80 02a57488o0107c 0xc00800
57488.272439 19.014394      NaN  -157    30 c    0   2.32 98.75682 50.43479    75.40   322.99 5.38 3.68 -22.6 -0.482    19.18 20.81 02a57488o0128c 0xc00800
57488.275313 19.051202      NaN    -7    29 c    0   1.62 98.75682 50.43479  9991.39   392.02 4.74 3.97  32.0 -0.482    19.22 20.91 02a57488o0134c 0xc00900
57488.279614 18.944322      NaN    33    21 c    0   1.76 98.75682 50.43479  6297.61  9972.75 3.86 3.67  77.0 -0.453    19.25 20.90 02a57488o0143c 0xc00800
57488.287378 19.051202      NaN    -3    29 c    0   1.63 98.75682 50.43479 10263.76   406.16 4.96 3.94  36.3 -0.459    19.25 20.97 02a57488o0159c 0xc00800
57512.234519 16.518019      NaN   -94   299 c    0   1.44 98.75682 50.43479  4048.84  9858.00 4.02 3.94 -89.9 -0.483    17.65 18.09 02a57512o0042c 0xc00802
57512.236456 17.527492      NaN  -236   118 c    0   0.96 98.75682 50.43479  7732.83   222.55 4.68 4.05   8.1 -0.498    17.93 18.63 02a57512o0046c 0xc00900
57512.238896 17.439172      NaN   120    88 c    0   1.40 98.75682 50.43479  4025.24  9835.73 4.09 3.99 -65.4 -0.479    18.18 19.12 02a57512o0051c 0xc00900
57512.241823 18.389700      NaN    16    48 c    0   1.38 98.75682 50.43479  7708.52   179.66 4.64 3.85  11.1 -0.497    18.54 19.78 02a57512o0057c 0xc00800
57512.249107 18.298627      NaN    60    38 c    0   1.39 98.75682 50.43479  7768.89   256.70 4.96 4.06  11.2 -0.473    18.95 20.60 02a57512o0072c 0xc00800
57512.250073 19.014394      NaN     6    28 c    0   1.39 98.75682 50.43479  4086.02  9890.65 4.07 3.97 -61.2 -0.465    18.95 20.55 02a57512o0074c 0xc00800
57512.253623 18.847027      NaN    18    29 c    0   1.28 98.75682 50.43479  4097.62  9771.90 4.17 4.03 -58.5 -0.456    18.94 20.63 02a57512o0081c 0xc00800
57512.254589 18.438271      NaN    54    33 c    0   1.20 98.75682 50.43479  7794.43   120.06 5.06 4.04  11.4 -0.495    19.02 20.75 02a57512o0083c 0xc00800
57660.622687 19.631075      NaN    -4    17 c    0   2.31 98.75682 50.43479  2550.39  8096.12 3.60 3.44  19.0 -0.448    19.54 21.42 02a57660o0514c 0xc00800
57660.635723 19.454622      NaN    -8    20 c    0   1.51 98.75682 50.43479  2582.58  8138.09 3.69 3.46  20.0 -0.442    19.30 20.98 02a57660o0538c 0xc00800
57660.648745 15.919278      NaN   438   373 c    0   0.99 98.75682 50.43479  2520.04  8058.50 3.58 3.41  15.6 -0.522    17.72 17.87 02a57660o0562c 0xc00802
57668.558784 19.197966      NaN    25    17 c    0   1.44 98.75682 50.43479  4269.36   745.92 3.85 3.72 -36.0 -0.426    19.56 21.45 02a57668o0698c 0xc00800
57668.563934 19.287255      NaN    16    18 c    0   2.62 98.75682 50.43479   312.05 10322.76 3.76 3.21  15.4 -0.502    19.56 21.49 02a57668o0708c 0xc00b00
57668.571281 19.026525      NaN    41    16 c    0   1.45 98.75682 50.43479  4282.11   789.27 3.88 3.75 -53.6 -0.418    19.61 21.52 02a57668o0722c 0xc00a00
57668.575973 19.510313      NaN    -1    19 c    0   1.90 98.75682 50.43479 10467.91 10362.65 3.54 2.98 -61.9 -0.535    19.61 21.53 02a57668o0731c 0xc00800
57668.576464 19.454622      NaN    -4    20 c    0   2.66 98.75682 50.43479   334.43 10364.12 3.62 3.05   9.8 -0.505    19.62 21.52 02a57668o0732c 0xc00900
57668.583837 19.128787      NaN    33    16 c    0   1.39 98.75682 50.43479  4232.76   711.28 3.84 3.70 -56.1 -0.422    19.62 21.54 02a57668o0746c 0xc00800
57668.589011 19.128787      NaN    27    18 c    0   2.93 98.75682 50.43479   271.89 10284.03 3.59 3.02  11.2 -0.525    19.64 21.54 02a57668o0756c 0xc00a00
57668.596309 19.631075      NaN   -14    17 c    0   1.35 98.75682 50.43479  4208.10   829.18 3.83 3.69 -57.9 -0.422    19.61 21.48 02a57668o0770c 0xc00800
57668.601498 18.933071      NaN    31    22 c    0   2.14 98.75682 50.43479   242.01 10401.19 3.67 3.09  10.7 -0.510    19.60 21.50 02a57668o0780c 0xc00800
57668.608754 19.674510      NaN     1    16 c    0   1.28 98.75682 50.43479  4243.91   772.29 3.77 3.65 -55.6 -0.432    19.64 21.53 02a57668o0794c 0xc00800
57668.613889 18.978793      NaN    33    20 c    0   2.98 98.75682 50.43479   291.37 10344.90 3.54 2.99   7.8 -0.522    19.64 21.53 02a57668o0804c 0xc00800
57686.522300 19.454622      NaN     9    17 c    0   1.95 98.75682 50.43479  2039.00  8003.96 3.52 3.33  22.9 -0.448    19.38 21.20 02a57686o0675c 0xc00800
57686.535186 19.089302      NaN    24    20 c    0   1.59 98.75682 50.43479  2065.33  8043.95 3.59 3.35  14.9 -0.404    19.28 21.07 02a57686o0698c 0xc00800
57686.548072 19.241693      NaN     4    23 c    0   1.54 98.75682 50.43479  2000.33  7964.65 3.65 3.43  24.9 -0.441    19.02 20.75 02a57686o0721c 0xc00800
57686.560730 18.786693      NaN    51    20 c    0   1.31 98.75682 50.43479  1973.87  8083.03 3.56 3.33  17.2 -0.427    19.41 21.21 02a57686o0744c 0xc00a00
57686.573252 19.334813      NaN     1    22 c    0   1.49 98.75682 50.43479  2021.70  8027.63 3.47 3.28  16.4 -0.421    19.16 20.84 02a57686o0767c 0xc00800
57690.527915 18.053859      NaN    59    53 c    0   1.20 98.75682 50.43479  1330.83  7609.22 4.41 4.31  49.2 -0.399    18.24 20.26 02a57690o0663c 0xc00800
57690.575094 19.491430      NaN    13    15 c    0   2.27 98.75682 50.43479  1265.48  7686.97 3.70 3.49  30.0 -0.465    19.70 21.66 02a57690o0686c 0xc00800
57690.588018 19.696897      NaN   -18    16 c    0   1.89 98.75682 50.43479  1314.49  7631.35 3.90 3.67  35.8 -0.442    19.65 21.63 02a57690o0709c 0xc00800
57694.538503 19.569016      NaN   -13    18 c    0   1.69 98.75682 50.43479  1922.69  8123.08 3.72 3.51  16.4 -0.458    19.60 21.48 02a57694o0664c 0xc00800
57694.557150 19.287255      NaN    22    16 c    0   2.23 98.75682 50.43479  1925.77  8164.36 3.68 3.42  13.8 -0.436    19.60 21.47 02a57694o0698c 0xc00800
57694.569837 19.529530      NaN     8    16 c    0   1.61 98.75682 50.43479  1869.02  8081.10 3.65 3.44  17.1 -0.453    19.61 21.48 02a57694o0721c 0xc00800
57694.582264 19.696897      NaN   -33    16 c    0   1.38 98.75682 50.43479  1861.17  8196.59 3.69 3.47  14.0 -0.450    19.60 21.47 02a57694o0744c 0xc00900
57694.594641 19.384550      NaN    13    17 c    0   1.48 98.75682 50.43479  1899.62  8141.29 3.74 3.52  19.6 -0.457    19.56 21.41 02a57694o0767c 0xc00800
57698.512792 19.334813      NaN    13    18 c    0   1.33 98.75682 50.43479  4731.72   327.09 3.97 3.83 -56.0 -0.407    19.66 21.60 02a57698o0643c 0xc00800
57698.513812 19.569016      NaN   -48    18 c    0   1.27 98.75682 50.43479   842.41  9917.11 3.80 3.33  11.2 -0.456    19.65 21.59 02a57698o0645c 0xc00900
57698.522139 19.631075      NaN   -14    17 c    0   1.53 98.75682 50.43479  4756.89   369.41 4.06 3.92 -58.7 -0.406    19.64 21.61 02a57698o0661c 0xc00900
57698.524747 19.351140      NaN    18    16 c    0   1.62 98.75682 50.43479   867.38  9956.49 3.84 3.36  13.0 -0.463    19.65 21.62 02a57698o0666c 0xc00800
57698.534330 18.847027      NaN    51    18 c    0   1.67 98.75682 50.43479  4691.97   292.49 4.01 3.88 -57.4 -0.407    19.67 21.64 02a57698o0684c 0xc00a00
57698.536889 19.510313      NaN     0    19 c    0   1.02 98.75682 50.43479   802.85  9876.29 3.82 3.35  14.1 -0.463    19.66 21.63 02a57698o0689c 0xc00800
57698.546569 19.696897      NaN   -11    16 c    0   1.62 98.75682 50.43479  4681.24   411.85 3.95 3.83 -50.1 -0.415    19.68 21.62 02a57698o0707c 0xc00800
57698.549128 19.454622      NaN     6    18 c    0   1.45 98.75682 50.43479   774.60  9994.61 3.68 3.20   8.1 -0.476    19.67 21.61 02a57698o0712c 0xc00800
57698.558649 19.169763      NaN    30    16 c    0   1.53 98.75682 50.43479  4719.30   355.56 3.94 3.80 -57.4 -0.414    19.67 21.61 02a57698o0730c 0xc00800
57698.561227 19.419021      NaN     5    19 c    0   1.34 98.75682 50.43479   812.68  9938.97 3.75 3.28  10.1 -0.461    19.67 21.60 02a57698o0735c 0xc00800
57718.468214 19.436675 0.355979    61    20 c    0   1.41 98.75682 50.43479  4862.53   705.87 4.31 4.16 -78.6 -0.391    19.41 21.49 02a57718o0532c 0xc00a00
57718.479398 18.826541      NaN    47    20 c    0   1.06 98.75682 50.43479  4877.74   746.09 4.11 3.99 -73.2 -0.403    19.43 21.46 02a57718o0553c 0xc00900
57718.487803 19.510313      NaN    -6    19 c    0   1.16 98.75682 50.43479   975.06 10302.07 4.00 3.55  16.6 -0.448    19.60 21.66 02a57718o0568c 0xc00800
57718.499620 19.302877      NaN   -25    23 c    0   1.33 98.75682 50.43479   998.68 10339.58 4.19 3.69  20.5 -0.436    19.34 21.40 02a57718o0590c 0xc00800
57718.501698 19.454622      NaN    -1    20 c    0   1.90 98.75682 50.43479   934.18 10257.73 3.81 3.28  10.4 -0.466    19.50 21.51 02a57718o0594c 0xc00800
57718.503753 19.367717      NaN    11    18 c    0   1.45 98.75682 50.43479  4834.89   668.86 4.12 3.95 -82.7 -0.402    19.46 21.48 02a57718o0598c 0xc00800
57718.514817 19.241693      NaN    19    18 c    0   1.45 98.75682 50.43479  4809.96   785.45 4.06 3.85 -80.0 -0.409    19.59 21.64 02a57718o0619c 0xc00800
57718.516924 18.944322      NaN    39    19 c    0   1.97 98.75682 50.43479   920.69 10375.07 3.75 3.16   9.9 -0.479    19.58 21.58 02a57718o0623c 0xc00900
57718.522611 19.155932      NaN    25    18 c    0   1.36 98.75682 50.43479  4846.55   727.90 3.99 3.78 -76.7 -0.409    19.56 21.54 02a57718o0634c 0xc00800
57718.523125 19.155932      NaN    25    18 c    0   2.01 98.75682 50.43479   961.19 10317.43 3.84 3.28  13.3 -0.462    19.43 21.42 02a57718o0635c 0xc00800
57746.425303 19.367717 0.317369    65    19 c    0   1.73 98.75682 50.43479  6604.96   336.97 3.83 3.73 -70.9 -0.426    19.69 21.68 02a57746o0462c 0xc00b00
57746.428033 19.696897      NaN    -7    16 c    0   1.87 98.75682 50.43479  2924.70  9995.16 3.56 3.05  -2.2 -0.461    19.74 21.73 02a57746o0467c 0xc00800
57746.437504 19.115465      NaN    34    16 c    0   1.75 98.75682 50.43479  2949.48 10033.93 3.62 3.15  -4.1 -0.446    19.75 21.78 02a57746o0485c 0xc00800
57746.439037 19.302877      NaN    18    17 c    0   1.43 98.75682 50.43479  6620.69   377.63 3.91 3.80 -68.8 -0.421    19.73 21.75 02a57746o0488c 0xc00800
57746.455665 19.318728      NaN    14    18 c    0   1.69 98.75682 50.43479  3936.36 10146.93 3.90 3.68   9.8 -0.394    19.70 21.75 02a57746o0519c 0xc00800
57746.456686 19.569016      NaN     9    15 c    0   1.44 98.75682 50.43479  7613.87   487.01 3.96 3.80 -80.5 -0.413    19.72 21.77 02a57746o0521c 0xc00800
57746.462528 19.183773      NaN    26    17 c    0   1.51 98.75682 50.43479  7624.99   370.44 3.95 3.80 -81.0 -0.416    19.72 21.77 02a57746o0532c 0xc00800
57746.464756 19.302877 0.283236    69    18 c    0   1.47 98.75682 50.43479  3948.10 10029.54 4.03 3.86  23.5 -0.414    19.68 21.74 02a57746o0536c 0xc00b00
57746.472222 19.241693      NaN    25    16 c    0   2.30 98.75682 50.43479  3925.27 10089.04 3.94 3.69   8.1 -0.389    19.69 21.75 02a57746o0550c 0xc00800
57746.474510 19.696897      NaN    -3    16 c    0   1.64 98.75682 50.43479  7587.37   428.10 4.13 3.97 -78.7 -0.395    19.69 21.80 02a57746o0554c 0xc00800
57750.430838 18.467034      NaN    56    31 c    0   1.08 98.75682 50.43479   703.32  8117.33 4.04 3.78  29.9 -0.441    19.00 20.99 02a57750o0299c 0xc00900
57750.442927 19.569016      NaN    -1    18 c    0   1.53 98.75682 50.43479   732.52  8151.53 4.12 3.80  32.0 -0.434    19.52 21.59 02a57750o0322c 0xc00800
57750.444937 19.510313      NaN   -33    19 c    0   1.26 98.75682 50.43479   669.67  8070.32 3.96 3.67  30.8 -0.444    19.53 21.56 02a57750o0326c 0xc00800
57750.460073 18.566153      NaN    46    30 c    0   1.40 98.75682 50.43479  9867.36  2256.85 4.12 4.06 -83.2 -0.392    18.64 20.60 02a57750o0355c 0xc00800
57750.468818 18.369531      NaN    49    38 c    0   1.37 98.75682 50.43479  9820.81  2309.12 4.18 3.82 -85.8 -0.408    18.72 20.70 02a57750o0372c 0xc00900
57778.388533 19.256669      NaN    21    17 c    0   1.21 98.75682 50.43479  9444.61  2577.89 4.05 3.64  70.6 -0.445    19.74 21.78 02a57778o0219c 0xc00900
57778.406566 19.302877      NaN    24    15 c    0   1.29 98.75682 50.43479  9433.59  2540.46 4.07 3.71  67.1 -0.436    19.72 21.77 02a57778o0255c 0xc00800
57778.416007 19.743105      NaN     4    14 c    0   1.73 98.75682 50.43479  9493.60  2618.60 4.03 3.60  72.9 -0.445    19.72 21.75 02a57778o0274c 0xc00800
57778.419340 19.696897      NaN     3    15 c    0   2.00 98.75682 50.43479  9508.19  2504.18 4.11 3.81  64.6 -0.425    19.70 21.75 02a57778o0281c 0xc00800
57778.440791 19.631075      NaN   -10    17 c    0   1.57 98.75682 50.43479  9471.84  2560.28 4.12 3.79  64.2 -0.428    19.67 21.69 02a57778o0324c 0xc00800
57782.379056 19.436675      NaN    16    15 c    0   1.59 98.75682 50.43479  8972.90  1543.37 3.91 3.61  86.3 -0.426    19.69 21.65 02a57782o0360c 0xc00800
57782.381451 19.696897      NaN   -17    16 c    0   1.57 98.75682 50.43479  8950.00  1508.50 3.90 3.66  83.0 -0.421    19.71 21.68 02a57782o0365c 0xc00800
57782.409878 19.510313      NaN     9    16 c    0   1.55 98.75682 50.43479  9012.00  1584.30 3.90 3.61  84.2 -0.422    19.69 21.63 02a57782o0422c 0xc00800
57782.412766 19.472870      NaN    11    16 c    0   1.30 98.75682 50.43479  9039.54  1469.98 3.95 3.71  82.1 -0.417    19.69 21.65 02a57782o0428c 0xc00800
57782.426365 19.766969      NaN    -4    15 c    0   1.64 98.75682 50.43479  8988.92  1525.41 3.91 3.65  83.1 -0.419    19.69 21.66 02a57782o0455c 0xc00800
57786.375934 19.696897      NaN   -10    16 c    0   1.80 98.75682 50.43479  9233.94  2844.19 3.92 3.54  78.1 -0.419    19.64 21.56 02a57786o0137c 0xc00800
57786.393578 19.038793      NaN    40    16 c    0   1.63 98.75682 50.43479  9209.85  2802.82 3.96 3.59  77.2 -0.413    19.64 21.57 02a57786o0173c 0xc00900
57786.403648 19.549093      NaN    10    15 c    0   1.99 98.75682 50.43479  9271.56  2881.00 3.95 3.54  77.7 -0.420    19.65 21.58 02a57786o0193c 0xc00800
57786.420534 19.419021      NaN    14    16 c    0   1.34 98.75682 50.43479  9285.80  2764.17 3.93 3.54  79.7 -0.427    19.64 21.59 02a57786o0227c 0xc00800
57786.427373 19.696897      NaN   -17    16 c    0   1.66 98.75682 50.43479  9249.27  2821.57 3.93 3.57  78.4 -0.418    19.64 21.58 02a57786o0241c 0xc00800
57806.339696 19.241693      NaN    28    15 c    0   1.33 98.75682 50.43479  8013.09  1555.63 3.91 3.73  50.9 -0.437    19.72 21.77 02a57806o0213c 0xc00800
57806.368048 19.197966      NaN    28    16 c    0   1.30 98.75682 50.43479  7991.83  1512.64 3.82 3.67  71.8 -0.437    19.72 21.76 02a57806o0269c 0xc00800
57806.369548 19.351140      NaN    18    16 c    0   1.53 98.75682 50.43479  8054.24  1593.81 3.90 3.73  65.1 -0.431    19.71 21.76 02a57806o0272c 0xc00800
57806.385376 19.287255      NaN    19    17 c    0   1.51 98.75682 50.43479  8080.69  1475.24 3.84 3.70  59.6 -0.439    19.69 21.73 02a57806o0303c 0xc00800
57806.403212 19.569016      NaN     6    16 c    0   1.42 98.75682 50.43479  8043.87  1530.04 3.90 3.74  62.1 -0.427    19.65 21.65 02a57806o0338c 0xc00800
57834.294123 18.826541      NaN    50    19 c    0   2.79 98.75682 50.43479  5402.01  9188.02 4.17 3.67   4.7 -0.418    18.82 20.66 02a57834o0063c 0xc00800
57834.312331 19.241693      NaN    10    21 c    0   1.30 98.75682 50.43479  5375.28  9146.42 3.77 3.65   8.1 -0.438    18.87 20.66 02a57834o0098c 0xc00800
57834.332745 19.334813      NaN     1    22 c    0   1.30 98.75682 50.43479  5439.31  9221.66 3.77 3.68  29.2 -0.443    18.87 20.65 02a57834o0137c 0xc00800
57834.341034 18.720295      NaN    46    24 c    0   1.28 98.75682 50.43479  5452.09  9101.22 4.12 4.04  56.2 -0.406    18.78 20.62 02a57834o0153c 0xc00900
57834.348982 18.990530      NaN    20    24 c    0   0.99 98.75682 50.43479  5415.80  9160.01 4.08 3.98  54.2 -0.405    18.78 20.58 02a57834o0168c 0xc00800
57838.304589 19.454622      NaN     0    20 c    0   1.21 98.75682 50.43479  8252.83  2806.48 4.26 4.04  71.5 -0.375    18.82 20.73 02a57838o0097c 0xc00800
57838.316694 19.128787      NaN    15    22 c    0   1.07 98.75682 50.43479  8230.52  2766.22 4.54 4.35  66.3 -0.368    18.72 20.71 02a57838o0120c 0xc00800
57838.334055 19.454622      NaN   -18    20 c    0   1.22 98.75682 50.43479  8290.94  2846.04 4.51 4.30  66.2 -0.363    18.73 20.69 02a57838o0153c 0xc00800
57838.341317 18.900000      NaN    43    19 c    0   1.49 98.75682 50.43479  8303.66  2726.08 4.25 4.08  59.3 -0.373    18.78 20.66 02a57838o0167c 0xc00800
57838.351938 19.401649      NaN   -19    21 c    0   1.40 98.75682 50.43479  8267.47  2784.60 4.06 3.89  62.7 -0.392    18.80 20.63 02a57838o0187c 0xc00800
57842.288976 19.302877      NaN   -24    23 c    0   1.13 98.75682 50.43479  6815.03  8913.04 4.23 4.05  75.5 -0.390    18.79 20.65 02a57842o0126c 0xc00800
57842.298544 19.351140      NaN   -18    22 c    0   1.22 98.75682 50.43479  6803.22  8870.35 4.03 3.90  76.8 -0.406    18.82 20.63 02a57842o0144c 0xc00900
57842.311677 18.649074      NaN    57    23 c    0   1.42 98.75682 50.43479  6851.84  8949.29 4.14 3.98  74.9 -0.396    18.79 20.62 02a57842o0169c 0xc00900
57842.331560 19.256669      NaN    -8    24 c    0   1.40 98.75682 50.43479  6875.14  8830.43 4.44 4.26  76.3 -0.373    18.70 20.58 02a57842o0207c 0xc00800
57842.343508 19.302877      NaN    -7    23 c    0   1.34 98.75682 50.43479  6836.93  8887.51 4.25 4.10  72.4 -0.388    18.71 20.56 02a57842o0230c 0xc00800
57862.262089 19.302877      NaN   -46    23 c    0   1.37 98.75682 50.43479  6506.32  9116.92 4.00 3.74  87.5 -0.462    18.67 20.17 02a57862o0082c 0xc00800
57862.272367 19.051202      NaN    12    25 c    0   1.17 98.75682 50.43479  6493.39  9077.42 3.93 3.58  89.3 -0.472    18.68 20.15 02a57862o0103c 0xc00800
57862.281643 19.302877      NaN    -5    23 c    0   2.11 98.75682 50.43479  6541.88  9155.99 3.90 3.55 -89.5 -0.469    18.69 20.15 02a57862o0122c 0xc00800
57862.289403 19.051202      NaN    24    21 c    0   1.85 98.75682 50.43479  6566.58  9040.15 3.99 3.62 -84.4 -0.463    18.66 20.15 02a57862o0138c 0xc00800
57862.293943 19.401649      NaN   -20    21 c    0   2.38 98.75682 50.43479  6530.31  9094.91 3.92 3.56 -87.9 -0.467    18.67 20.13 02a57862o0147c 0xc00800
57870.272578 19.436675      NaN    22    13 c    0   3.88 98.75682 50.43479  8699.75  1053.08 3.44 2.58  30.7 -0.447    19.26 20.28 02a57870o0023c 0xc00800
57870.292507 19.302877      NaN    21    16 c    0   2.26 98.75682 50.43479  8771.96  1014.74 4.17 2.69  35.0 -0.486    19.25 20.25 02a57870o0061c 0xc00800
57870.295806 19.169763      NaN    30    16 c    0   2.06 98.75682 50.43479  8734.18  1070.25 4.28 2.67  37.4 -0.469    19.27 20.25 02a57870o0067c 0xc00900
57894.251184 19.128787      NaN    -9    27 c    0   1.50 98.75682 50.43479  8093.06  2167.73 4.08 2.67  47.1 -0.453    18.81 19.81 02a57894o0034c 0xc00800
57894.259524 19.351140      NaN     6    20 c    0   1.87 98.75682 50.43479  8067.18  2125.44 4.17 2.64  45.9 -0.438    19.24 20.53 02a57894o0050c 0xc00800
57894.269950 19.197966      NaN    19    19 c    0   2.74 98.75682 50.43479  8125.99  2207.82 4.12 2.78  45.2 -0.432    19.19 20.60 02a57894o0070c 0xc00800
57894.282538 19.128787      NaN    12    23 c    0   1.30 98.75682 50.43479  8135.19  2094.17 4.14 2.75  43.9 -0.424    19.14 20.49 02a57894o0094c 0xc00800
58044.626216 20.009244      NaN   -18    12 c    0   1.72 98.75682 50.43479  1520.94  7456.40 3.99 3.08  -3.8 -0.384    19.35 21.48 02a58044o0435c 0xc00800
58044.636417 20.009244      NaN   -14    12 c    0   2.61 98.75682 50.43479  1489.64  7418.10 3.64 3.17  -8.1 -0.398    19.36 21.35 02a58044o0456c 0xc00800
58044.646826 18.666446      NaN    40    28 c    0   1.35 98.75682 50.43479  1548.69  7492.28 4.12 3.41  -4.4 -0.378    18.42 19.88 02a58044o0477c 0xc00800
58194.305666 19.922338      NaN    15     8 c    0   4.91 98.75682 50.43479  9088.08  1404.23 2.87 2.47  49.5 -0.424    19.70 21.47 02a58194o0199c 0xc00800
58194.308433 20.009244      NaN     9     9 c    0   3.10 98.75682 50.43479  9062.79  1363.74 2.98 2.54  57.1 -0.411    19.62 21.49 02a58194o0205c 0xc00800
58194.309801 20.405150      NaN     1     8 c    0   7.81 98.75682 50.43479  9125.22  1444.62 2.83 2.50  62.8 -0.411    19.72 21.50 02a58194o0208c 0xc00800
58194.321185 20.321591      NaN     0     9 c    0   6.82 98.75682 50.43479  9153.09  1330.06 2.86 2.53  49.5 -0.425    19.69 21.49 02a58194o0232c 0xc00800
58196.318690 19.816329      NaN    19     8 c    0   5.22 98.75682 50.43479  2168.77  5868.51 2.45 2.27  49.0 -0.451    19.71 21.68 02a58196o0204c 0xc00a00
58196.325578 20.244005      NaN     5     8 c    0   9.51 98.75682 50.43479  2155.00  5808.71 2.53 2.32  46.9 -0.439    19.69 21.67 02a58196o0219c 0xc00800
58196.335463 18.566153      NaN    58    26 c    0   2.89 98.75682 50.43479  2205.90  5903.05 2.52 2.30  44.0 -0.451    18.75 20.41 02a58196o0240c 0xc00800
58196.345057 20.449472      NaN    -4     8 c    0   7.56 98.75682 50.43479  2229.22  5783.95 2.48 2.33  40.1 -0.447    19.64 21.61 02a58196o0261c 0xc00800
58224.310917 19.652575      NaN     8    14 c    0   3.94 98.75682 50.43479 10021.01  6197.57 2.89 2.73  -1.5 -0.404    19.42 21.06 02a58224o0014c 0xc00800
58252.244250 19.302877      NaN   -16    23 c    0   3.32 98.75682 50.43479  1410.85  5934.22 2.50 2.37 -42.7 -0.430    18.39 19.19 02a58252o0033c 0xc00800
58252.257681 19.841877      NaN   -13    14 c    0   4.35 98.75682 50.43479  1407.10  5935.94 2.47 2.44 -54.8 -0.441    19.27 20.68 02a58252o0061c 0xc00900
58252.273822 19.841877      NaN   -17    14 c    0   2.06 98.75682 50.43479  1403.98  5940.78 2.44 2.41 -14.0 -0.437    19.23 20.65 02a58252o0093c 0xc00900
58396.613805 18.816441      NaN    27    27 c    0   1.93 98.75682 50.43479  9152.15  3216.49 2.70 2.62 -66.6 -0.430    18.61 19.97 02a58396o0878c 0xc00800
58396.622662 19.302877      NaN   -30    23 c    0   1.04 98.75682 50.43479  9166.16  3255.52 2.71 2.51 -57.8 -0.414    18.86 20.26 02a58396o0897c 0xc00800
58396.631474 19.169763      NaN    15    21 c    0   1.49 98.75682 50.43479  9118.70  3181.48 2.65 2.51 -71.7 -0.431    18.84 20.24 02a58396o0916c 0xc00800
58396.640301 18.410251      NaN    61    32 c    0   0.88 98.75682 50.43479  9094.65  3300.00 2.61 2.50 -74.1 -0.434    18.59 19.70 02a58396o0935c 0xc00800
58400.610590 20.244005      NaN     8     7 c    0   9.27 98.75682 50.43479  7906.08  5445.91 2.71 2.61  89.0 -0.414    19.69 21.60 02a58400o0700c 0xc00800
58400.618991 19.922338      NaN    12     9 c    0   5.97 98.75682 50.43479  7920.56  5487.00 2.63 2.51  85.5 -0.421    19.73 21.62 02a58400o0718c 0xc00800
58400.627915 20.449472      NaN     0     8 c    0   3.83 98.75682 50.43479  7874.19  5413.08 2.62 2.54  81.4 -0.425    19.71 21.62 02a58400o0737c 0xc00800
58400.636249 19.791368      NaN    20     8 c    0   7.67 98.75682 50.43479  7850.38  5531.64 2.58 2.51  82.5 -0.424    19.65 21.32 02a58400o0755c 0xc00a00
58424.595841 20.207197      NaN    -1    10 c    0  11.55 98.75682 50.43479  9126.01  6082.63 2.71 2.62 -62.2 -0.403    19.52 21.06 02a58424o0791c 0xc00801
58424.604318 19.894850      NaN     7    11 c    0   4.17 98.75682 50.43479  9098.14  6043.50 2.80 2.66 -47.8 -0.377    19.51 21.07 02a58424o0809c 0xc00800
58424.613447 19.816329      NaN    13    10 c    0   5.87 98.75682 50.43479  9154.43  6117.59 2.54 2.50  81.2 -0.423    19.59 21.07 02a58424o0828c 0xc00800
58424.622794 19.922338      NaN    12     9 c    0   8.52 98.75682 50.43479  9163.50  6003.76 2.50 2.45  75.0 -0.435    19.60 21.05 02a58424o0846c 0xc00800
58428.544509 20.321591      NaN    -2     9 c    0   4.10 98.75682 50.43479  8564.72  6442.43 2.56 2.54 -80.3 -0.426    19.72 21.70 02a58428o0655c 0xc00800
58428.553484 20.071303      NaN    10     8 c    0   5.27 98.75682 50.43479  8579.22  6475.79 2.70 2.62  81.0 -0.422    19.69 21.70 02a58428o0673c 0xc00800
58428.562401 20.207197      NaN    -8    10 c    0   2.55 98.75682 50.43479  8519.85  6402.85 2.65 2.62  59.9 -0.431    19.72 21.69 02a58428o0692c 0xc00800
58428.570756 19.950541      NaN    14     8 c    0   9.83 98.75682 50.43479  8508.20  6520.87 2.61 2.55  73.3 -0.431    19.72 21.71 02a58428o0710c 0xc00800
58432.536029 19.719755      NaN    14    11 c    0   3.04 98.75682 50.43479  9738.44  3113.38 2.58 2.48 -71.3 -0.442    19.70 21.55 02a58432o0749c 0xc00800
58432.550565 19.979496      NaN     7    10 c    0   2.94 98.75682 50.43479  9769.63  3154.57 2.60 2.48 -83.5 -0.448    19.71 21.54 02a58432o0779c 0xc00800
58432.553915 20.362567      NaN     2     8 c    0   3.81 98.75682 50.43479   155.89  2999.82 2.51 2.29  37.3 -0.435    19.70 21.56 02a58432o0785c 0xc00800
58432.560663 19.894850      NaN    13     9 c    0   3.89 98.75682 50.43479  9710.43  3085.96 2.55 2.47 -81.9 -0.446    19.68 21.50 02a58432o0798c 0xc00800
58432.563080 20.321591      NaN    -9     9 c    0   1.90 98.75682 50.43479   184.67  3035.87 2.47 2.32  40.0 -0.416    19.69 21.50 02a58432o0803c 0xc00900
58432.569122 20.207197      NaN   -20    10 c    0   2.73 98.75682 50.43479  9698.99  3202.23 2.54 2.46 -86.4 -0.444    19.72 21.50 02a58432o0816c 0xc00800
58432.571902 19.979496      NaN     4    11 c    0   5.27 98.75682 50.43479   124.02  2955.88 2.60 2.32  28.6 -0.469    19.72 21.55 02a58432o0822c 0xc00800
58432.580355 20.071303      NaN     4    10 c    0   1.77 98.75682 50.43479   113.74  3071.90 2.56 2.32  32.0 -0.452    19.73 21.61 02a58432o0840c 0xc00800
58436.540809 19.841877      NaN    -2    14 c    0   2.56 98.75682 50.43479  1748.06  4832.51 2.50 2.45  46.4 -0.424    19.37 21.19 02a58436o0756c 0xc00800
58436.542192 19.674510      NaN    13    12 c    0   8.17 98.75682 50.43479  1721.66  4797.14 2.52 2.49 -43.6 -0.413    19.30 21.11 02a58436o0759c 0xc00800
58436.552075 19.609992      NaN     1    17 c    0   4.11 98.75682 50.43479  8850.27  5699.98 2.63 2.57 -53.6 -0.441    19.17 20.98 02a58436o0778c 0xc00800
58436.560437 19.719755      NaN    17    10 c    0   6.11 98.75682 50.43479  8826.70  5815.78 2.62 2.59 -69.3 -0.435    19.57 21.46 02a58436o0796c 0xc00800
58456.597738 19.894850      NaN    16     8 c    0   4.51 98.75682 50.43479  5847.54  2661.19 2.63 2.53 -68.8 -0.402    19.72 21.65 02a58456o0749c 0xc00800
58456.605056 20.137125      NaN     5     9 c    0   2.55 98.75682 50.43479  5820.18  2620.31 2.67 2.60 -82.0 -0.403    19.65 21.64 02a58456o0765c 0xc00800
58456.616657 20.282105      NaN     1     9 c    0   5.68 98.75682 50.43479  5882.76  2700.28 2.59 2.53  78.8 -0.403    19.71 21.58 02a58456o0789c 0xc00800
58456.622810 19.743105      NaN    19     9 c    0   6.57 98.75682 50.43479  5893.95  2580.94 2.59 2.55 -82.9 -0.405    19.67 21.58 02a58456o0802c 0xc00900
58460.533807 19.631075      NaN    15    12 c    0   3.79 98.75682 50.43479  4433.49 10012.03 2.98 2.76  18.6 -0.447    19.64 21.71 02a58460o0745c 0xc00800
58460.535193 19.816329      NaN    19     8 c    0   8.52 98.75682 50.43479  5495.53   300.05 2.89 2.57  39.5 -0.415    19.71 21.74 02a58460o0748c 0xc00800
58460.540224 19.950541      NaN     2    12 c    0   1.93 98.75682 50.43479  5468.41   261.21 3.19 2.91  43.8 -0.403    19.57 21.74 02a58460o0759c 0xc00800
58460.541609 20.009244      NaN   -11    12 c    0   3.65 98.75682 50.43479  4404.87  9972.85 2.97 2.75  26.2 -0.444    19.65 21.72 02a58460o0762c 0xc00900
58460.552040 19.401649      NaN    30    11 c    0   2.60 98.75682 50.43479  4465.78 10050.48 2.97 2.72  19.0 -0.448    19.64 21.73 02a58460o0783c 0xc00900
58460.561860 20.207197      NaN   -10    10 c    0   3.30 98.75682 50.43479  5526.07   337.83 3.25 2.90  40.7 -0.397    19.55 21.75 02a58460o0804c 0xc00800
58460.562785 19.271854      NaN    35    12 c    0   3.21 98.75682 50.43479  4473.75  9932.01 3.21 2.97  25.7 -0.432    19.53 21.73 02a58460o0806c 0xc00a00
58460.572102 19.384550      NaN    28    12 c    0   3.86 98.75682 50.43479  5550.21   218.64 3.18 2.81  42.2 -0.408    19.64 21.76 02a58460o0825c 0xc00800
58488.487736 20.009244      NaN    -6    12 c    0   2.51 98.75682 50.43479  7785.49  8110.95 3.38 3.21  40.2 -0.385    19.34 21.60 02a58488o0630c 0xc00800
58488.496927 19.791368      NaN     5    13 c    0   1.50 98.75682 50.43479  7768.14  8071.53 3.41 3.25  47.4 -0.385    19.39 21.59 02a58488o0650c 0xc00800
58488.506886 19.922338      NaN   -14    13 c    0   1.64 98.75682 50.43479  7831.11  8151.22 3.52 3.34  42.6 -0.394    19.35 21.60 02a58488o0671c 0xc00900
58488.517642 19.894850      NaN     1    13 c    0   1.77 98.75682 50.43479  7841.02  8034.03 3.62 3.48  52.0 -0.397    19.32 21.60 02a58488o0694c 0xc00800
58492.498073 19.766969      NaN    18     9 c    0   6.36 98.75682 50.43479  3727.01  4188.19 2.47 2.37 -69.1 -0.405    19.70 21.66 02a58492o0644c 0xc00800
58492.512113 20.449472      NaN    -3     8 c    0   4.14 98.75682 50.43479  3726.71  4150.08 2.50 2.43 -64.4 -0.405    19.65 21.64 02a58492o0670c 0xc00800
58492.522147 19.950541      NaN    17     7 c    0  10.35 98.75682 50.43479  3780.15  4221.94 2.43 2.37  87.6 -0.408    19.66 21.65 02a58492o0690c 0xc00801
58492.534569 19.841877      NaN    18     8 c    0   7.80 98.75682 50.43479  3797.07  4108.14 2.50 2.40 -67.6 -0.405    19.61 21.61 02a58492o0713c 0xc00800
58576.320721 20.207197      NaN     0    10 c    0   5.91 98.75682 50.43479  4878.14  2264.38 2.37 2.31  62.7 -0.400    19.58 21.24 02a58576o0213c 0xc00800
58576.331353 19.894850      NaN     4    12 c    0   5.02 98.75682 50.43479  4852.82  2224.13 2.42 2.31  61.0 -0.400    19.55 21.21 02a58576o0235c 0xc00800
58576.342145 19.766969      NaN    12    11 c    0   5.46 98.75682 50.43479  4912.64  2299.48 2.43 2.30  54.0 -0.400    19.53 21.18 02a58576o0258c 0xc00800
58576.357763 19.894850      NaN     7    11 c    0   4.68 98.75682 50.43479  4927.36  2178.81 2.35 2.31 -67.2 -0.402    19.49 21.09 02a58576o0291c 0xc00800
58580.290935 19.922338      NaN   -10    13 c    0   3.33 98.75682 50.43479   698.72 10134.65 2.56 2.18 -48.5 -0.447    19.55 21.15 02a58580o0151c 0xc00800
58580.301506 19.791368      NaN     8    12 c    0   5.08 98.75682 50.43479   672.78 10093.42 2.69 2.18 -45.8 -0.432    19.51 21.14 02a58580o0173c 0xc00800
58580.304364 19.841877      NaN     6    12 c    0  11.15 98.75682 50.43479  1364.75   355.99 2.58 2.29 -62.3 -0.403    19.49 21.15 02a58580o0179c 0xc00801
58580.312138 20.039830      NaN     2    11 c    0   3.85 98.75682 50.43479  9645.89 10177.83 2.94 2.72 -47.1 -0.374    19.56 21.23 02a58580o0195c 0xc00800
58580.312596 19.841877      NaN     6    12 c    0   5.58 98.75682 50.43479   735.07 10166.44 2.58 2.16 -43.7 -0.434    19.49 21.11 02a58580o0196c 0xc00800
58580.314909 19.922338      NaN     3    12 c    0  15.35 98.75682 50.43479  1339.84   313.22 2.57 2.31 -65.1 -0.401    19.49 21.14 02a58580o0201c 0xc00801
58580.322579 19.950541      NaN     2    12 c    0   2.65 98.75682 50.43479  9618.17 10134.32 2.75 2.62  30.8 -0.378    19.52 21.20 02a58580o0217c 0xc00800
58580.323035 19.652575      NaN    11    13 c    0   7.42 98.75682 50.43479   747.97 10044.37 2.55 2.06 -45.5 -0.453    19.50 21.07 02a58580o0218c 0xc00800
58580.326000 19.589310      NaN    20    11 c    0  16.01 98.75682 50.43479  1401.92   389.28 2.62 2.22 -55.8 -0.412    19.50 21.10 02a58580o0224c 0xc00801
58580.339157 20.103715      NaN    -7    11 c    0  10.93 98.75682 50.43479  1427.72   267.36 2.78 2.29 -51.5 -0.394    19.46 21.04 02a58580o0252c 0xc00801
58580.340071 19.922338      NaN     6    11 c    0   2.23 98.75682 50.43479  9680.20 10215.16 2.98 2.65 -47.5 -0.369    19.54 21.12 02a58580o0254c 0xc00800
58580.344867 19.696897      NaN    18    10 c    0   2.75 98.75682 50.43479  9691.80 10097.23 2.80 2.61 -44.2 -0.370    19.55 21.10 02a58580o0264c 0xc00800
58604.256524 19.674510      NaN    10    13 c    0   5.46 98.75682 50.43479  1263.60  6206.37 2.68 2.39  35.7 -0.395    19.16 20.74 02a58604o0043c 0xc00800
58604.266940 19.367717      NaN    20    15 c    0   5.15 98.75682 50.43479  1250.82  6166.63 2.62 2.42  37.7 -0.397    19.18 20.71 02a58604o0065c 0xc00800
58604.267854 19.318728      NaN    23    15 c    0   1.62 98.75682 50.43479 10346.45  6319.19 2.94 2.57  29.0 -0.412    19.29 20.87 02a58604o0067c 0xc00800
58604.277030 19.510313      NaN     9    16 c    0   4.11 98.75682 50.43479  1312.18  6238.17 2.52 2.43  44.4 -0.403    19.15 20.68 02a58604o0086c 0xc00800
58604.278438 19.529530      NaN    14    14 c    0   1.95 98.75682 50.43479 10331.61  6278.40 2.89 2.62  24.9 -0.413    19.28 20.84 02a58604o0089c 0xc00900
58604.287492 19.569016      NaN   -24    18 c    0   1.06 98.75682 50.43479  1327.48  6117.47 2.50 2.29 -46.8 -0.434    19.17 20.62 02a58604o0108c 0xc00800
58604.288440 19.549093      NaN    16    13 c    0   3.60 98.75682 50.43479 10381.41  6354.69 2.81 2.57  22.8 -0.413    19.24 20.80 02a58604o0110c 0xc00800
58604.298713 19.529530      NaN    11    15 c    0   4.04 98.75682 50.43479 10407.33  6239.96 2.74 2.58  11.2 -0.421    19.22 20.76 02a58604o0132c 0xc00800
58728.581687 19.868040      NaN    11    10 c    0   3.17 98.75682 50.43479  8235.99  3031.24 2.45 2.41  17.3 -0.386    19.62 21.46 02a58728o0761c 0xc00800
58728.584890 19.922338      NaN     9    10 c    0   3.75 98.75682 50.43479  8254.81  3069.48 2.47 2.36  29.1 -0.385    19.62 21.47 02a58728o0768c 0xc00800
58728.591592 20.103715      NaN     9     8 c    0   4.00 98.75682 50.43479  8200.66  2992.74 2.53 2.41  33.5 -0.382    19.62 21.47 02a58728o0782c 0xc00800
58728.603085 20.137125      NaN     5     9 c    0   4.87 98.75682 50.43479  8179.88  3110.09 2.45 2.43  54.4 -0.386    19.63 21.51 02a58728o0807c 0xc00800
58764.564175 19.950541      NaN    11     9 c    0   8.74 98.75682 50.43479  3224.60   988.63 2.39 2.25 -72.7 -0.429    19.67 21.43 02a58764o0764c 0xc00800
58764.569142 20.009244      NaN     6    10 c    0   2.08 98.75682 50.43479  3246.43  1035.77 2.48 2.29 -60.8 -0.428    19.71 21.45 02a58764o0774c 0xc00800
58764.573087 20.207197      NaN   -23    10 c    0   2.80 98.75682 50.43479  3190.65   957.23 2.48 2.29 -61.8 -0.426    19.65 21.45 02a58764o0782c 0xc00900
58764.584879 19.696897      NaN    18    10 c    0   2.43 98.75682 50.43479  3174.37  1074.39 2.45 2.27 -65.9 -0.429    19.71 21.50 02a58764o0806c 0xc00800
58764.648997 18.806434      NaN     7    34 c    0   2.25 98.75682 50.43479  3231.79  1019.77 2.52 2.32 -65.3 -0.433    17.89 18.74 02a58764o0936c 0xc00800
58788.582606 20.039830      NaN     5    10 c    0   7.62 98.75682 50.43479   963.21  5833.86 2.38 2.07 -51.3 -0.423    19.76 21.52 02a58788o0783c 0xc00800
58788.588017 20.207197      NaN     0    10 c    0   2.71 98.75682 50.43479  9664.36  4783.50 2.64 2.40 -65.5 -0.407    19.69 21.50 02a58788o0794c 0xc00800
58788.599759 20.207197      NaN   -10    10 c    0   5.26 98.75682 50.43479   994.99  5870.94 2.53 2.05 -56.6 -0.430    19.73 21.47 02a58788o0819c 0xc00800
58788.602505 19.922338      NaN    15     8 c    0   6.63 98.75682 50.43479  1012.92  5751.01 2.34 2.22 -25.4 -0.411    19.71 21.46 02a58788o0825c 0xc00800
58792.573159 19.950541      NaN    11     9 c    0   3.33 98.75682 50.43479  9645.46  4745.00 2.59 2.48  64.7 -0.400    19.67 21.53 02a58792o0832c 0xc00800
58792.578345 20.321591      NaN   -10     9 c    0   5.26 98.75682 50.43479  9664.45  4786.96 2.59 2.49  53.9 -0.400    19.67 21.51 02a58792o0842c 0xc00800
58792.581215 20.039830 0.279189    35     9 c    0   8.23 98.75682 50.43479  1000.44  5871.94 2.33 2.19 -44.3 -0.420    19.76 21.52 02a58792o0848c 0xc00900
58792.591708 20.009244      NaN     6    10 c    0   9.48 98.75682 50.43479  1015.45  5752.40 2.29 2.22 -23.6 -0.417    19.56 21.29 02a58792o0869c 0xc00800
58816.461337 19.868040 0.238332    41     9 c    0   5.19 98.75682 50.43479  1386.18  1021.01 2.72 2.34 -58.7 -0.425    19.67 21.46 02a58816o0592c 0xc00900
58816.464541 20.207197      NaN   -18    10 c    0   1.90 98.75682 50.43479  1405.10  1061.29 2.76 2.37 -59.7 -0.428    19.66 21.47 02a58816o0599c 0xc00900
58816.471444 19.868040      NaN    11    10 c    0   2.87 98.75682 50.43479  1348.38   979.98 2.95 2.60 -61.8 -0.415    19.55 21.48 02a58816o0614c 0xc00800
58816.481295 20.103715      NaN     3    10 c    0   1.47 98.75682 50.43479  1331.48  1097.50 2.89 2.48 -59.2 -0.417    19.63 21.49 02a58816o0635c 0xc00800
58844.621758 20.321591      NaN   -11     9 c    0   6.67 98.75682 50.43479  4773.92  5556.21 2.66 2.24  37.8 -0.380    19.65 21.56 02a58844o0284c 0xc00900
58844.624993 19.894850      NaN    10    10 c    0   6.49 98.75682 50.43479  4756.80  5516.84 2.61 2.22  37.2 -0.381    19.66 21.57 02a58844o0291c 0xc00900
58844.630117 19.510313      NaN    27    10 c    0   8.24 98.75682 50.43479  4814.68  5589.03 2.65 2.37  38.2 -0.381    19.58 21.53 02a58844o0302c 0xc00800
58844.641620 19.791368      NaN    11    11 c    0   4.36 98.75682 50.43479  4836.71  5471.93 2.48 2.34  34.6 -0.388    19.59 21.44 02a58844o0327c 0xc00800
58868.437029 20.321591      NaN   -12     9 c    0   4.06 98.75682 50.43479  4183.58  7410.41 2.41 2.33 -43.4 -0.407    19.75 21.75 02a58868o0518c 0xc00800
58868.440259 19.696897      NaN    21     9 c    0  11.81 98.75682 50.43479  4165.02  7372.69 2.37 2.29 -37.5 -0.404    19.78 21.75 02a58868o0525c 0xc00801
58868.446897 20.071303      NaN     7     9 c    0   6.44 98.75682 50.43479  4221.30  7447.06 2.35 2.27 -53.1 -0.413    19.78 21.74 02a58868o0539c 0xc00800
58868.457119 20.171596      NaN     4     9 c    0  10.08 98.75682 50.43479  4243.01  7330.73 2.38 2.33 -52.3 -0.409    19.76 21.70 02a58868o0561c 0xc00801
58872.385919 20.071303      NaN    13     7 c    0  12.42 98.75682 50.43479  4184.79  7416.95 2.35 2.26 -54.5 -0.414    19.85 21.90 02a58872o0409c 0xc00801
58872.389069 20.137125      NaN     8     8 c    0  23.89 98.75682 50.43479  4168.18  7377.07 2.43 2.27 -50.6 -0.415    19.87 21.90 02a58872o0415c 0xc00801
58872.402333 16.943818 0.016125   606     9 c    0 259.53 98.75682 50.43479  4219.87  7451.63 2.48 2.27  34.9 -0.398    19.82 21.88 02a58872o0443c 0xc00801
58872.411699 19.868040      NaN    14     9 c    0   9.52 98.75682 50.43479  4237.69  7333.19 2.79 2.29  36.6 -0.380    19.82 21.90 02a58872o0462c 0xc00800
58876.415592 20.207197 0.361912    30    10 c    0   3.49 98.75682 50.43479  9363.40  3646.46 2.56 2.36  26.1 -0.385    19.69 21.72 02a58876o0450c 0xc00a00
58876.417887 19.816329      NaN    19     8 c    0  22.55 98.75682 50.43479  9344.05  3605.97 2.43 2.40 -41.6 -0.394    19.77 21.81 02a58876o0455c 0xc00801
58876.422688 19.743105      NaN    19     9 c    0  11.32 98.75682 50.43479  9403.61  3685.97 2.52 2.41 -56.9 -0.392    19.65 21.63 02a58876o0465c 0xc00801
58876.431933 19.922338      NaN   -13    13 c    0   2.90 98.75682 50.43479  9423.88  3575.33 2.52 2.36 -64.6 -0.397    19.32 21.18 02a58876o0484c 0xc00800
58900.487598 19.287255      NaN    28    14 c    0   3.69 98.75682 50.43479  3585.70  9746.65 3.09 2.67 -47.5 -0.391    19.32 21.24 02a58900o0570c 0xc00900
58900.490869 19.589310      NaN    11    14 c    0   1.90 98.75682 50.43479  3566.86  9715.85 2.87 2.62 -45.6 -0.389    19.34 21.22 02a58900o0576c 0xc00800
58932.296549 19.674510      NaN    19    10 c    0   5.94 98.75682 50.43479   542.33  1292.22 2.57 2.27 -57.6 -0.415    19.67 21.48 02a58932o0169c 0xc00800
58932.300256 20.137125      NaN     5     9 c    0   9.18 98.75682 50.43479   520.91  1251.23 2.55 2.29 -59.6 -0.413    19.64 21.46 02a58932o0177c 0xc00800
58932.305875 19.979496      NaN    10     9 c    0   7.21 98.75682 50.43479   581.03  1327.96 2.59 2.35 -60.2 -0.414    19.59 21.45 02a58932o0189c 0xc00900
58932.316205 20.207197      NaN    -2    10 c    0   4.45 98.75682 50.43479   602.97  1204.95 2.59 2.28 -57.8 -0.411    19.66 21.46 02a58932o0211c 0xc00800
58964.243382 16.589302      NaN  -108   280 c    0   1.07 98.75682 50.43479  7311.73  9594.76 2.89 2.79 -61.9 -0.382    16.04 17.17 02a58964o0020c 0xc00802
58964.246638 16.577731      NaN  -223   283 c    0   1.41 98.75682 50.43479  7292.63  9550.23 2.83 2.75 -86.9 -0.392    16.16 17.32 02a58964o0027c 0xc00802
58964.252165 16.917271      NaN   -26   207 c    0   0.73 98.75682 50.43479  7349.14  9628.89 3.33 3.09 -66.6 -0.367    16.67 18.01 02a58964o0039c 0xc00802
58964.262327 15.229501      NaN   941   666 c    0   1.06 98.75682 50.43479  7368.64  9509.96 3.08 3.02 -69.0 -0.405    15.15 16.41 02a58964o0061c 0xc00802
59136.593268 20.321591      NaN    -7     9 c    0   3.78 98.75682 50.43479 10043.23  9289.01 2.87 2.78  86.4 -0.368    19.66 21.47 02a59136o0876c 0xc00800
59136.600020 20.071303      NaN     4    10 c    0   3.06 98.75682 50.43479 10064.01  9328.42 2.91 2.83  65.7 -0.369    19.65 21.45 02a59136o0890c 0xc00800
59136.602307 20.071303      NaN     1    11 c    0   2.99 98.75682 50.43479 10002.69  9253.63 2.90 2.81  70.2 -0.368    19.62 21.45 02a59136o0895c 0xc00800
59136.612382 20.071303      NaN     1    11 c    0   3.15 98.75682 50.43479  9983.55  9372.27 2.96 2.87  80.8 -0.367    19.61 21.42 02a59136o0917c 0xc00800
59140.587185 20.103715      NaN   -30    11 c    0   2.84 98.75682 50.43479  2603.44  2820.90 2.72 2.34  42.1 -0.391    19.21 21.17 02a59140o0858c 0xc00800
59140.589473 20.009244      NaN   -17    12 c    0   2.22 98.75682 50.43479  2623.34  2861.19 2.64 2.28  46.2 -0.395    19.38 21.28 02a59140o0863c 0xc00800
59140.597095 19.589310      NaN    20    11 c    0   2.48 98.75682 50.43479  2565.07  2780.79 2.51 2.32  54.1 -0.404    19.34 21.19 02a59140o0879c 0xc00800
59140.606710 19.334813      NaN    28    13 c    0   2.52 98.75682 50.43479  2556.10  2895.63 2.47 2.31  54.9 -0.405    19.25 21.08 02a59140o0899c 0xc00800
59144.521009 20.039830      NaN    11     8 c    0   4.64 98.75682 50.43479  2593.66  2821.78 2.39 2.27  60.1 -0.405    19.72 21.66 02a59144o0669c 0xc00900
59144.526338 20.321591      NaN    -8     9 c    0   2.81 98.75682 50.43479  2609.88  2860.06 2.38 2.27  62.0 -0.404    19.72 21.64 02a59144o0680c 0xc00800
59144.528689 20.137125      NaN     8     8 c    0   3.29 98.75682 50.43479  2553.14  2780.85 2.59 2.24  44.0 -0.396    19.68 21.65 02a59144o0685c 0xc00800
59144.540333 20.137125      NaN     8     8 c    0   4.92 98.75682 50.43479  2536.35  2895.72 2.52 2.24  45.0 -0.400    19.72 21.65 02a59144o0710c 0xc00800
59148.585185 19.510313      NaN     9    16 c    0   1.70 98.75682 50.43479  5162.00  6845.42 2.84 2.41  43.0 -0.386    19.05 20.70 02a59148o0855c 0xc00800
59148.587014 19.766969      NaN   -27    15 c    0   2.18 98.75682 50.43479  5181.91  6881.80 2.92 2.43  40.1 -0.384    19.04 20.76 02a59148o0859c 0xc00800
59148.589758 19.063754      NaN    35    17 c    0   1.61 98.75682 50.43479  5121.23  6806.06 2.90 2.40  40.8 -0.385    19.10 20.76 02a59148o0865c 0xc00900
59148.594801 19.510313      NaN     3    18 c    0   1.93 98.75682 50.43479  5103.03  6922.30 3.02 2.42  40.6 -0.374    18.77 20.43 02a59148o0876c 0xc00800
59168.631234 20.321591      NaN    -1     9 c    0   3.66 98.75682 50.43479  7309.64  9580.05 2.75 2.61  63.6 -0.391    19.59 21.38 02a59168o0050c 0xc00800
59168.634023 19.766969      NaN    15    10 c    0   3.55 98.75682 50.43479  7291.15  9539.52 2.71 2.62  72.0 -0.385    19.59 21.37 02a59168o0056c 0xc00800
59168.639473 20.207197      NaN    -8    10 c    0   2.35 98.75682 50.43479  7345.63  9620.65 2.65 2.56  74.4 -0.398    19.65 21.33 02a59168o0067c 0xc00800
59168.642278 19.454622      NaN    24    12 c    0   3.45 98.75682 50.43479  7362.78  9502.93 2.60 2.50  61.2 -0.395    19.67 21.29 02a59168o0073c 0xc00900
59176.589428 20.321591      NaN    -1     9 c    0   7.57 98.75682 50.43479  6708.51  5483.08 2.79 2.57  34.3 -0.385    19.55 21.42 02a59176o0221c 0xc00800
59176.593621 20.103715      NaN    -7    11 c    0   3.88 98.75682 50.43479  6689.36  5443.59 2.55 2.36  41.9 -0.394    19.36 21.14 02a59176o0230c 0xc00800
59176.600057 18.410251      NaN    52    35 c    0   1.48 98.75682 50.43479  6747.52  5521.45 2.51 2.40  35.6 -0.395    18.22 19.74 02a59176o0244c 0xc00800
59176.610136 19.510313      NaN   -36    19 c    0   2.03 98.75682 50.43479  6768.74  5405.41 2.53 2.42  45.8 -0.392    18.91 20.53 02a59176o0266c 0xc00800
59192.442522 20.321591      NaN    -7     9 c    0   2.19 98.75682 50.43479  9665.02  4721.09 2.68 2.62  51.1 -0.390    19.69 21.70 02a59192o0559c 0xc00800
59192.445742 20.207197      NaN    -4    10 c    0   1.88 98.75682 50.43479  9688.77  4758.96 2.61 2.53  89.5 -0.403    19.75 21.70 02a59192o0566c 0xc00800
59192.457660 19.816329      NaN    16     9 c    0   4.96 98.75682 50.43479  9633.71  4683.71 2.73 2.62 -75.2 -0.398    19.67 21.72 02a59192o0592c 0xc00800
59192.473870 20.321591      NaN    -4     9 c    0   3.49 98.75682 50.43479  9617.00  4807.87 2.69 2.63  68.4 -0.398    19.69 21.70 02a59192o0624c 0xc00800
59194.496663 20.321591      NaN    -7     9 c    0   5.21 98.75682 50.43479  6870.29   793.47 2.61 2.43 -18.6 -0.392    19.77 23.06 01a59194o0679c 0xc00800
59194.499898 19.491430 0.168476    58     9 c    0   9.21 98.75682 50.43479  6888.78   830.27 2.62 2.52 -21.7 -0.386    19.78 23.06 01a59194o0686c 0xc00800
59194.506356 20.449472      NaN    -7     8 c    0   4.45 98.75682 50.43479  6838.49   755.47 2.91 2.81 -31.3 -0.363    19.66 23.02 01a59194o0700c 0xc00800
59194.538954 19.743105      NaN    22     8 c    0   3.59 98.75682 50.43479  6828.38   869.73 2.83 2.75 -21.3 -0.355    19.67 23.03 01a59194o0770c 0xc00900
59200.409397 17.408507 0.024738   395     9 c    0 135.31 98.75682 50.43479  3977.63  9151.49 2.55 2.45 -62.3 -0.404    19.71 21.67 02a59200o0486c 0xc00801
59200.444627 20.207197      NaN    -8    10 c    0   4.46 98.75682 50.43479  4005.02  9192.65 2.88 2.45  45.5 -0.368    19.69 21.66 02a59200o0515c 0xc00800
59200.446456 19.510313      NaN    27    10 c    0   4.69 98.75682 50.43479  3944.52  9116.20 2.55 2.49  56.5 -0.399    19.69 21.66 02a59200o0519c 0xc00900
59200.449199 20.039830      NaN     5    10 c    0   3.36 98.75682 50.43479  3922.39  9234.82 2.51 2.45  76.1 -0.394    19.72 21.66 02a59200o0525c 0xc00800
59204.639174 20.207197      NaN    -1    10 c    0   9.40 98.75682 50.43479  8628.17  1370.63 2.58 2.31 -51.9 -0.404    19.55 21.34 02a59204o0122c 0xc00800
59204.653222 19.868040      NaN     8    11 c    0   4.59 98.75682 50.43479  8607.03  1329.66 2.68 2.41 -49.6 -0.398    19.43 21.14 02a59204o0152c 0xc00800
59204.659282 19.674510      NaN     4    15 c    0   3.71 98.75682 50.43479  8665.93  1413.76 2.60 2.35 -48.1 -0.398    19.36 20.85 02a59204o0165c 0xc00800
59204.662536 19.491430      NaN    13    15 c    0   3.86 98.75682 50.43479  8689.04  1293.78 2.72 2.40 -49.8 -0.389    19.14 20.45 02a59204o0172c 0xc00800
59222.364258 20.449472      NaN    -6     8 c    0   4.94 98.75682 50.43479  2297.14  7543.92 2.53 2.33 -70.9 -0.391    19.75 21.83 01a59222o0371c 0xc00800
59222.369851 20.103715      NaN    12     7 c    0  23.30 98.75682 50.43479  2278.95  7507.13 2.47 2.30 -67.6 -0.393    19.79 21.87 01a59222o0383c 0xc00801
59222.372620 20.321591      NaN     9     6 c    0  14.69 98.75682 50.43479  2336.44  7579.85 2.43 2.24 -72.1 -0.393    19.82 21.87 01a59222o0389c 0xc00801
59222.382497 20.449472      NaN    -7     8 c    0   4.76 98.75682 50.43479  2354.64  7466.56 2.39 2.18 -76.3 -0.394    19.82 21.86 01a59222o0410c 0xc00800
59226.410197 20.449472      NaN    -2     8 c    0   6.22 98.75682 50.43479 10043.39  9202.70 2.73 2.63  55.6 -0.346    19.80 22.01 01a59226o0428c 0xc00800
59226.413441 20.449472      NaN    -2     8 c    0   6.74 98.75682 50.43479 10066.10  9240.97 2.63 2.52  54.6 -0.347    19.87 22.01 01a59226o0435c 0xc00800
59226.419902 19.791368      NaN    20     8 c    0   5.95 98.75682 50.43479 10006.45  9165.36 2.60 2.51  70.1 -0.348    19.85 22.01 01a59226o0449c 0xc00900
59226.431880 20.321591      NaN    -9     9 c    0   3.20 98.75682 50.43479  9990.74  9283.61 2.68 2.63  67.1 -0.343    19.80 22.02 01a59226o0475c 0xc00800
59228.454515 19.791368      NaN    17     9 c    0   7.04 98.75682 50.43479   372.18  7708.03 2.64 2.37 -49.5 -0.384    19.66 21.67 02a59228o0484c 0xc00900
59228.457720 20.449472      NaN    -7     8 c    0  10.20 98.75682 50.43479   354.38  7669.06 2.57 2.32 -49.0 -0.392    19.69 21.68 02a59228o0491c 0xc00801
59228.460920 20.009244      NaN     3    11 c    0   3.82 98.75682 50.43479  9860.37  7747.56 2.99 2.91 -76.4 -0.375    19.68 21.73 02a59228o0498c 0xc00800
59228.465049 20.207197      NaN    -1    10 c    0   7.18 98.75682 50.43479   411.14  7743.01 2.72 2.48 -48.7 -0.391    19.54 21.58 02a59228o0507c 0xc00800
59228.466421 20.207197      NaN   -16    10 c    0   2.22 98.75682 50.43479  9839.15  7707.16 3.01 2.94  68.4 -0.393    19.53 21.56 02a59228o0510c 0xc00800
59228.469202 20.103715      NaN    -5    11 c    0   3.30 98.75682 50.43479  9895.40  7788.30 2.90 2.84 -72.2 -0.384    19.49 21.50 02a59228o0516c 0xc00800
59228.477452 19.922338      NaN   -18    13 c    0   1.32 98.75682 50.43479   432.36  7621.81 3.33 3.07 -44.5 -0.394    19.46 21.56 02a59228o0534c 0xc00900
59228.481584 19.696897      NaN    21     9 c    0   5.30 98.75682 50.43479  9914.07  7671.27 3.03 2.81  34.5 -0.379    19.57 21.67 02a59228o0543c 0xc00800
59230.348352 20.103715      NaN    -1    11 c    0   7.63 98.75682 50.43479   514.34  1307.45 2.52 2.25  31.1 -0.457    19.78 21.88 01a59230o0329c 0xc00800
59230.350193 19.979496      NaN    10     9 c    0  11.60 98.75682 50.43479   489.04  1270.33 2.46 2.24  55.1 -0.470    19.79 21.87 01a59230o0333c 0xc00801
59230.353504 19.950541      NaN     8    10 c    0   8.22 98.75682 50.43479   550.66  1346.47 2.42 2.23  54.0 -0.462    19.78 21.85 01a59230o0340c 0xc00800
59230.359580 19.868040      NaN    14     9 c    0  10.40 98.75682 50.43479   568.83  1229.22 2.39 2.22  58.2 -0.475    19.80 21.86 01a59230o0353c 0xc00801
59250.347963 20.321591      NaN    -7     9 c    0   2.23 98.75682 50.43479  9059.58  6519.79 2.66 2.37 -88.6 -0.402    19.81 21.88 01a59250o0303c 0xc00800
59250.351234 20.594452      NaN     0     7 c    0   3.98 98.75682 50.43479  9081.80  6557.08 2.65 2.43  86.5 -0.387    19.83 21.89 01a59250o0310c 0xc00900
59250.356764 19.979496      NaN    10     9 c    0   3.08 98.75682 50.43479  9021.19  6482.50 2.65 2.43 -82.1 -0.391    19.80 21.90 01a59250o0322c 0xc00800
59250.367384 20.321591      NaN    -9     9 c    0   3.55 98.75682 50.43479  9005.06  6600.26 2.67 2.42 -88.0 -0.393    19.80 21.92 01a59250o0345c 0xc00800
59252.394836 20.207197      NaN    -7    10 c    0   7.30 98.75682 50.43479  5446.00  9648.37 2.53 2.34 -58.4 -0.412    19.76 21.61 02a59252o0412c 0xc00800
59252.398042 19.950541      NaN     8    10 c    0   5.37 98.75682 50.43479  5428.08  9609.06 2.54 2.31 -52.6 -0.417    19.78 21.61 02a59252o0419c 0xc00900
59252.404018 19.631075      NaN    21    10 c    0   8.40 98.75682 50.43479  5484.22  9687.81 2.51 2.28 -53.3 -0.422    19.76 21.60 02a59252o0432c 0xc00900
59252.414553 19.766969      NaN    15    10 c    0   5.08 98.75682 50.43479  5503.68  9568.96 2.46 2.35 -53.3 -0.415    19.72 21.60 02a59252o0455c 0xc00800
59254.258480 19.128787      NaN    15    22 c    0   1.50 98.75682 50.43479  1501.59  2025.40 2.91 2.36  70.0 -0.418    18.60 21.95 01a59254o0118c 0xc00800
59254.355282 19.743105      NaN    19     9 c    0   2.02 98.75682 50.43479  9068.54  6517.48 2.79 2.34 -86.0 -0.403    19.74 21.89 01a59254o0322c 0xc00900
59254.358509 20.321591      NaN    -5     9 c    0   2.97 98.75682 50.43479  9089.23  6555.80 2.81 2.38 -86.5 -0.403    19.76 21.89 01a59254o0329c 0xc00800
59254.365024 20.321591      NaN   -19     9 c    0   3.19 98.75682 50.43479  9031.08  6480.04 2.89 2.42 -86.4 -0.394    19.74 21.89 01a59254o0343c 0xc00800
59254.375171 20.137125      NaN     5     9 c    0   2.09 98.75682 50.43479  9014.91  6597.86 2.90 2.45 -85.6 -0.391    19.70 21.85 01a59254o0365c 0xc00800
59256.332538 20.071303      NaN     1    11 c    0   4.80 98.75682 50.43479  5463.58  9658.61 2.66 2.60 -62.4 -0.397    19.68 21.67 02a59256o0274c 0xc00800
59256.365086 20.207197      NaN    -3    10 c    0   4.43 98.75682 50.43479  5438.88  9615.33 2.50 2.42 -76.4 -0.403    19.73 21.69 02a59256o0343c 0xc00800
59256.368285 20.207197      NaN    -4    10 c    0   4.23 98.75682 50.43479  5494.20  9693.17 2.50 2.40 -68.3 -0.406    19.76 21.67 02a59256o0350c 0xc00800
59256.375624 20.449472      NaN    -2     8 c    0   2.98 98.75682 50.43479  5513.27  9576.14 2.58 2.50 -61.1 -0.402    19.72 21.66 02a59256o0366c 0xc00800
59258.367914 20.244005      NaN     5     8 c    0   4.11 98.75682 50.43479  3181.28  1012.02 2.43 2.30   6.5 -0.394    19.78 21.77 01a59258o0351c 0xc00800
59258.371142 20.207197      NaN     6     8 c    0   2.28 98.75682 50.43479  3201.40  1051.21 2.37 2.29  26.1 -0.402    19.76 21.76 01a59258o0358c 0xc00800
59258.377207 20.362567      NaN     2     8 c    0   6.53 98.75682 50.43479  3146.10   971.09 2.37 2.24  47.6 -0.417    19.81 21.77 01a59258o0371c 0xc00800
59258.387856 19.589310      NaN    23    10 c    0   4.15 98.75682 50.43479  3130.89  1087.12 2.44 2.37  26.3 -0.406    19.73 21.77 01a59258o0394c 0xc00900
59266.513900 20.009244      NaN   -17    12 c    0   7.02 98.75682 50.43479  3788.98  5164.00 2.73 2.62 -43.3 -0.356    19.16 20.71 01a59266o0209c 0xc00800
59278.291792 19.841877      NaN    -3    14 c    0   2.81 98.75682 50.43479  8738.04  1111.85 2.80 2.50 -24.3 -0.352    19.33 20.93 01a59278o0106c 0xc00800
59278.295495 19.791368      NaN     5    13 c    0   1.81 98.75682 50.43479  8758.11  1149.87 2.70 2.49 -80.6 -0.392    19.42 21.06 01a59278o0114c 0xc00800
59278.300733 19.419021      NaN    20    14 c    0   2.43 98.75682 50.43479  8703.25  1074.54 2.73 2.54 -33.2 -0.358    19.45 21.04 01a59278o0125c 0xc00a00
59278.311383 18.403357      NaN    26    44 c    0   1.49 98.75682 50.43479  8687.43  1191.46 2.85 2.49 -29.4 -0.351    18.25 19.78 01a59278o0148c 0xc00800
59284.308003 19.791368      NaN    14    10 c    0   4.91 98.75682 50.43479  2583.25  1133.16 2.49 2.33  52.5 -0.413    19.64 21.48 02a59284o0135c 0xc00800
59284.311700 19.674510      NaN    22     9 c    0   9.16 98.75682 50.43479  2563.03  1093.62 2.53 2.36  61.9 -0.410    19.59 21.48 02a59284o0143c 0xc00800
59284.317237 19.791368      NaN    14    10 c    0   7.07 98.75682 50.43479  2626.43  1170.56 2.56 2.42 -85.2 -0.416    19.62 21.47 02a59284o0155c 0xc00800
59284.327351 20.171596      NaN     4     9 c    0   5.13 98.75682 50.43479  2646.75  1049.65 2.51 2.40  88.1 -0.415    19.62 21.48 02a59284o0177c 0xc00800
59288.284715 20.103715      NaN     6     9 c    0   5.07 98.75682 50.43479  2588.76  1135.92 2.53 2.40 -69.8 -0.417    19.66 21.49 02a59288o0153c 0xc00800
59288.287924 19.979496      NaN     7    10 c    0   4.82 98.75682 50.43479  2567.66  1095.81 2.40 2.29 -79.0 -0.425    19.71 21.49 02a59288o0160c 0xc00800
59288.293475 19.652575      NaN    23     9 c    0   7.27 98.75682 50.43479  2629.00  1173.96 2.45 2.34 -72.0 -0.423    19.67 21.50 02a59288o0172c 0xc00800
59288.304472 19.841877      NaN    15     9 c    0  11.07 98.75682 50.43479  2649.32  1054.76 2.44 2.28 -67.3 -0.423    19.67 21.51 02a59288o0196c 0xc00801
59310.252446 20.647425      NaN     2     6 c    0   6.82 98.75682 50.43479  1307.78  1042.99 2.31 2.13  40.1 -0.421    19.84 21.43 01a59310o0003c 0xc00800
59310.255670 20.405150      NaN     1     8 c    0   3.04 98.75682 50.43479  1329.01  1082.86 2.42 2.20  42.7 -0.417    19.83 21.42 01a59310o0010c 0xc00800
59310.260863 20.137125      NaN     2    10 c    0   2.64 98.75682 50.43479  1274.83  1001.19 2.40 2.21  36.1 -0.419    19.84 21.42 01a59310o0021c 0xc00800
59310.270812 20.207197      NaN    -3    10 c    0   1.86 98.75682 50.43479  1262.09  1114.27 2.34 2.13  49.6 -0.436    19.84 21.41 01a59310o0042c 0xc00800
59314.234967 19.652575      NaN     8    14 c    0   2.05 98.75682 50.43479  3168.67  6914.77 2.08 1.92 -77.5 -0.408    19.47 20.69 01a59314o0036c 0xc00800
59314.238672 19.894850      NaN    13     9 c    0   5.89 98.75682 50.43479  3189.66  6952.80 2.14 1.94 -78.9 -0.408    19.79 21.21 01a59314o0044c 0xc00800
59314.243782 20.495680      NaN     2     7 c    0   3.07 98.75682 50.43479  3130.90  6874.74 2.16 1.94 -82.3 -0.411    19.86 21.35 01a59314o0055c 0xc00800
59314.254053 20.103715      NaN     0    11 c    0   2.95 98.75682 50.43479  3114.24  6990.04 2.15 1.99 -75.3 -0.405    19.51 20.98 01a59314o0077c 0xc00800
59318.230880 19.318728      NaN    11    19 c    0   1.22 98.75682 50.43479  3167.25  6917.92 2.21 2.14 -57.6 -0.379    19.01 19.79 01a59318o0026c 0xc00800
59318.234114 20.009244      NaN   -15    12 c    0   1.19 98.75682 50.43479  3188.06  6956.51 2.27 2.15 -71.7 -0.388    19.43 20.45 01a59318o0033c 0xc00800
59318.243335 20.449472      NaN   -14     8 c    0   4.22 98.75682 50.43479  3127.76  6876.22 2.30 2.07 -76.4 -0.398    19.76 21.17 01a59318o0053c 0xc00800
59318.254865 20.321591      NaN    -3     9 c    0   2.09 98.75682 50.43479  3113.92  6992.88 2.28 2.11 -79.9 -0.391    19.77 21.24 01a59318o0078c 0xc00800
59472.609281 20.207197      NaN    -7    10 c    0   3.28 98.75682 50.43479  6363.82  3166.22 2.39 2.28  61.5 -0.394    19.64 21.42 02a59472o0556c 0xc00800
59472.626993 20.449472 0.361912    24     8 c    0   4.53 98.75682 50.43479  6387.70  3203.65 2.40 2.32  60.7 -0.390    19.59 21.38 02a59472o0594c 0xc00900
59472.637119 19.766969      NaN     0    15 c    0   2.23 98.75682 50.43479  6333.62  3129.00 2.45 2.30  54.7 -0.389    19.08 20.35 02a59472o0616c 0xc00800
59472.640804 18.889197      NaN     2    33 c    0   1.23 98.75682 50.43479  6313.89  3245.40 2.47 2.31  56.2 -0.384    18.45 19.47 02a59472o0624c 0xc00800
59524.533142 20.009244      NaN     6    10 c    0   1.83 98.75682 50.43479  8289.04  3033.39 2.72 2.67  77.6 -0.367    19.50 21.27 02a59524o0770c 0xc00800
59524.534972 20.321591      NaN   -25     9 c    0   4.01 98.75682 50.43479  8307.19  3071.33 2.67 2.59  59.7 -0.371    19.57 21.28 02a59524o0774c 0xc00900
59524.537717 19.791368      NaN     5    13 c    0   0.94 98.75682 50.43479  8251.04  2995.71 2.81 2.71  61.2 -0.369    19.49 21.27 02a59524o0780c 0xc00800
59524.543680 20.103715      NaN   -14    11 c    0   2.00 98.75682 50.43479  8232.43  3114.45 2.63 2.56  74.9 -0.372    19.56 21.28 02a59524o0793c 0xc00800
59528.491776 20.071303      NaN     7     9 c    0   3.26 98.75682 50.43479  8273.62  3031.84 2.45 2.37 -65.6 -0.385    19.69 21.46 02a59528o0663c 0xc00800
59528.494065 20.362567      NaN     2     8 c    0   7.21 98.75682 50.43479  8294.13  3068.83 2.48 2.40 -88.3 -0.383    19.65 21.47 02a59528o0668c 0xc00800
59528.496907 20.449472      NaN   -13     8 c    0   3.28 98.75682 50.43479  8239.49  2994.42 2.42 2.37  77.8 -0.388    19.67 21.48 02a59528o0674c 0xc00800
59528.501944 19.894850      NaN    16     8 c    0   2.15 98.75682 50.43479  8221.36  3110.64 2.44 2.35 -85.0 -0.387    19.70 21.48 02a59528o0685c 0xc00800
59588.438849 19.652575      NaN    23     9 c    0  13.80 98.75682 50.43479   918.34  5851.69 2.30 2.18 -24.6 -0.445    19.66 21.54 02a59588o0541c 0xc00801
59588.442084 19.841877      NaN    12    10 c    0   7.26 98.75682 50.43479   900.30  5813.27 2.32 2.23 -16.8 -0.442    19.60 21.55 02a59588o0548c 0xc00800
59588.448041 19.549093 0.197407    55    10 c    0  11.32 98.75682 50.43479   957.85  5887.74 2.35 2.25 -20.1 -0.441    19.60 21.56 02a59588o0561c 0xc00801
59588.462705 19.868040 0.291295    41    11 c    0  16.89 98.75682 50.43479   976.15  5768.65 2.28 2.20  -3.1 -0.442    19.65 21.56 02a59588o0593c 0xc00801
59615.343442 19.743105      NaN    16    10 c    0   5.08 98.75682 50.43479  9186.68  9574.31 2.70 2.58 -80.5 -0.384    19.64 21.45 02a59615o0313c 0xc00800
59615.376588 20.137125      NaN     2    10 c    0   3.60 98.75682 50.43479  9156.81  9531.90 2.73 2.63 -65.6 -0.388    19.63 21.44 02a59615o0384c 0xc00800
59615.380244 19.510313      NaN    24    11 c    0   5.29 98.75682 50.43479  9214.40  9612.88 2.77 2.66 -74.6 -0.380    19.67 21.43 02a59615o0392c 0xc00900
59615.387119 19.816329      NaN     7    12 c    0   2.69 98.75682 50.43479  9233.21  9495.35 2.81 2.70 -66.1 -0.383    19.59 21.38 02a59615o0407c 0xc00800
59635.342421 20.207197      NaN   -29    10 c    0   2.99 98.75682 50.43479  2858.54  5680.64 2.55 2.43  42.1 -0.407    19.59 21.49 02a59635o0296c 0xc00900
59635.345618 20.282105      NaN     1     9 c    0   5.65 98.75682 50.43479  2838.11  5640.72 2.49 2.38  44.2 -0.409    19.62 21.48 02a59635o0303c 0xc00800
59635.351110 20.009244      NaN     3    11 c    0   2.59 98.75682 50.43479  2893.94  5716.50 3.03 2.65  38.1 -0.383    19.47 21.47 02a59635o0315c 0xc00800
59635.361696 20.009244      NaN   -20    12 c    0   2.81 98.75682 50.43479  2915.66  5599.70 2.81 2.69  42.4 -0.403    19.47 21.47 02a59635o0338c 0xc00800
59639.282394 20.009244      NaN     3    11 c    0   9.27 98.75682 50.43479  2869.12  5687.34 2.26 2.22  17.7 -0.427    19.71 21.46 02a59639o0163c 0xc00800
59639.285592 19.766969      NaN    12    11 c    0   8.45 98.75682 50.43479  2847.83  5649.04 2.23 2.19 -43.9 -0.432    19.75 21.47 02a59639o0170c 0xc00800
59639.291079 20.039830      NaN     8     9 c    0  16.65 98.75682 50.43479  2908.19  5727.80 2.26 2.23 -41.9 -0.429    19.69 21.48 02a59639o0182c 0xc00801
59639.302510 20.071303      NaN     4    10 c    0   3.91 98.75682 50.43479  2924.77  5606.50 2.25 2.21   1.0 -0.427    19.74 21.47 02a59639o0207c 0xc00800
59643.341183 19.841877      NaN    -9    14 c    0   2.29 98.75682 50.43479  4784.09  5559.35 2.29 2.11  51.0 -0.435    19.17 21.65 02a59643o0270c 0xc00800
59643.344232 19.674510      NaN     7    14 c    0   7.00 98.75682 50.43479  4765.25  5519.86 2.28 2.09  53.5 -0.435    19.19 21.64 02a59643o0276c 0xc00800
59643.350202 19.384550      NaN    22    14 c    0   3.76 98.75682 50.43479  4822.83  5596.42 2.21 2.10  55.5 -0.440    19.20 21.66 02a59643o0288c 0xc00800
59643.360544 19.696897      NaN     3    15 c    0   2.44 98.75682 50.43479  4844.03  5479.59 2.23 2.18  55.4 -0.436    19.14 21.64 02a59643o0309c 0xc00800
59663.248508 19.743105      NaN    10    12 c    0   3.92 98.75682 50.43479  3465.25  3837.45 2.40 2.29  44.4 -0.425    19.50 21.34 02a59663o0074c 0xc00800
59663.252167 19.696897      NaN    15    11 c    0   4.25 98.75682 50.43479  3445.41  3797.12 2.34 2.30  61.1 -0.427    19.48 21.35 02a59663o0082c 0xc00800
59663.258571 19.922338      NaN     9    10 c    0   6.50 98.75682 50.43479  3503.47  3873.63 2.48 2.34  40.6 -0.418    19.42 21.34 02a59663o0096c 0xc00800
59663.270970 20.071303      NaN     4    10 c    0  17.84 98.75682 50.43479  3523.29  3756.30 2.35 2.28  43.0 -0.420    19.50 21.35 02a59663o0123c 0xc00801
59671.244399 20.009244      NaN    -3    12 c    0   2.51 98.75682 50.43479  4199.18  7409.38 2.73 2.48  32.6 -0.389    19.41 21.34 02a59671o0034c 0xc00800
59671.248067 19.922338      NaN    -2    13 c    0   2.24 98.75682 50.43479  4179.65  7370.35 2.62 2.41  29.7 -0.396    19.40 21.35 02a59671o0042c 0xc00800
59671.254035 19.922338      NaN   -19    13 c    0   1.75 98.75682 50.43479  4235.41  7446.36 2.90 2.57  32.8 -0.381    19.35 21.37 02a59671o0055c 0xc00800
59671.288727 20.009244      NaN   -19    12 c    0   3.42 98.75682 50.43479  4251.27  7328.16 2.74 2.40  33.3 -0.385    19.42 21.37 02a59671o0071c 0xc00800
59675.243444 18.079051      NaN    66    49 c    0   1.80 98.75682 50.43479  9384.00  3653.70 2.46 2.33  28.4 -0.400    18.10 19.61 02a59675o0063c 0xc00800
59675.246642 17.303777      NaN   -38   145 c    0   1.24 98.75682 50.43479  9362.90  3614.69 2.60 2.32  22.2 -0.396    16.53 18.35 02a59675o0070c 0xc00800
59675.252178 17.935984      NaN    27    72 c    0   1.25 98.75682 50.43479  9424.03  3694.86 2.46 2.38  24.3 -0.397    17.04 18.51 02a59675o0082c 0xc00800
59675.263661 13.316367      NaN   864  5418 c    0   1.43 98.75682 50.43479  9441.62  3578.71 2.44 2.34  14.9 -0.439    12.61 14.12 02a59675o0107c 0xc00802
59679.238976 16.961884      NaN   116   160 c    0   1.07 98.75682 50.43479  9389.13  3657.13 2.70 2.28  27.4 -0.402    17.06 18.53 02a59679o0020c 0xc00800
59679.243092 18.511660      NaN    23    40 c    0   1.12 98.75682 50.43479  9368.46  3615.43 2.67 2.27  28.8 -0.393    18.14 19.73 02a59679o0029c 0xc00800
59679.250438 18.806434      NaN    28    27 c    0   2.97 98.75682 50.43479  9426.73  3694.80 2.59 2.27  27.9 -0.398    18.41 19.92 02a59679o0045c 0xc00900
59679.263265 17.909502      NaN    54    65 c    0   1.37 98.75682 50.43479  9442.33  3580.87 2.65 2.46  25.3 -0.405    17.47 19.12 02a59679o0073c 0xc00800
59823.562872 19.922338      NaN    -2    13 c    0   2.19 98.75682 50.43479  3158.27  6917.03 2.81 2.54  28.4 -0.383    19.26 20.92 02a59823o0745c 0xc00800
59823.566490 19.569016      NaN    12    14 c    0   1.80 98.75682 50.43479  3177.09  6955.98 2.84 2.64  31.3 -0.379    19.21 20.93 02a59823o0753c 0xc00800
59823.575626 19.922338      NaN   -18    13 c    0   1.18 98.75682 50.43479  3116.81  6876.52 2.78 2.51  31.8 -0.381    19.30 21.02 02a59823o0773c 0xc00800
59823.586182 19.529530      NaN    14    14 c    0   2.38 98.75682 50.43479  3095.20  6991.60 2.84 2.49  34.1 -0.374    19.37 21.08 02a59823o0796c 0xc00800
59845.469313 19.569016      NaN   -14    18 c    0   1.83 98.75682 50.43479  4425.67  3833.66 2.80 2.70  20.5 -0.353    18.71 20.30 01a59845o0481c 0xc00800
59845.476124 18.786693      NaN    30    27 c    0   1.32 98.75682 50.43479  4409.83  3800.75 3.30 2.92  36.3 -0.304    18.41 20.10 01a59845o0494c 0xc00800
59845.478904 19.510313      NaN    -8    19 c    0   1.57 98.75682 50.43479  4466.88  3870.60 3.18 2.84  35.6 -0.313    18.80 20.50 01a59845o0500c 0xc00800
59845.488030 18.152867      NaN    10    63 c    0   1.17 98.75682 50.43479  4490.61  3760.97 3.41 3.01  36.9 -0.287    17.65 19.37 01a59845o0518c 0xc00800
59849.615629 20.321591      NaN    -2     9 c    0   4.17 98.75682 50.43479   493.44  4102.98 3.05 2.79  51.0 -0.308    19.67 21.58 01a59849o0572c 0xc00800
59849.616561 20.449472      NaN   -16     8 c    0   7.50 98.75682 50.43479 10385.68  4177.24 2.99 2.92  28.9 -0.300    19.64 21.57 01a59849o0574c 0xc00800
59849.619811 20.321591      NaN   -37     9 c    0   3.49 98.75682 50.43479   474.17  4064.02 3.40 3.07  53.4 -0.263    19.60 21.55 01a59849o0581c 0xc00900
59849.622620 20.449472      NaN   -15     8 c    0  11.33 98.75682 50.43479 10364.80  4134.92 2.95 2.89  27.7 -0.314    19.65 21.58 01a59849o0587c 0xc00801
59849.628077 20.449472      NaN    -7     8 c    0  17.14 98.75682 50.43479 10422.79  4213.62 2.96 2.87  19.9 -0.312    19.62 21.47 01a59849o0597c 0xc00801
59849.628541 20.207197      NaN    -4    10 c    0   3.77 98.75682 50.43479   530.83  4139.40 3.11 2.83  54.7 -0.308    19.64 21.47 01a59849o0598c 0xc00800
59849.638245 19.696897      NaN   -50    16 c    0   1.47 98.75682 50.43479   553.13  4020.77 3.76 3.26  50.8 -0.216    18.98 20.23 01a59849o0618c 0xc00900
59849.640108 19.696897      NaN   -37    16 c    0   3.23 98.75682 50.43479 10446.29  4096.23 3.02 2.88  18.2 -0.276    18.81 19.65 01a59849o0622c 0xc00800
59853.500380 19.841877      NaN   -33    14 c    0   4.40 98.75682 50.43479 10351.88  4220.32 3.21 3.10   6.8 -0.277    19.33 21.15 01a59853o0645c 0xc00800
59853.503611 20.103715      NaN   -21    11 c    0   5.79 98.75682 50.43479 10333.91  4180.07 3.25 3.10  11.8 -0.269    19.35 21.19 01a59853o0652c 0xc00900
59853.511472 20.321591      NaN   -23     9 c    0   5.29 98.75682 50.43479 10396.26  4260.34 3.21 3.02  11.6 -0.268    19.39 21.19 01a59853o0669c 0xc00900
59853.512866 20.207197      NaN   -13    10 c    0   1.97 98.75682 50.43479   474.19  4097.62 3.42 3.12  38.5 -0.276    19.43 21.26 01a59853o0672c 0xc00800
59853.530835 20.321591      NaN   -28     9 c    0   5.44 98.75682 50.43479 10422.82  4134.23 3.20 3.07  13.9 -0.270    19.41 21.23 01a59853o0710c 0xc00900
59853.531759 20.103715      NaN   -10    11 c    0   2.48 98.75682 50.43479   458.12  4063.04 3.47 3.21  44.2 -0.276    19.43 21.29 01a59853o0712c 0xc00800
59853.546390 20.207197      NaN   -33    10 c    0   3.78 98.75682 50.43479   519.38  4139.12 3.54 3.21  43.9 -0.259    19.45 21.31 01a59853o0743c 0xc00900
59853.551553 20.321591      NaN   -31     9 c    0   3.85 98.75682 50.43479   542.35  4019.89 3.31 3.04  47.1 -0.290    19.47 21.29 01a59853o0754c 0xc00900
59875.522343 19.868040      NaN    11    10 c    0   2.40 98.75682 50.43479  1195.84  6929.81 2.69 2.53  30.2 -0.412    19.45 21.28 02a59875o0722c 0xc00800
59875.524151 19.868040      NaN     8    11 c    0   1.66 98.75682 50.43479  1213.89  6969.21 2.62 2.53  31.3 -0.419    19.44 21.28 02a59875o0726c 0xc00800
59875.545587 19.841877      NaN     6    12 c    0   2.19 98.75682 50.43479  1160.13  6888.63 2.70 2.60  43.3 -0.411    19.42 21.23 02a59875o0772c 0xc00800
59875.553762 19.922338      NaN     6    11 c    0   2.43 98.75682 50.43479  1139.28  7005.38 2.85 2.72  39.4 -0.401    19.36 21.22 02a59875o0790c 0xc00800
59883.513120 20.009244      NaN   -20    12 c    0   1.50 98.75682 50.43479  7992.41  9440.83 2.78 2.57  39.7 -0.392    19.55 21.24 02a59883o0716c 0xc00800
59883.514930 19.549093      NaN    19    12 c    0   1.62 98.75682 50.43479  8012.98  9479.76 2.81 2.57  46.5 -0.391    19.55 21.26 02a59883o0720c 0xc00900
59883.535854 19.950541      NaN     2    12 c    0   3.62 98.75682 50.43479  7954.91  9405.43 2.85 2.60  44.9 -0.391    19.52 21.28 02a59883o0765c 0xc00800
59883.542206 20.207197      NaN    -7    10 c    0   4.36 98.75682 50.43479  7935.65  9526.40 2.99 2.57  44.2 -0.384    19.52 21.31 02a59883o0779c 0xc00800
59905.512171 20.103715      NaN   -11    11 c    0   2.22 98.75682 50.43479  9210.19  9641.22 3.36 3.17  57.6 -0.335    19.35 21.28 01a59905o0659c 0xc00800
59905.514965 19.652575      NaN     2    16 c    0   1.45 98.75682 50.43479  9192.12  9599.49 3.59 3.08  47.0 -0.315    18.83 20.81 01a59905o0665c 0xc00800
59905.517737 19.631075      NaN    -4    17 c    0   1.57 98.75682 50.43479  9247.90  9681.17 3.30 3.12  54.5 -0.334    18.96 20.81 01a59905o0671c 0xc00800
59905.522824 19.841877      NaN    -8    14 c    0   1.72 98.75682 50.43479  9266.58  9563.24 3.31 3.13  66.7 -0.339    19.19 21.10 01a59905o0682c 0xc00800
59909.426310 19.791368      NaN    11    11 c    0   1.32 98.75682 50.43479  9190.20  9664.14 3.34 3.24  71.8 -0.354    19.55 21.46 01a59909o0513c 0xc00800
59909.429123 20.207197      NaN    -1    10 c    0   1.62 98.75682 50.43479  9172.35  9623.13 3.25 3.15  73.7 -0.362    19.60 21.47 01a59909o0519c 0xc00800
59909.447736 19.766969      NaN    15    10 c    0   1.49 98.75682 50.43479  9234.27  9698.49 3.28 3.17  52.1 -0.354    19.61 21.53 01a59909o0559c 0xc00800
59909.454206 19.922338      NaN     9    10 c    0   2.17 98.75682 50.43479  9256.18  9579.23 3.32 3.18  63.3 -0.357    19.62 21.52 01a59909o0573c 0xc00800
60046.237171 18.878500      NaN     9    31 c    0   2.68 98.75682 50.43479  3825.04  9751.19 2.39 2.30  29.7 -0.398    18.64 19.92 02a60046o0009c 0xc00800
60046.240337 19.183773      NaN     5    24 c    0   2.85 98.75682 50.43479  3805.93  9711.30 2.34 2.28  20.4 -0.404    19.00 20.34 02a60046o0016c 0xc00800
60046.246433 18.955691      NaN     8    29 c    0   2.97 98.75682 50.43479  3860.26  9786.21 2.34 2.28  12.6 -0.401    18.76 20.13 02a60046o0029c 0xc00800
60046.256631 18.526952      NaN    42    33 c    0   1.75 98.75682 50.43479  3877.71  9663.11 2.32 2.27  -7.7 -0.404    18.60 19.99 02a60046o0050c 0xc00900
60048.240685 19.652575      NaN     8    14 c    0   3.63 98.75682 50.43479  8882.12  5954.95 2.59 2.28  31.2 -0.411    19.31 20.68 02a60048o0035c 0xc00800
60048.244579 20.009244      NaN   -11    12 c    0   5.00 98.75682 50.43479  8861.06  5914.88 2.58 2.30  31.8 -0.411    19.37 20.85 02a60048o0043c 0xc00800
60048.250751 19.719755      NaN     2    15 c    0   4.04 98.75682 50.43479  8918.69  5993.89 2.56 2.35  33.5 -0.414    19.39 20.93 02a60048o0056c 0xc00800
60048.261021 19.401649      NaN    18    15 c    0   3.05 98.75682 50.43479  8941.15  5872.07 2.53 2.46  39.0 -0.416    19.42 20.97 02a60048o0077c 0xc00800
60050.270102 19.529530      NaN    17    13 c    0   9.46 98.75682 50.43479  4820.38  1492.90 2.35 2.23  75.5 -0.424    19.35 20.85 02a60050o0079c 0xc00800
60050.274135 19.922338      NaN    -1    13 c    0   4.05 98.75682 50.43479  4799.43  1450.53 2.41 2.25  72.5 -0.422    19.30 20.84 02a60050o0087c 0xc00800
60050.281092 20.009244      NaN    -2    12 c    0   2.91 98.75682 50.43479  4860.55  1527.86 2.43 2.26  66.2 -0.417    19.31 20.81 02a60050o0101c 0xc00800
60050.292190 19.491430      NaN    19    13 c    0   6.79 98.75682 50.43479  4883.08  1406.79 2.41 2.25 -86.1 -0.427    19.26 20.78 02a60050o0124c 0xc00900
60052.247779 19.419021      NaN    17    15 c    0   7.70 98.75682 50.43479  2529.19  7528.37 2.35 2.21   9.3 -0.408    19.24 20.61 02a60052o0044c 0xc00800
60052.250958 19.816329 0.353496    43    14 c    0   4.34 98.75682 50.43479  2510.60  7489.69 2.30 2.24 -12.1 -0.408    19.23 20.60 02a60052o0051c 0xc00900
60052.257218 19.766969      NaN   -22    15 c    0   2.53 98.75682 50.43479  2565.68  7563.84 2.34 2.24   3.7 -0.404    19.18 20.50 02a60052o0063c 0xc00800
60052.272039 18.481707      NaN   -80    49 c    0   1.31 98.75682 50.43479  2590.55  7443.91 2.35 2.28 -30.9 -0.410    17.87 19.07 02a60052o0094c 0xc00800
60056.289015 19.569016      NaN     6    16 c    0   1.99 98.75682 50.43479  8202.04  7763.71 2.76 2.54  29.0 -0.399    19.26 20.67 02a60056o0133c 0xc00800
60056.292431 19.766969      NaN   -22    15 c    0   2.88 98.75682 50.43479  8183.82  7720.77 2.86 2.64  32.0 -0.391    19.17 20.64 02a60056o0140c 0xc00800
60056.297651 19.454622      NaN   -30    20 c    0   0.95 98.75682 50.43479  8240.75  7801.06 2.79 2.52  27.8 -0.396    19.18 20.62 02a60056o0151c 0xc00800
60056.309942 19.569016      NaN   -26    18 c    0   2.59 98.75682 50.43479  8260.41  7685.61 2.92 2.66  30.8 -0.391    19.14 20.53 02a60056o0176c 0xc00800
60198.583225 19.841877      NaN    -4    14 c    0   1.09 98.75682 50.43479  1809.72  4624.14 2.53 2.46  44.9 -0.422    19.24 20.78 02a60198o0782c 0xc00800
60198.585034 19.791368      NaN    11    11 c    0   2.04 98.75682 50.43479  1828.72  4664.07 2.51 2.39  46.1 -0.421    19.28 20.78 02a60198o0786c 0xc00800
60198.609069 20.009244      NaN   -18    12 c    0   1.49 98.75682 50.43479  1765.50  4582.96 2.58 2.42  45.1 -0.413    19.29 20.86 02a60198o0836c 0xc00900
60198.617986 19.115465      NaN    40    14 c    0   3.13 98.75682 50.43479  1749.38  4698.73 2.57 2.44  43.1 -0.421    19.34 20.89 02a60198o0855c 0xc00900
60204.599326 19.674510      NaN     7    14 c    0   2.08 98.75682 50.43479  9935.05  9283.97 2.88 2.58 -51.6 -0.392    19.45 21.11 02a60204o0764c 0xc00800
60204.615845 19.922338      NaN    -9    13 c    0   2.97 98.75682 50.43479  9961.17  9324.17 2.77 2.72 -73.6 -0.390    19.49 21.14 02a60204o0797c 0xc00800
60204.621540 19.841877      NaN   -47    14 c    0   2.29 98.75682 50.43479  9905.20  9249.58 2.87 2.77 -69.0 -0.389    19.45 21.14 02a60204o0808c 0xc00900
60204.628279 19.922338      NaN    -8    13 c    0   2.46 98.75682 50.43479  9887.26  9367.36 2.83 2.78  68.2 -0.386    19.40 21.04 02a60204o0822c 0xc00800
60206.575617 19.894850      NaN     4    12 c    0   2.27 98.75682 50.43479  2489.50  2810.64 2.49 2.40  69.7 -0.415    19.27 20.95 02a60206o0770c 0xc00800
60206.579425 19.922338      NaN   -17    13 c    0   2.62 98.75682 50.43479  2508.18  2850.43 2.47 2.36  62.9 -0.412    19.24 20.85 02a60206o0778c 0xc00800
60206.589222 19.950541      NaN     2    12 c    0   3.62 98.75682 50.43479  2453.28  2771.90 2.59 2.51  65.9 -0.408    19.37 21.05 02a60206o0798c 0xc00800
60206.600358 19.841877      NaN   -42    14 c    0   1.12 98.75682 50.43479  2434.84  2887.47 2.55 2.45  57.8 -0.408    19.21 20.84 02a60206o0821c 0xc00900
60212.537514 19.922338      NaN    -6    13 c    0   2.03 98.75682 50.43479  3147.56   982.73 2.58 2.41 -74.3 -0.436    19.37 21.04 02a60212o0699c 0xc00800
60212.540885 20.009244      NaN   -15    12 c    0   2.89 98.75682 50.43479  3165.57  1022.78 2.58 2.40 -74.2 -0.436    19.38 21.06 02a60212o0706c 0xc00900
60212.546524 20.009244      NaN    -6    12 c    0   1.86 98.75682 50.43479  3107.98   940.71 2.60 2.43 -68.8 -0.434    19.40 21.07 02a60212o0718c 0xc00800
60212.570317 19.922338      NaN     3    12 c    0   1.85 98.75682 50.43479  3089.83  1057.68 2.76 2.38 -57.3 -0.444    19.48 21.14 02a60212o0767c 0xc00800
60228.579945 18.675237      NaN     0    41 c    0   1.43 98.75682 50.43479   611.89  2822.57 2.56 2.35  44.4 -0.422    17.38 18.99 02a60228o0809c 0xc00800
60228.589209 19.401649      NaN   -83    21 c    0   1.58 98.75682 50.43479   640.43  2864.60 2.49 2.27  41.9 -0.427    18.38 19.95 02a60228o0828c 0xc00900
60228.601830 19.894850      NaN    10    10 c    0   2.18 98.75682 50.43479 10142.00  2866.53 2.59 2.21 -59.6 -0.440    19.54 21.23 02a60228o0853c 0xc00800
60228.604200 20.207197      NaN     0    10 c    0   1.82 98.75682 50.43479   598.80  2785.42 2.43 2.23  42.8 -0.436    19.51 21.22 02a60228o0858c 0xc00800
60228.611899 20.103715      NaN    -1    11 c    0   1.63 98.75682 50.43479   587.74  2900.21 2.48 2.24  41.3 -0.428    19.48 21.21 02a60228o0874c 0xc00800
60228.618319 20.321591      NaN   -10     9 c    0   2.08 98.75682 50.43479 10177.41  2908.34 2.58 2.29 -57.7 -0.614    19.51 21.20 02a60228o0886c 0xc00800
60228.634955 19.894850      NaN     4    12 c    0   2.56 98.75682 50.43479 10143.85  2838.50 2.58 2.31 -54.9 -0.431    19.43 21.05 02a60228o0918c 0xc00800
60228.638870 20.009244      NaN   -10    12 c    0   1.84 98.75682 50.43479 10130.38  2956.67 2.54 2.31 -56.2 -0.427    19.25 20.63 02a60228o0926c 0xc00800
60230.559297 19.766969      NaN    -1    15 c    0   1.41 98.75682 50.43479  7619.69  4888.63 3.04 2.85  54.4 -0.377    19.28 21.03 02a60230o0771c 0xc00800
60230.562762 19.841877      NaN    -9    14 c    0   1.56 98.75682 50.43479  7644.33  4927.62 2.91 2.77  52.0 -0.377    19.30 21.03 02a60230o0778c 0xc00800
60230.565660 19.816329      NaN     1    14 c    0   1.16 98.75682 50.43479  7587.84  4853.23 3.01 2.88  54.5 -0.376    19.28 21.04 02a60230o0784c 0xc00800
60230.588092 19.436675      NaN    25    12 c    0   1.79 98.75682 50.43479  7588.12  4972.11 2.86 2.61  44.9 -0.382    19.39 21.11 02a60230o0830c 0xc00800
60234.580929 20.171596      NaN     1    10 c    0   2.59 98.75682 50.43479  5045.62   943.27 2.54 2.33 -76.1 -0.423    19.49 21.19 02a60234o0790c 0xc00800
60234.582744 20.103715      NaN    -6    11 c    0   2.69 98.75682 50.43479  5066.00   982.34 2.53 2.30 -74.6 -0.426    19.52 21.21 02a60234o0794c 0xc00800
60234.586367 20.103715      NaN    -3    11 c    0   2.44 98.75682 50.43479  5014.76   904.92 2.49 2.25 -72.8 -0.429    19.53 21.24 02a60234o0802c 0xc00800
60234.597799 20.103715      NaN     3    10 c    0   5.75 98.75682 50.43479  5007.97  1023.48 2.48 2.29 -76.0 -0.429    19.53 21.28 02a60234o0827c 0xc00800
60236.493763 20.009244      NaN    -3    12 c    0   1.86 98.75682 50.43479  7008.19  6735.11 2.64 2.42  42.7 -0.404    19.41 20.98 02a60236o0614c 0xc00800
60236.495570 19.922338      NaN   -18    13 c    0   2.61 98.75682 50.43479  7027.42  6772.62 2.65 2.42  42.5 -0.403    19.40 20.98 02a60236o0618c 0xc00800
60236.498731 20.009244      NaN     3    11 c    0   1.86 98.75682 50.43479  6968.51  6695.71 2.65 2.40  42.4 -0.403    19.44 21.01 02a60236o0625c 0xc00800
60236.518162 20.207197      NaN    -2    10 c    0   7.59 98.75682 50.43479  6955.07  6816.02 2.65 2.39  42.4 -0.406    19.46 21.06 02a60236o0666c 0xc00800
60240.505243 19.950541      NaN     5    11 c    0   3.01 98.75682 50.43479  1092.70  6926.14 2.35 2.31  86.6 -0.432    19.42 21.05 02a60240o0656c 0xc00800
60240.507504 19.631075      NaN    15    12 c    0   2.36 98.75682 50.43479  1113.16  6966.33 2.62 2.57 -64.0 -0.422    19.34 21.05 02a60240o0661c 0xc00900
60240.532424 20.009244      NaN   -11    12 c    0   2.55 98.75682 50.43479  1065.88  6888.68 2.46 2.42  47.5 -0.424    19.43 21.14 02a60240o0713c 0xc00800
60240.536944 19.510313      NaN    18    13 c    0   3.18 98.75682 50.43479  1047.28  7004.57 2.60 2.56  72.1 -0.417    19.39 21.15 02a60240o0723c 0xc00800
60256.460534 20.071303      NaN     1    11 c    0   1.96 98.75682 50.43479  2402.38  2843.71 2.59 2.45  52.8 -0.407    19.41 21.09 02a60256o0582c 0xc00800
60256.462346 20.103715      NaN   -10    11 c    0   2.24 98.75682 50.43479  2421.41  2883.14 2.59 2.49  51.5 -0.407    19.40 21.11 02a60256o0586c 0xc00800
60256.497687 20.103715      NaN   -18    11 c    0   1.65 98.75682 50.43479  2379.57  2808.48 2.57 2.48  60.6 -0.406    19.44 21.18 02a60256o0659c 0xc00900
60256.513924 20.103715      NaN    -2    11 c    0   1.09 98.75682 50.43479  2376.59  2928.14 2.57 2.40  51.3 -0.413    19.48 21.20 02a60256o0693c 0xc00800
60258.449621 19.384550      NaN    19    15 c    0   1.59 98.75682 50.43479  5344.90  6651.67 3.04 2.90  37.1 -0.383    19.21 21.07 02a60258o0555c 0xc00900
60258.469979 20.103715      NaN    -8    11 c    0   2.32 98.75682 50.43479  5369.53  6693.99 2.75 2.54  42.7 -0.395    19.43 21.15 02a60258o0599c 0xc00800
60258.488184 19.766969      NaN   -10    15 c    0   4.92 98.75682 50.43479  5310.55  6616.47 2.84 2.60  39.4 -0.386    19.04 20.81 02a60258o0637c 0xc00800
60258.498153 15.486748      NaN -1102   773 c    0   1.49 98.75682 50.43479  5294.17  6737.54 3.00 2.73  42.8 -0.385    15.53 17.09 02a60258o0657c 0xc00802
60260.421077 19.472870      NaN    17    14 c    0   2.40 98.75682 50.43479  6550.17  8269.26 3.50 3.20  13.7 -0.368    19.18 21.42 02a60260o0506c 0xc00800
60260.424291 19.631075      NaN     3    16 c    0   1.14 98.75682 50.43479  6566.38  8307.23 3.78 3.37  18.8 -0.353    19.12 21.41 02a60260o0513c 0xc00800
60260.428812 19.652575      NaN     2    16 c    0   1.60 98.75682 50.43479  6510.37  8232.66 3.44 3.19  10.5 -0.371    19.22 21.34 02a60260o0523c 0xc00800
60260.459689 19.696897      NaN   -33    16 c    0   1.93 98.75682 50.43479  6501.08  8350.36 3.52 3.27  50.3 -0.363    19.21 21.33 02a60260o0589c 0xc00900
60264.534020 19.589310      NaN     8    15 c    0   1.17 98.75682 50.43479  4137.66  4906.95 3.40 3.28  49.3 -0.371    19.13 21.22 02a60264o0739c 0xc00800
60264.537194 19.696897      NaN   -50    16 c    0   1.40 98.75682 50.43479  4161.27  4944.35 4.03 3.90  43.9 -0.362    19.00 21.22 02a60264o0746c 0xc00900
60264.543287 19.351140      NaN    18    16 c    0   1.52 98.75682 50.43479  4111.77  4866.24 3.41 3.25  45.3 -0.387    19.19 21.22 02a60264o0759c 0xc00800
60264.548798 19.256669      NaN    24    16 c    0   1.00 98.75682 50.43479  4097.74  4983.74 3.42 3.23  35.0 -0.378    19.12 21.16 02a60264o0771c 0xc00800
60266.515504 20.103715      NaN    -5    11 c    0   1.98 98.75682 50.43479  9069.51   956.54 2.79 2.29 -60.8 -0.430    19.53 21.34 02a60266o0707c 0xc00800
60266.517314 20.103715      NaN    -3    11 c    0   1.60 98.75682 50.43479  9089.10   994.60 2.76 2.24 -63.2 -0.435    19.53 21.34 02a60266o0711c 0xc00800
60266.526298 19.652575      NaN    11    13 c    0   2.69 98.75682 50.43479  9030.29   920.02 2.80 2.28 -62.9 -0.432    19.52 21.32 02a60266o0728c 0xc00800
60266.531484 19.766969      NaN    12    11 c    0   3.08 98.75682 50.43479  9007.43  1037.53 2.76 2.27 -61.9 -0.430    19.53 21.31 02a60266o0739c 0xc00800
60268.536340 19.766969      NaN     3    14 c    0   3.59 98.75682 50.43479   795.83  5662.21 2.50 2.27  20.8 -0.412    19.13 20.79 02a60268o0642c 0xc00800
60268.539176 19.631075      NaN    21    10 c    0   8.00 98.75682 50.43479   774.45  5625.25 2.38 2.25   0.6 -0.421    19.40 21.12 02a60268o0648c 0xc00800
60268.546437 19.419021      NaN    23    13 c    0   5.26 98.75682 50.43479   823.06  5700.62 2.51 2.26  16.4 -0.412    19.43 21.16 02a60268o0663c 0xc00800
60268.578545 18.640491      NaN    22    35 c    0   1.50 98.75682 50.43479   815.32  5577.63 2.56 2.33  15.5 -0.408    18.38 19.90 02a60268o0730c 0xc00800
60268.584928 19.510313      NaN   -25    19 c    0   2.08 98.75682 50.43479 10450.08  5753.05 2.65 2.49 -61.7 -0.437    18.99 20.59 02a60268o0744c 0xc00900
60268.588115 19.169763      NaN    -7    26 c    0   2.04 98.75682 50.43479 10426.77  5713.22 2.60 2.48 -66.0 -0.438    18.75 20.34 02a60268o0751c 0xc00800
60268.593650 19.212347      NaN   -24    25 c    0   4.29 98.75682 50.43479 10481.94  5795.45 2.60 2.49 -62.9 -0.439    18.91 20.50 02a60268o0763c 0xc00800
60268.628081 18.757738      NaN   -25    38 c    0   1.50 98.75682 50.43479 10479.90  5677.05 2.64 2.51 -52.3 -0.428    18.48 19.97 02a60268o0836c 0xc00900
60268.658325 16.949207      NaN    -9   201 c    0   1.90 98.75682 50.43479 10427.31  5725.38 2.59 2.51 -59.6 -0.449    16.53 17.25 02a60268o0897c 0xc00802
60270.508643 19.436675      NaN    22    13 c    0   1.89 98.75682 50.43479  4207.91  8962.27 2.74 2.52  40.3 -0.385    19.48 21.20 02a60270o0663c 0xc00800
60270.510463 20.009244      NaN   -46    12 c    0   2.70 98.75682 50.43479  4223.97  9004.53 2.75 2.50  45.4 -0.378    19.46 21.25 02a60270o0667c 0xc00900
60270.513638 20.009244      NaN    -9    12 c    0   1.80 98.75682 50.43479  4162.77  8926.68 2.70 2.45  44.5 -0.386    19.49 21.29 02a60270o0674c 0xc00900
60270.519067 20.009244      NaN    -8    12 c    0   4.02 98.75682 50.43479  4139.87  9044.39 2.75 2.53  44.1 -0.381    19.50 21.31 02a60270o0686c 0xc00800
60286.480090 20.207197 0.361912    30    10 c    0   1.51 98.75682 50.43479  7421.65  6544.47 2.52 2.43 -64.7 -0.422    19.50 21.14 02a60286o0623c 0xc00900
60286.483334 20.103715 0.361912    33    11 c    0   2.83 98.75682 50.43479  7444.55  6583.13 2.50 2.45 -56.9 -0.421    19.52 21.12 02a60286o0630c 0xc00900
60286.490371 19.529530      NaN    14    14 c    0   1.34 98.75682 50.43479  7394.09  6503.31 2.53 2.44 -42.6 -0.423    19.45 21.08 02a60286o0645c 0xc00800
60286.507470 20.103715      NaN   -21    11 c    0   5.71 98.75682 50.43479  3352.09  3579.53 2.30 2.17 -59.2 -0.426    19.54 21.11 02a60286o0682c 0xc00900
60291.461497 19.922338      NaN     0    13 c    0   1.73 98.75682 50.43479  1481.29  6744.24 2.73 2.70  31.2 -0.409    19.43 21.44 02a60291o0580c 0xc00800
60291.463306 19.922338      NaN    -8    13 c    0   1.19 98.75682 50.43479  1502.66  6783.48 2.85 2.77  35.7 -0.400    19.40 21.44 02a60291o0584c 0xc00800
60291.489463 20.009244      NaN   -13    12 c    0   4.53 98.75682 50.43479  9255.64  3496.89 2.74 2.51 -60.7 -0.405    19.50 21.36 02a60291o0640c 0xc00800
60291.515773 18.649074      NaN    51    25 c    0   1.49 98.75682 50.43479  9268.38  3385.39 2.80 2.52 -65.9 -0.406    18.66 20.48 02a60291o0694c 0xc00900
60295.479425 20.009244      NaN    -7    12 c    0   2.36 98.75682 50.43479  5913.59  7622.10 2.80 2.67  37.9 -0.396    19.40 21.18 02a60295o0604c 0xc00800
60295.483042 19.491430      NaN    22    12 c    0   4.15 98.75682 50.43479  5894.65  7582.80 2.67 2.50  29.5 -0.401    19.39 21.13 02a60295o0612c 0xc00900
60295.517224 20.207197      NaN   -12    10 c    0   2.97 98.75682 50.43479  5941.25  7657.92 2.54 2.34  34.4 -0.408    19.57 21.26 02a60295o0684c 0xc00800
60295.522940 20.009244      NaN    -1    12 c    0   4.71 98.75682 50.43479  5958.34  7540.37 2.65 2.44  35.1 -0.405    19.51 21.26 02a60295o0696c 0xc00800
60343.382421 19.743105      NaN    10    12 c    0   3.94 98.75682 50.43479  2619.56  1108.42 2.56 2.52 -89.9 -0.431    19.48 21.25 02a60343o0359c 0xc00800
60343.385586 20.137125      NaN     2    10 c    0   7.60 98.75682 50.43479  2600.46  1069.72 2.54 2.41 -69.4 -0.433    19.50 21.26 02a60343o0366c 0xc00800
60343.391033 19.529530      NaN    26    10 c    0   6.25 98.75682 50.43479  2661.33  1148.60 2.50 2.41 -82.8 -0.435    19.49 21.26 02a60343o0378c 0xc00800
60343.402360 20.137125      NaN     2    10 c    0   4.11 98.75682 50.43479  2680.06  1028.55 2.43 2.28 -73.6 -0.439    19.55 21.31 02a60343o0402c 0xc00800
60347.366054 19.589310      NaN    20    11 c    0   4.11 98.75682 50.43479  3627.01  9737.76 2.55 2.33 -54.1 -0.411    19.49 21.20 02a60347o0334c 0xc00900
60347.371587 19.674510      NaN    10    13 c    0   3.11 98.75682 50.43479  3607.58  9700.34 2.51 2.28 -53.3 -0.413    19.52 21.21 02a60347o0345c 0xc00800
60347.374400 20.009244      NaN    -5    12 c    0   4.09 98.75682 50.43479  3662.63  9776.56 2.55 2.32 -50.7 -0.407    19.52 21.20 02a60347o0351c 0xc00800
60347.384522 19.766969      NaN   -13    15 c    0   2.83 98.75682 50.43479  3682.20  9660.35 2.65 2.44 -52.3 -0.408    19.46 21.18 02a60347o0372c 0xc00800
60351.373865 19.950541      NaN     2    12 c    0   4.63 98.75682 50.43479  4612.55  1482.41 2.46 2.36 -89.2 -0.416    19.40 21.03 02a60351o0350c 0xc00800
60351.377050 19.922338      NaN     3    12 c    0   3.56 98.75682 50.43479  4592.49  1443.21 2.45 2.31 -82.9 -0.416    19.46 21.03 02a60351o0357c 0xc00800
60351.384449 19.384550      NaN    25    13 c    0   4.61 98.75682 50.43479  4648.81  1520.75 2.47 2.37  84.6 -0.415    19.40 20.99 02a60351o0372c 0xc00800
60351.395065 20.207197      NaN   -26    10 c    0   8.27 98.75682 50.43479  4669.17  1401.78 2.35 2.24 -89.0 -0.425    19.45 20.94 02a60351o0395c 0xc00900