    0.835541188593752482E-01   -0.175765068643892732E+02    0.413991824805927000E+00    0.161441860103182622E+01    0.844356711771600092E-02    0.189846807136632800E+01   -0.269325599585396080E+01    0.102882054187921276E-01   -0.153794617627430275E+01   -0.183099202391824423E+00   -0.147596870371919348E+00   -0.822218628113237093E-01   -0.610275716073857624E-01   -0.109424993001546711E+01   -0.556000046245684443E+00   -0.391195633965034517E+01    1
    0.808848912447791557E-01   -0.181070587951374762E+02    0.400153463544212995E+00    0.141194614190632262E+01    0.756373316487060111E-02    0.188562018538549658E+01   -0.272237802957220465E+01    0.600501241840645586E-02   -0.220889271612830784E+01   -0.292050375706471188E+00   -0.244288943494586908E-01    0.477281713543041830E-01   -0.423429652115721242E-01   -0.108419382200258574E+01   -0.486535042700778741E+00   -0.393195633965034208E+01    1
    0.789652352892611514E-01   -0.168147491774453961E+02    0.395744324196450670E+00    0.117238243108822382E+01    0.771755140724369321E-02    0.189897794656847729E+01   -0.265986402671715494E+01   -0.542472614841877226E-01   -0.324043009759538370E+01   -0.137587149062053354E+00   -0.126523314768559908E+00   -0.244229493756663751E+00   -0.830117797247954398E-01   -0.110418000769817737E+01   -0.354012533002840246E+00   -0.395195633965034165E+01    1
    0.760492087699256025E-01   -0.183134715911805053E+02    0.447276687391462369E+00    0.147798724422254590E+01    0.849969065112640698E-02    0.190893057990576387E+01   -0.269353978045512266E+01   -0.932302414922963479E-02   -0.261508588683312881E+01   -0.120221872041020555E+00   -0.233289731070190687E+00   -0.129588727759142375E+00    0.668436075013176256E-02   -0.108357687879675146E+01   -0.351583359132224826E+00   -0.397195633965034300E+01    1
    0.797439635523084639E-01   -0.181980313283013615E+02    0.408829098354160037E+00    0.123349286658496027E+01    0.111656639893591147E-01    0.186744775241606753E+01   -0.274282848313689609E+01   -0.133636744167652342E-01   -0.482642150450765506E+01   -0.166482071187124270E+00    0.358928133322059389E-01   -0.125390781026695625E+00   -0.426963372772842797E-01   -0.108876209751659725E+01   -0.322446788800204109E+00   -0.399195633965034391E+01    1
    0.852105977253579394E-01   -0.184142856185437225E+02    0.431238219226350639E+00    0.138723628424758050E+01    0.884034855576120923E-02    0.189450718767889548E+01   -0.268607721220394824E+01   -0.351026373775136513E-01   -0.327170681981157552E+01   -0.277932961288824776E+00   -0.297445038986948046E-01   -0.364147513853276816E-01   -0.204515862704552111E-01   -0.109878604810496827E+01   -0.287898092125663807E+00   -0.401195633965034215E+01    1
    0.712013829406564075E-01   -0.197408799152416776E+02    0.426423452342626186E+00    0.977648032974402947E+00    0.940904138353240195E-02    0.189359332669124969E+01   -0.268021806099421633E+01   -0.439107266007041988E-01   -0.334758229537626484E+01   -0.129470622273848535E+00   -0.120832542241747679E+00   -0.190530379942171507E+00   -0.872474827433360745E-01   -0.109517761244016776E+01   -0.277127461797764540E+00   -0.403195633965034173E+01    1
    0.764847307386616465E-01   -0.189422679504446485E+02    0.317294615133886904E+00    0.105778430392459355E+01    0.103842421804770813E-01    0.188349391143420286E+01   -0.264457519969518851E+01   -0.403637240874417103E-01   -0.166335986429144045E+01   -0.174710121870154944E+00   -0.293928088234086948E-01   -0.261546700265655879E-01    0.225082210697644391E-01   -0.109816304154587630E+01   -0.274536178066713377E+00   -0.405195633965034396E+01    1
    0.823515199894149785E-01   -0.189892562818864050E+02    0.385795313039448418E+00    0.130970166398952093E+01    0.915230005729628267E-02    0.191883043334738601E+01   -0.266695930415803284E+01    0.104682128748504258E-01   -0.180303923735398053E+01    0.257069585047609017E-01   -0.963859676079815986E-02   -0.162054084522280317E+00   -0.441720938576815880E-02   -0.111364982767607801E+01   -0.270531727257852239E+00   -0.407195633965034443E+01    1
    0.817652527312972416E-01   -0.190284832870324507E+02    0.447112695876507427E+00    0.106662403008913387E+01    0.101232569639204753E-01    0.187141425921056581E+01   -0.272780074302208497E+01   -0.196651701737394699E-02   -0.226111518167723347E+01    0.138150850440273976E-01   -0.379167396213846847E-01   -0.163126047063258700E+00    0.271779334604234507E-01   -0.110374075056450849E+01   -0.269181281669283845E+00   -0.409195633965034400E+01    1
    0.822058748604837242E-01   -0.175971637769727636E+02    0.354499264269123981E+00    0.127994182518014576E+01    0.856264325463838676E-02    0.188651909404388429E+01   -0.272089219236204016E+01    0.323676258457671756E-01   -0.374534687242093334E+01   -0.124818367293159926E-02   -0.118489706258669059E+00   -0.157317731126705385E+00   -0.782257417320703780E-02   -0.107481497071850352E+01   -0.268432852188377424E+00   -0.411195633965034357E+01    1
    0.851718136114791163E-01   -0.172939932276337238E+02    0.415426367568982768E+00    0.844144500041409174E+00    0.712883266392958913E-02    0.190129303039896014E+01   -0.268788516282733969E+01   -0.543215870950694846E-01   -0.222844392787525436E+01   -0.152255097110075455E+00   -0.242454267165371051E+00   -0.370224931752946518E+00   -0.146401545029023541E-01   -0.108844615877307338E+01   -0.265422183008180379E+00   -0.413195633965034226E+01    1
    0.844389078411142829E-01   -0.178592595347955516E+02    0.401176732696986615E+00    0.160234872001306994E+01    0.909788226211667890E-02    0.188655501295990846E+01   -0.263786746479273981E+01   -0.185466139015146303E-01   -0.295513325110968461E+01   -0.893869371790642075E-01   -0.755296388906131072E-01   -0.189973896275459103E+00   -0.983650186825918704E-01   -0.110467535669768480E+01   -0.254935574160309986E+00   -0.415195633965034450E+01    1
    0.892959409217347760E-01   -0.175936794009187878E+02    0.307248196092902659E+00    0.133274608277794959E+01    0.933551960813700475E-02    0.188199085401409039E+01   -0.268794302410798069E+01    0.111820024198134686E-01    0.143954045587565238E+01   -0.980898084331168763E-01   -0.117664652237317841E+00   -0.133207224442479732E+00   -0.994787400868081539E-02   -0.112060079667473800E+01   -0.252966661353568434E+00   -0.417195633965034762E+01    1
    0.809899607416826178E-01   -0.182789555189869688E+02    0.331857187029335199E+00    0.133690460883110962E+01    0.841432989926986681E-02    0.188954722797712615E+01   -0.274882347737717758E+01   -0.100023030289740807E-01   -0.172840698370913914E+01   -0.344312100117277475E-01   -0.179360295647355505E+00   -0.751994328970708448E-01   -0.799038274064576282E-01   -0.109186493158658227E+01   -0.251571543001367470E+00   -0.419195633965034720E+01    1
    0.839936491811690833E-01   -0.183219392097863860E+02    0.488217459072226911E+00    0.104545509784986845E+01    0.949495005150336607E-02    0.192101616933179686E+01   -0.274630107839816784E+01   -0.192660601045647993E-01   -0.173019059832969546E+01   -0.681113362608875422E-01   -0.174511985080240128E+00   -0.133029791189482771E+00   -0.360540560454646053E-02   -0.110754335537428727E+01   -0.245501084443682682E+00   -0.421195633965034677E+01    1
    0.740164491774557148E-01   -0.188549807059808998E+02    0.531524865519232281E+00    0.794428803338168898E+00    0.948413529531686936E-02    0.189166387823319182E+01   -0.268956463554064618E+01   -0.366741356535880414E-01   -0.116397344523046864E+01    0.597301221267958204E-02   -0.215509833040889082E+00   -0.975782995708575074E-01    0.181592350525591056E-02   -0.109365870234968954E+01   -0.245107686542543224E+00   -0.423195633965034279E+01    1
    0.773152913271638736E-01   -0.166663010690083233E+02    0.343752730385611105E+00    0.121406728747967918E+01    0.884277368428566975E-02    0.189528269261680982E+01   -0.272194558395747732E+01    0.438462348352937348E-02   -0.236527658402986241E+01    0.533313937394187670E-01   -0.774377041483714640E-01   -0.169647826180240102E+00    0.846994842738112846E-02   -0.109237276058772204E+01   -0.242332104589106923E+00   -0.425195633965034059E+01    1
    0.723370826875724543E-01   -0.179723761148452432E+02    0.485210261737165749E+00    0.102185669255450473E+01    0.759199689893286060E-02    0.186793212045085255E+01   -0.273972311847878469E+01    0.136018629750527809E-01   -0.264743403942241784E+01    0.921169225688678317E-02   -0.356000246935326281E-01   -0.193946356801130565E+00    0.714606699332599044E-01   -0.109322802083512660E+01   -0.238793476176415664E+00   -0.427195633965034727E+01    1
    0.714261279499216750E-01   -0.187473422435570782E+02    0.486568049005845105E+00    0.115130201104271790E+01    0.104535232345050189E-01    0.189160019270238133E+01   -0.270258263767018558E+01    0.947638013860152215E-02   -0.249838390383084885E+01   -0.228549489506811809E+00   -0.683549133285126925E-01   -0.980715206488879665E-01   -0.653657336291397911E-01   -0.108487244285823059E+01   -0.238765018019848396E+00   -0.429195633965034329E+01    1
    0.715537455521102900E-01   -0.186906414798515996E+02    0.308183069247390307E+00    0.905020543391251264E+00    0.823046973952949387E-02    0.188472788193814855E+01   -0.270783932553016982E+01   -0.191892252267438640E-03   -0.301784473790212537E+01   -0.124756137306844331E+00   -0.153110712504895330E+00   -0.353447112689022624E+00   -0.641599858295645309E-01   -0.109606707004382464E+01   -0.225971675596735061E+00   -0.431195633965034109E+01    1
    0.796672421127738312E-01   -0.188495490010824618E+02    0.287001069361726924E+00    0.119594010426295649E+01    0.780293456534597498E-02    0.189675830544929114E+01   -0.269992236302564059E+01   -0.249223311014058826E-01    0.259509235568658791E+00   -0.646620085569116348E-01   -0.608637880287156013E-01   -0.239332484012692193E+00   -0.655374198532219648E-01   -0.108429328492521071E+01   -0.221471350650255194E+00   -0.433195633965034244E+01    1
    0.744248353460236906E-01   -0.178383604119375967E+02    0.441548508369850434E+00    0.134321863705641831E+01    0.886772436164655169E-02    0.190346968875212275E+01   -0.270592599957270696E+01    0.277335547534417019E-01   -0.262747760403727648E+01    0.572553043605331241E-01   -0.741272779669671228E-01   -0.145417938670743013E+00   -0.464978136190895841E-01   -0.109620161522765391E+01   -0.221092926860593370E+00   -0.435195633965034201E+01    1
    0.765511546967591744E-01   -0.181550064146489945E+02    0.469396455920341515E+00    0.115297964820394894E+01    0.980209629170589528E-02    0.188163808540392674E+01   -0.270110005692054633E+01   -0.179041455932409319E-01   -0.188594754390357888E+01   -0.103461088734911610E+00    0.398880601409693364E-01    0.192649967398782762E-01   -0.963524771997105733E-01   -0.105740014994263754E+01   -0.215586145786483246E+00   -0.437195633965034336E+01    1
    0.949591793922231892E-01   -0.183699469028459461E+02    0.493674401768434856E+00    0.935579787085028203E+00    0.891390990632054750E-02    0.189476632052196869E+01   -0.273248079213708106E+01   -0.182905555219823913E-01   -0.435748807571429353E+01   -0.988772249927821756E-02   -0.903921685226251326E-01    0.156517714708202804E-01   -0.686843084679865101E-01   -0.111654440188408133E+01   -0.215336051561578118E+00   -0.439195633965034649E+01    1
    0.768020848221390440E-01   -0.170218485171905023E+02    0.394893894149725699E+00    0.119337471617164015E+01    0.955030567837173577E-02    0.190454900056819088E+01   -0.265183737845838596E+01   -0.222889373705506127E-01   -0.466046030545588685E+01   -0.277669617894955756E+00   -0.332545747024748511E-01    0.316432598560900669E-03   -0.100673763848936504E+00   -0.109137361614704531E+01   -0.214423448599719596E+00   -0.441195633965034784E+01    1
    0.807496769546630494E-01   -0.190474985749860579E+02    0.533297571472368337E+00    0.814632589409401864E+00    0.111923128150241830E-01    0.189456372482078073E+01   -0.272522543235040571E+01   -0.255144517968353135E-01   -0.372821092699983936E+01   -0.375570650659435568E-01   -0.149644040494150032E+00   -0.573144926001805805E-01   -0.533291893757895791E-02   -0.110258382276491163E+01   -0.213460888103365665E+00   -0.443195633965034474E+01    1
    0.772346913452536810E-01   -0.198218517692803466E+02    0.456030882345748345E+00    0.109660961979120741E+01    0.933801937858601099E-02    0.189271996330890335E+01   -0.268840962253021187E+01   -0.315375320174841878E-01   -0.776993978555124531E+00   -0.150710584637431977E+00   -0.287020827745397944E+00   -0.239316528722646721E+00   -0.448086774674678889E-03   -0.107201771956479708E+01   -0.211755947808641043E+00   -0.445195633965034343E+01    1
    0.669035259372822433E-01   -0.197192027635196467E+02    0.610530101754147014E+00    0.135020887815743085E+01    0.913570245613887395E-02    0.189646588290669960E+01   -0.267750718701903923E+01    0.126985294710435029E-01   -0.443249878227149896E+01    0.112773202732276839E-01    0.612389477497954499E-01   -0.384102673895640595E-01    0.445327098951836808E-01   -0.108366073711273381E+01   -0.211615383605012530E+00   -0.447195633965034745E+01    1
    0.760640969679732132E-01   -0.170139075293470690E+02    0.285771454162054128E+00    0.124831198941520904E+01    0.978916953009810811E-02    0.191171919660968559E+01   -0.272342618988431839E+01    0.481658875215808246E-02   -0.328479350934827030E+01   -0.358915879323838533E-01   -0.225822942717244790E+00   -0.111174446086907519E+00   -0.131414278078690536E-01   -0.109659685027443987E+01   -0.204721663715596525E+00   -0.449195633965034435E+01    1
    0.834938616502705067E-01   -0.186768285679454067E+02    0.523068612727118576E+00    0.124113395619589872E+01    0.101779776584447548E-01    0.191674463444006782E+01   -0.270732545898922172E+01   -0.175969468557124094E-01   -0.187949449845883132E+01   -0.181006905025693998E+00   -0.228394301458945181E+00   -0.185549636346063140E+00   -0.905996670633776868E-02   -0.107157174354229068E+01   -0.204680193451023673E+00   -0.451195633965034482E+01    1
    0.854177212265457841E-01   -0.175326124185518459E+02    0.290368380349830868E+00    0.124731943879968421E+01    0.907280385272766533E-02    0.187237775107999749E+01   -0.272496355088105169E+01    0.112264591086435640E-01   -0.241912730741799642E+00   -0.126434695368209532E+00   -0.101426757221595346E+00   -0.147231800412385594E+00   -0.557024967065033183E-01   -0.108973196941246364E+01   -0.202080466163814337E+00   -0.453195633965034705E+01    1
    0.787424563484488554E-01   -0.168121120065800476E+02    0.407697596365232506E+00    0.116824162359536809E+01    0.884390753902494775E-02    0.188887102644409111E+01   -0.269281399018866585E+01    0.822832914652995434E-02   -0.643121336130896459E+01    0.490846127355059753E-01    0.909195611825668742E-01   -0.842216647976772592E-01   -0.114276430884138205E+00   -0.109433184183957910E+01   -0.202025771568714790E+00   -0.455195633965034396E+01    1
    0.734459196709966455E-01   -0.194787091624990296E+02    0.430880283333502756E+00    0.141860806809429030E+01    0.103116986808438251E-01    0.190494012685017178E+01   -0.270529274177965906E+01   -0.463962261878238247E-01    0.240793644666183937E+01   -0.118874229422777034E+00   -0.184950178418284428E+00   -0.210938332460135797E+00   -0.173915799856510428E+00   -0.109054852878180419E+01   -0.201551422654303175E+00   -0.457195633965034354E+01    1
    0.900914496228979594E-01   -0.193749031217647740E+02    0.479046042217270263E+00    0.116198885982108568E+01    0.862397219262346811E-02    0.188180318557670945E+01   -0.268127044392741976E+01   -0.131818358248530516E-01   -0.266722724255798038E+01   -0.202349235648255132E+00    0.240734410845137442E-01   -0.226097503279858114E+00    0.140519752742007537E-01   -0.108648622622190438E+01   -0.200760267058954223E+00   -0.459195633965034666E+01    1
    0.748341338482875901E-01   -0.182694785180469701E+02    0.472862135323199373E+00    0.130176754535830019E+01    0.875266098547077681E-02    0.189342800341119988E+01   -0.265622505315927615E+01    0.170463388962180731E-02   -0.469243159234901341E+01   -0.864266365461494046E-01   -0.109516622704844968E-01    0.116661401037618517E-01    0.112364817363604583E-01   -0.109424745096507170E+01   -0.199562790928224765E+00   -0.461195633965034801E+01    1
    0.813279636789066007E-01   -0.183577962503502583E+02    0.459592595560679829E+00    0.114109563791540602E+01    0.823509329534451162E-02    0.188218018346017346E+01   -0.268332713876797291E+01   -0.473186275550502577E-01   -0.179551387490278502E+01   -0.155991037049882653E+00    0.219747968890684903E-01   -0.221036771047841196E+00   -0.287192100260638093E-01   -0.107041978973839669E+01   -0.199255611423692774E+00   -0.463195633965034759E+01    1
    0.768398452881076943E-01   -0.193405979999205435E+02    0.434502621607575301E+00    0.801494157011341635E+00    0.100162239995398514E-01    0.190143707637415571E+01   -0.273478207284888830E+01    0.119189666936303923E-01   -0.349907736891128351E+01   -0.111783103991893257E+00   -0.539905400944593952E-01    0.159372214935181389E+00   -0.643902383548131674E-01   -0.107999203822440526E+01   -0.199032825901757277E+00   -0.465195633965034716E+01    1
    0.786853820698897588E-01   -0.194843951629762806E+02    0.342813721096391522E+00    0.859492819261936658E+00    0.980989599519939241E-02    0.189977547599984864E+01   -0.268243333340081991E+01    0.158162859899750076E-01   -0.524963123389860442E+01   -0.176863980331273818E+00    0.287576782784779855E-01   -0.306840473078273668E+00    0.257056156243942735E-02   -0.108422000541221486E+01   -0.198416731898171883E+00   -0.467195633965034407E+01    1
    0.817375654143949193E-01   -0.172603955279059136E+02    0.399967338784937343E+00    0.121313994638674183E+01    0.105803691157832398E-01    0.187371350295224959E+01   -0.271048091997268070E+01    0.337363309134400616E-02   -0.359896133933454765E+00   -0.126473358567735977E+00    0.433082889765122186E-01    0.261983340379511598E-01   -0.435032035391095251E-01   -0.108753482343156360E+01   -0.196948422652724831E+00   -0.469195633965034364E+01    1
    0.664352736495191915E-01   -0.178373498052196346E+02    0.326368422665413660E+00    0.105353443978172856E+01    0.965132869652053117E-02    0.189425109310222473E+01   -0.267700358270654082E+01    0.177359328968272369E-01   -0.352759441258543305E-01   -0.669594445366531316E-01   -0.222365765963240120E-01   -0.147953529404525108E+00   -0.487739194339355669E-01   -0.110432248175243064E+01   -0.195727975756796707E+00   -0.471195633965034677E+01    1
    0.770388789265622487E-01   -0.199055553010890058E+02    0.464888003509257797E+00    0.118741001208051578E+01    0.807823735314673087E-02    0.188175134321635884E+01   -0.271826893100896783E+01    0.101711926402235538E-01   -0.238214963387003253E+01   -0.108221609983582712E+00   -0.135132927156838695E+00   -0.169281503424768581E+00    0.721613124262095174E-01   -0.109212045101734967E+01   -0.194273607641140961E+00   -0.473195633965034634E+01    1
    0.834491039634036591E-01   -0.182027326071268014E+02    0.416096977453539518E+00    0.107495242225081378E+01    0.965931064037071040E-02    0.189252276891540849E+01   -0.266232970505879996E+01   -0.388175042029323888E-01   -0.631223821212538949E+00   -0.386844347808882189E-01   -0.193848571233504019E+00   -0.499824817363844209E-01   -0.550347916844775506E-01   -0.107396959276136617E+01   -0.191411195679843132E+00   -0.475195633965034325E+01    1
    0.702493846527082466E-01   -0.180117989729258952E+02    0.408547765710479016E+00    0.972735666783505093E+00    0.781946662383124422E-02    0.190197103168504533E+01   -0.268000711965571980E+01   -0.403989043456670499E-01   -0.269629408365429057E+01    0.529710144014124001E-01   -0.204213290549363324E+00   -0.104098548600413524E+00   -0.138893429205266206E+00   -0.109248840484840648E+01   -0.191368126976932285E+00   -0.477195633965034460E+01    1
    0.749073567180202071E-01   -0.185539319860493102E+02    0.519396487547041152E+00    0.110371040294677547E+01    0.103202344645899786E-01    0.189845761190615847E+01   -0.268382747627846197E+01   -0.201778561245206413E-01   -0.108103234782928026E+01   -0.891080010058545868E-01   -0.191644687981513823E+00   -0.798204766868780835E-01    0.294181975173339327E-01   -0.110385503228349280E+01   -0.189151794474777729E+00   -0.479195633965034506E+01    1
    0.708541835159571115E-01   -0.183364741962274174E+02    0.537521589233699526E+00    0.133040087142438890E+01    0.870783746308200109E-02    0.188873667821339764E+01   -0.269232001492646411E+01    0.470311712375917623E-01   -0.352874040537607492E+01    0.412867057161799972E-01   -0.781031918461199265E-01   -0.138929281716475395E+00   -0.742694531827268675E-02   -0.108693815090826496E+01   -0.189033498115078247E+00   -0.481195633965034641E+01    1
    0.741025743611978815E-01   -0.172476635679630199E+02    0.662734211979402410E+00    0.103155066855478572E+01    0.960422102326941897E-02    0.190196943454105782E+01   -0.270079026086279361E+01   -0.554760147260903724E-01   -0.229972818729181228E+01   -0.841862571991944947E-01    0.110119950726333890E+00   -0.224969308210204361E+00    0.222706520698615421E-01   -0.108292571806872462E+01   -0.189006490161163637E+00   -0.483195633965034776E+01    1
    0.741913958751191233E-01   -0.190897122024263979E+02    0.355191531452864584E+00    0.120440622914746465E+01    0.934468461438875582E-02    0.189620381684338901E+01   -0.268605850348089215E+01   -0.245936034919730720E-02   -0.235073214531712704E+01   -0.461184215625035573E-01   -0.188634800132423619E+00   -0.916783844921993246E-01    0.252661310256911409E-01   -0.107552784491525166E+01   -0.188258064001172398E+00   -0.485195633965034734E+01    1
    0.847912710908639428E-01   -0.193241554968937237E+02    0.562155683681570983E+00    0.105526145732247167E+01    0.976786107574619672E-02    0.189535574367426518E+01   -0.267129126447249998E+01   -0.272574335882524998E-01   -0.423179734342365776E+01    0.260570553819574058E-01   -0.121682303983921727E+00   -0.109874165846599897E+00    0.121068491855042745E-01   -0.108138706729726342E+01   -0.188248797986774075E+00   -0.487195633965034602E+01    1
    0.779168784363761385E-01   -0.176887702338172126E+02    0.426284637884887907E+00    0.104951934495324473E+01    0.853546888572168094E-02    0.189833469245895903E+01   -0.267574400053749439E+01   -0.139285224592917353E-01   -0.218107175917930940E+01    0.170800493167949263E+00    0.793975460194559779E-02   -0.125082992860934827E-01   -0.150359965053364353E-01   -0.110217912895524139E+01   -0.186519684574750988E+00   -0.489195633965034382E+01    1
    0.733185771506091183E-01   -0.168697982862582450E+02    0.586569568559127119E+00    0.104630088801409182E+01    0.952644165840948499E-02    0.190729232347467836E+01   -0.270480068646972116E+01   -0.304849052427546077E-01   -0.268605394947859599E+01   -0.252587617033880468E-01   -0.710206219127369476E-01   -0.808519075857479785E-01   -0.716990606409460551E-01   -0.108927082166365685E+01   -0.185650725891725710E+00   -0.491195633965034428E+01    1
    0.765087353211643117E-01   -0.173098326126718867E+02    0.403796432211100564E+00    0.120202550372288841E+01    0.100341579320903374E-01    0.189912194508296528E+01   -0.266244261071326749E+01   -0.237605151656141989E-01   -0.169348488698050259E+01   -0.864159373858728597E-01   -0.104035188983927843E+00   -0.148245832140466161E+00    0.871211900467268180E-01   -0.110926926543695981E+01   -0.185572865995365988E+00   -0.493195633965034563E+01    1
    0.823400947179503545E-01   -0.187430142434910856E+02    0.342706783204847543E+00    0.117837225329776119E+01    0.934809662535930792E-02    0.188868635214865010E+01   -0.270616716387808065E+01   -0.109371506184035676E-01   -0.395131149373634249E+01   -0.252456397849746272E+00   -0.188172939758910862E+00   -0.482821501713325968E-01    0.281628770513316501E-01   -0.107534550483621683E+01   -0.185142147741386209E+00   -0.495195633965034610E+01    1
    0.841763611358340991E-01   -0.186869732619638320E+02    0.573021782032625326E+00    0.937138671864076844E+00    0.969386678287823336E-02    0.191058306626298879E+01   -0.267946974736185339E+01   -0.344097588253961841E-02   -0.378911194632268700E+01   -0.245207829437804170E+00   -0.404008833805605538E-01   -0.665830462928218847E-01   -0.328291219009900492E-02   -0.110137163864918786E+01   -0.184774258098109351E+00   -0.497195633965034567E+01    1
    0.850255186219881914E-01   -0.192434889624117780E+02    0.332193718751442879E+00    0.127735971729269293E+01    0.928474998783265087E-02    0.189197402034194639E+01   -0.267053706385722611E+01   -0.167625559192651763E-01   -0.280069291463801395E+01   -0.134982690237663183E+00   -0.762791316346396187E-01   -0.788820209798865579E-02   -0.876211067981291780E-01   -0.108965374066061971E+01   -0.184342605843994256E+00   -0.499195633965034435E+01    1
    0.785625087954654328E-01   -0.194099885757787405E+02    0.270474473946593075E+00    0.108123291202684113E+01    0.960947331649272991E-02    0.189709761452866732E+01   -0.270896237544818019E+01   -0.483639482537372295E-01   -0.190203943978017831E+01   -0.131447388502194923E+00   -0.149951228873301035E+00   -0.197008244251260511E-01    0.383101047857648674E-02   -0.109237933330734371E+01   -0.184054540303734471E+00   -0.501195633965034304E+01    1
    0.759518572015021876E-01   -0.186120743042019399E+02    0.422380149230937141E+00    0.126057609643982271E+01    0.871081854010607830E-02    0.189496545745959466E+01   -0.274469181894449399E+01    0.306227515468054760E-01   -0.353413217185660855E+01   -0.482620075993768910E-01   -0.111858690731997029E+00   -0.185301624567267231E+00    0.384816261173676899E-01   -0.110064930311009590E+01   -0.183976200730251033E+00   -0.503195633965034617E+01    1
    0.847184054206122639E-01   -0.174463604751295875E+02    0.443099478470395880E+00    0.122925901221795297E+01    0.101891141813390609E-01    0.189113932078629876E+01   -0.270760509329670418E+01   -0.441017209691296833E-01   -0.443905278978041107E+01   -0.576872478466585320E-01   -0.726577359302770648E-01   -0.751478558133229779E-01   -0.466822011445808746E-01   -0.109449228945443777E+01   -0.183889567495368750E+00   -0.505195633965034840E+01    1
    0.762578862392819939E-01   -0.186210804517589850E+02    0.333762037270408263E+00    0.139725093036620462E+01    0.931632199206678877E-02    0.188088011549730583E+01   -0.269197844414867227E+01   -0.927563666296113074E-02   -0.252052087628226840E+01   -0.102089685707825853E+00    0.322722534531758032E-02   -0.141899477252647593E+00    0.371500131977479803E-01   -0.110844002675523368E+01   -0.183721237605403653E+00   -0.507195633965034709E+01    1
