    0.162032864981056964E-01    0.726912571527808637E+00    0.105382978494008073E+00   -0.166751219889461773E+02    0.722957368267674427E+00    0.155790009100488480E+01    0.129173374207967682E-01    0.142436067472356065E+01   -0.252879995021098880E+01   -0.967878232567501995E-01   -0.392245885940825811E+01   -0.186222418477505203E+00   -0.113902997739930636E+00   -0.228558360324930848E+00   -0.625789671582265838E-01   -0.113508312355392760E+01
    0.163002109672711441E-01    0.674984654347931978E+00    0.102316245431612982E+00   -0.176352455086394748E+02    0.596703728951165635E+00    0.153942013032922298E+01    0.132959963848672431E-01    0.136492318918187272E+01   -0.257536249563999942E+01   -0.598300896816368194E-01   -0.295898119085217060E+01   -0.168772009230513442E+00   -0.666056016207087764E-01   -0.252116388213388665E+00   -0.765168536634241725E-01   -0.114399677873488215E+01
    0.160417707307364751E-01    0.666948773301308973E+00    0.109037133675092837E+00   -0.172063008001079716E+02    0.624276828661375460E+00    0.157260781159587726E+01    0.128917979909549812E-01    0.142182477853921929E+01   -0.279342112729716741E+01   -0.667161564302065219E-01    0.505917332115930485E-01   -0.797900548515557695E-01   -0.156268743421505707E+00   -0.180814698758619108E+00   -0.148051851579118543E+00   -0.115827648769704261E+01
    0.161047161751995960E-01    0.619116436897827138E+00    0.107489898110820936E+00   -0.170398840806566518E+02    0.580864209767183226E+00    0.153845546684699941E+01    0.134416771179161100E-01    0.136006199345249823E+01   -0.257507165893899259E+01   -0.644215598633820635E-01   -0.335007388145271623E+01   -0.198662497453063719E+00   -0.146083361496337577E+00   -0.169001997145352467E+00   -0.146306553148529223E+00   -0.115259467885757849E+01
    0.161915285805747065E-01    0.568364398682094429E+00    0.125967957474519443E+00   -0.166934766178991474E+02    0.527506959527884067E+00    0.150840936082106203E+01    0.131132287982917116E-01    0.138011536045051297E+01   -0.264217103103604511E+01   -0.721575733397509522E-01   -0.262129648091274881E+01   -0.202435192581287920E+00   -0.129166617737649980E+00   -0.340562305617102434E+00   -0.418436337627048280E-01   -0.115123872011187878E+01
    0.162959502175697088E-01    0.515507507293902045E+00    0.113053000086565797E+00   -0.169109816061937330E+02    0.497645667141855763E+00    0.153625225269883114E+01    0.130267747922912062E-01    0.135450833708821405E+01   -0.256626217335734230E+01   -0.731732407841730742E-01    0.410767332175781874E+00   -0.220158655402155456E+00   -0.106022263629933208E+00   -0.305854901703769055E+00   -0.130116227388944905E+00   -0.115545113428956348E+01
    0.160919568455238846E-01    0.500701610662266039E+00    0.101915378981561597E+00   -0.172023212245425725E+02    0.726626537448109122E+00    0.155465590667189857E+01    0.129568734197637713E-01    0.136802390121813011E+01   -0.244230031559088223E+01   -0.917575696054158951E-01   -0.417410719671505515E+01   -0.230804485176548113E+00   -0.132789189510349820E+00   -0.207949774317548380E+00   -0.815174288243792206E-01   -0.112690334527199032E+01
    0.160608429111002704E-01    0.464572370828849834E+00    0.116019727055384353E+00   -0.169296879431276004E+02    0.709598040325468471E+00    0.153819222356389429E+01    0.127691609194125581E-01    0.138746140534397178E+01   -0.263890420464641728E+01   -0.854371390198443714E-01   -0.400701348950269765E+01   -0.209463919561965389E+00   -0.157264773126451984E+00   -0.197190091283204194E+00   -0.179700229967796249E+00   -0.114985599351312540E+01
    0.158617939697605001E-01    0.449514110045843573E+00    0.110901808237273483E+00   -0.170131091686123987E+02    0.632558578878841260E+00    0.154333219020242929E+01    0.130375167176313422E-01    0.135406594669962299E+01   -0.278456342338982310E+01   -0.734544199155330729E-01   -0.296075738928677801E+01   -0.179233936918701209E+00   -0.230240143512834006E+00   -0.303424722221369569E+00   -0.973490806541989911E-01   -0.115701081073622913E+01
    0.155597991232377664E-01    0.447959537662012186E+00    0.101923263609682679E+00   -0.167551145991446013E+02    0.529439584342469627E+00    0.154526178687524918E+01    0.134938746016646880E-01    0.136764603880850744E+01   -0.271971140469213468E+01   -0.905080284534374446E-01   -0.496858510006620868E+01   -0.155174197094221311E+00   -0.126014931486995330E+00   -0.165091037065930868E+00   -0.319089238329682973E-01   -0.114392642332166150E+01
    0.153520775180520930E-01    0.434839139219153015E+00    0.107257025837135866E+00   -0.170088740917425625E+02    0.598294394506962091E+00    0.151491229547403439E+01    0.131874040179843378E-01    0.137418265582980137E+01   -0.270505993194582439E+01   -0.704275237284078814E-01   -0.843695471586850987E+00   -0.125231515590814912E+00   -0.230233798880460805E+00   -0.254961333200185825E+00   -0.103951883699638301E+00   -0.113621450545119740E+01
    0.151873902050041268E-01    0.416409771811600604E+00    0.104079296930539134E+00   -0.165511890388900795E+02    0.534514762693549472E+00    0.154782223673838359E+01    0.134094031425822328E-01    0.136041387912423950E+01   -0.261363443620677316E+01   -0.741806260717532417E-01   -0.416087362255654369E+01   -0.195180072792216969E+00   -0.127226484468748735E+00   -0.289648485537656541E+00   -0.132316497255215687E+00   -0.113760089182008661E+01
    0.148932873578053616E-01    0.415519558278549694E+00    0.102640970674320375E+00   -0.171895687547028473E+02    0.567299756558351520E+00    0.152584595994837957E+01    0.133476133696426476E-01    0.138143053997705723E+01   -0.268407922141858979E+01   -0.597408742468599693E-01   -0.330651800632901738E+01   -0.251907611631294603E+00   -0.124817834851703002E+00   -0.264159223352240735E+00   -0.154996515663378465E+00   -0.116083345806385152E+01
    0.146754624033013040E-01    0.404987005735820527E+00    0.107332384508232376E+00   -0.170904129637031765E+02    0.611979722683207994E+00    0.156566298714439367E+01    0.130303639663335545E-01    0.134622435133770413E+01   -0.264525652023942159E+01   -0.859179053151107736E-01   -0.197064120436004031E+01   -0.184735747054930954E+00   -0.149259096254164642E+00   -0.303264322716021995E+00   -0.127588211023091702E+00   -0.116002233251308473E+01
    0.144377881676661692E-01    0.397642859864562437E+00    0.109876479705649718E+00   -0.167771407433606896E+02    0.505182578317963649E+00    0.152758051544570095E+01    0.131082813404831116E-01    0.137122655447367281E+01   -0.264286338581531721E+01   -0.931481910931853396E-01   -0.534129314258980781E+01   -0.258766761736996365E+00   -0.137871719363333423E+00   -0.174971284279140216E+00   -0.993720255214768922E-01   -0.115978706251940888E+01
    0.141606850098308559E-01    0.396401828368668274E+00    0.100153158747742971E+00   -0.166989364301071888E+02    0.546230495696549467E+00    0.152312397678227751E+01    0.133748688603664654E-01    0.137746568215489029E+01   -0.267322267663585889E+01   -0.557915527148225843E-01   -0.413276666351267918E+00   -0.171644516026103283E+00   -0.122828420007892389E+00   -0.198280837275346955E+00   -0.158035299931368250E+00   -0.113958127063684844E+01
    0.139574089370080243E-01    0.385319807609110054E+00    0.110846920602187954E+00   -0.169417002400040602E+02    0.610872401664386944E+00    0.154267488355251836E+01    0.132429166219215425E-01    0.136378755877879954E+01   -0.262361922176736595E+01   -0.648146924902007066E-01    0.157471367261140305E+00   -0.157193198138303541E+00   -0.141125968790412587E+00   -0.364549951589445587E+00   -0.116745212823866434E+00   -0.114061376966470873E+01
    0.136956706752312026E-01    0.383181207789659084E+00    0.115279914134838318E+00   -0.171421806893821440E+02    0.619980614506879579E+00    0.152836778082691738E+01    0.134093517805437684E-01    0.137573942903343593E+01   -0.259399484066363062E+01   -0.531487612768509060E-01   -0.357877626478689148E+01   -0.206855360851062320E+00   -0.164943663223925785E+00   -0.210686092986587969E+00   -0.130504468676424179E+00   -0.114587975470564585E+01
    0.134424359540782981E-01    0.380507624850517590E+00    0.112329566472568643E+00   -0.166169036632243667E+02    0.728361487647634753E+00    0.153517638322231620E+01    0.132878123847512113E-01    0.141585265107093172E+01   -0.257769377238700814E+01   -0.834334617764410369E-01   -0.886829035141482036E+00   -0.126684424561197329E+00   -0.143609910960924569E+00   -0.260040066401627912E+00   -0.143610251036748626E+00   -0.114834080706799324E+01
    0.132320429733884457E-01    0.372057983435365502E+00    0.112211103469135140E+00   -0.170593065562322224E+02    0.792625462678388404E+00    0.155216397029305520E+01    0.130198023131585048E-01    0.137697432976898182E+01   -0.261237573200380835E+01   -0.915847437419474997E-01   -0.514934453838262485E+01   -0.156558905493716483E+00   -0.177905507745816538E+00   -0.280908817676377820E+00   -0.133706410285234417E+00   -0.115020137028841973E+01
    0.130069986286660867E-01    0.366365618058307585E+00    0.975792428762597419E-01   -0.170133680910392364E+02    0.571192925607110547E+00    0.155638580109826585E+01    0.131383912883538175E-01    0.138134069397574444E+01   -0.246953842602604867E+01   -0.728895470755226843E-01   -0.422851648476029629E+00   -0.260435768627456876E+00   -0.233446320894175163E+00   -0.262770812956598321E+00   -0.124144105115494202E+00   -0.114448647606165688E+01
    0.127549048882520423E-01    0.365508965870035840E+00    0.111883535742409640E+00   -0.168338289561999517E+02    0.684217736178234559E+00    0.155842270652259507E+01    0.128482138437938601E-01    0.138035845121177725E+01   -0.259574484789777582E+01   -0.446639624047386677E-01   -0.182097775694404218E+01   -0.162821531929321389E+00   -0.133773435109542899E+00   -0.260199296654193224E+00   -0.343070959270241893E-02   -0.114915855030502190E+01
    0.125521305509951383E-01    0.357559922982842449E+00    0.116856901213576156E+00   -0.175663398316128010E+02    0.810292929281021590E+00    0.155993963289789273E+01    0.132229137502838084E-01    0.139391983257177787E+01   -0.268421154621881808E+01   -0.885624209369968857E-01   -0.714315620203682045E+01   -0.190047619323734401E+00   -0.162953596896938668E+00   -0.137242194777838888E+00   -0.701661084605326724E-01   -0.115490114705006719E+01
    0.124094473620987474E-01    0.340424622230792173E+00    0.106537976042402754E+00   -0.172179236268219498E+02    0.666132205312101600E+00    0.152214262449259796E+01    0.127897573035304600E-01    0.137396926068933811E+01   -0.267339253573947921E+01   -0.807214561794297458E-01   -0.327685488259138946E+01   -0.192727215459507051E+00   -0.926022219749510767E-01   -0.305310988467380084E+00   -0.110522350457334537E+00   -0.113281954968916665E+01
    0.121803482698329465E-01    0.337693044449973001E+00    0.109218261722749871E+00   -0.170367840569406397E+02    0.690765116682236502E+00    0.154849693645193964E+01    0.130333692744931291E-01    0.136084229799823153E+01   -0.257815408367899979E+01   -0.930398602603471625E-01   -0.100701301953639177E+01   -0.194722692250320739E+00   -0.168292346134573834E+00   -0.150736449254878530E+00    0.401693366517597017E-02   -0.114754619426725712E+01
    0.119617135041987111E-01    0.333918739676159759E+00    0.108395986109488238E+00   -0.168758582449422114E+02    0.673002423841834840E+00    0.154804036679954948E+01    0.125959284877947397E-01    0.138961234344187101E+01   -0.269088741210324223E+01   -0.684819703096702509E-01   -0.311687134433813107E+01   -0.285693814028739612E+00   -0.101188515003684032E+00   -0.132136093167563751E+00   -0.856559037340055285E-01   -0.114437382168737956E+01
    0.117981272339024324E-01    0.321459135591197487E+00    0.111929628523307817E+00   -0.168743632188513644E+02    0.669302373197661282E+00    0.154464792781235927E+01    0.127877263876004666E-01    0.138505895177874616E+01   -0.266733712227236763E+01   -0.643168301110137730E-01   -0.406761337196024542E+01   -0.141601479318825607E+00   -0.161273273619012336E+00   -0.274448134239437924E+00   -0.102721540565324287E+00   -0.114440087614142461E+01
    0.115768031154276623E-01    0.319334026258232873E+00    0.104416466377548200E+00   -0.167813029577111656E+02    0.524756705126469880E+00    0.155645392211763411E+01    0.133113093699120544E-01    0.136462291717926432E+01   -0.250321760573246355E+01   -0.702536047836671285E-01   -0.180720964516437110E+01   -0.225847352061094020E+00   -0.114633267898770569E+00   -0.327858940166644797E+00   -0.533762057245054516E-01   -0.115605686590699830E+01
    0.113740026167206739E-01    0.314680197468212630E+00    0.105970523712970915E+00   -0.168028150939095724E+02    0.760559669306351882E+00    0.156305850860261364E+01    0.133223604896709515E-01    0.137743863665789013E+01   -0.243556654887667179E+01   -0.889769154244661742E-01   -0.338348392425872557E+00   -0.129495299006648801E+00   -0.205456049518578210E+00   -0.309891994365620427E+00   -0.786547529923706940E-01   -0.113919107667307085E+01
    0.111694254237122564E-01    0.310980410320328027E+00    0.104966701281025490E+00   -0.165206821313986225E+02    0.750795678947469236E+00    0.155921143133552520E+01    0.130597403922764373E-01    0.137537044959070953E+01   -0.253547783198237342E+01   -0.889838458817676370E-01   -0.315979051520852394E+01   -0.177414415850545237E+00   -0.193939501894742877E+00   -0.170684819074327199E+00   -0.680221637675242907E-01   -0.115827306190592871E+01
    0.109659509114269256E-01    0.307750554284517641E+00    0.105766593101667694E+00   -0.167596527761577221E+02    0.525154917869809945E+00    0.152754785045868480E+01    0.128871475741161538E-01    0.137416907511445530E+01   -0.262960729914391456E+01   -0.779897200891564307E-01   -0.172869696833788145E+01   -0.155486000311077899E+00   -0.127601903385817089E+00   -0.166960200361431998E+00   -0.168082799662143234E+00   -0.115072292683293353E+01
    0.107501403243916230E-01    0.307503139520071966E+00    0.978801382991981161E-01   -0.169793273492028725E+02    0.630656975249301865E+00    0.153513204608033060E+01    0.125534290850285238E-01    0.137181811203789517E+01   -0.262262997418470079E+01   -0.801295644940423768E-01   -0.218185654709146171E+01   -0.182549004599169479E+00   -0.155418281503513778E+00   -0.343216924976150695E+00   -0.125668468677906153E+00   -0.114481654919685316E+01
    0.105540173811153985E-01    0.304327591646983975E+00    0.112272948275557879E+00   -0.169188604932527262E+02    0.554706888640749574E+00    0.153750392449600692E+01    0.133998791185985736E-01    0.137196064238097537E+01   -0.259298321719317482E+01   -0.588653899957978927E-01    0.240324025238932482E+00   -0.201201234886129898E+00   -0.142741715106888656E+00   -0.192337040009623705E+00   -0.774556240910515836E-01   -0.114152154344797108E+01
    0.103600208511406815E-01    0.301432256385234076E+00    0.102955361443159810E+00   -0.170715601026507358E+02    0.620996155554425888E+00    0.155563343676532528E+01    0.133641173179337037E-01    0.139426299205398907E+01   -0.262724685979073014E+01   -0.826987511371115036E-01   -0.287272952401911486E+01   -0.108437179749930654E+00   -0.156037197510225517E+00   -0.192126645254962369E+00   -0.199810407851170047E+00   -0.115258981526713344E+01
    0.101581573997406409E-01    0.300786620541207805E+00    0.107371699939822457E+00   -0.169391002791093683E+02    0.716327952912147015E+00    0.157307388013679361E+01    0.133389465048828464E-01    0.140024872808470158E+01   -0.259146084543340827E+01   -0.533351464482381618E-01   -0.201235518328474283E+01   -0.211665156592801385E+00   -0.120588078639632779E+00   -0.260030917368485326E+00   -0.121655038390347470E+00   -0.114351272956902839E+01
    0.996903694437186773E-02    0.298372787442070242E+00    0.108151946815394029E+00   -0.165315477466244971E+02    0.535826846256575839E+00    0.154874975707103490E+01    0.129262549818637065E-01    0.135933715756174966E+01   -0.278839599405458838E+01   -0.859352245173331530E-01   -0.234670391002621148E+01   -0.820846965997710371E-01   -0.180743469916092414E+00   -0.301640840207825001E+00   -0.340962030325585447E-01   -0.115918182701226979E+01
    0.977243535044517581E-02    0.298209348948665576E+00    0.108835961557908117E+00   -0.168249022805676205E+02    0.607626284410407003E+00    0.155043342120200789E+01    0.129454179735585297E-01    0.137457598260467750E+01   -0.263509614368284462E+01   -0.947804075574386895E-01   -0.394416442911706833E+01   -0.161857473945850816E+00   -0.152937257354693185E+00   -0.233382584797637654E+00   -0.145314592665209852E+00   -0.113977299788654030E+01
    0.965214491805923072E-02    0.282980431453056791E+00    0.103287186348348381E+00   -0.170835753014082847E+02    0.613618665186434487E+00    0.157361424496637281E+01    0.135875099902689374E-01    0.139503174707241073E+01   -0.270591754656274253E+01   -0.713369124957261291E-01   -0.136158527652431216E+01   -0.248571598989496129E+00   -0.130643575343780405E+00   -0.340251382471073227E+00   -0.383791429833402198E-01   -0.115545746834653595E+01
    0.947091556132963024E-02    0.280889589945785001E+00    0.112845644433461609E+00   -0.170955351290835296E+02    0.634438504937958392E+00    0.152644516407085651E+01    0.132748162843130887E-01    0.140103480644257239E+01   -0.259885031077420559E+01   -0.908771299993129805E-01   -0.190680819976850779E+01   -0.191029088072041664E+00   -0.216377319669597501E+00   -0.186157814415261136E+00   -0.101094711916034682E+00   -0.114879287557475340E+01
    0.929533591039028925E-02    0.278315236667195376E+00    0.980472354186460449E-01   -0.170622997342386675E+02    0.613347062596389714E+00    0.156530647822505342E+01    0.131557648775797384E-01    0.138471486643777397E+01   -0.246426938074504287E+01   -0.852141167508202735E-01   -0.252003698662777564E+01   -0.153851611095259133E+00   -0.119166996737006037E+00   -0.193464136680691068E+00   -0.108918877244000817E+00   -0.113164368200147814E+01
    0.911897986602428975E-02    0.276624873292144746E+00    0.104951532730202135E+00   -0.168312884976158124E+02    0.637014629478915184E+00    0.154225297513694271E+01    0.130070671334209364E-01    0.137152623244184224E+01   -0.259090555380688414E+01   -0.664975620476709467E-01   -0.281264443152944565E+01   -0.150354187023008568E+00   -0.196445805844317367E+00   -0.177855130609674950E+00   -0.218830579951023452E-01   -0.113973539587075767E+01
    0.894543878282574173E-02    0.275053217008991491E+00    0.106574080613969016E+00   -0.169241689851258457E+02    0.632769672439992603E+00    0.154871546648392400E+01    0.131106072048556219E-01    0.136835870001214777E+01   -0.252802707679075667E+01   -0.696017535153939937E-01   -0.700378146278326952E+00   -0.119783380566816991E+00   -0.185160308338361723E+00   -0.126656770661617957E+00   -0.495763600452685596E-01   -0.115949688227062819E+01
    0.877145255570139712E-02    0.274335914445798801E+00    0.103161446214053071E+00   -0.170119021316371857E+02    0.610418561276135807E+00    0.155788941244271495E+01    0.134518945902733032E-01    0.141148642629149257E+01   -0.273792121339120875E+01   -0.807263362567483267E-01    0.116070579873436941E+00   -0.146885871327060102E+00   -0.151569878851811279E+00   -0.299156597959292281E+00   -0.592213372465938137E-01   -0.114226777101050780E+01
    0.860040766976998342E-02    0.273721544165428932E+00    0.101177140346617761E+00   -0.170898305110478468E+02    0.689899188987633472E+00    0.154123072195289890E+01    0.130232656011687736E-01    0.141064811557219638E+01   -0.266304040657089791E+01   -0.548252074124908964E-01   -0.214693825867997923E+01   -0.102208443564857046E+00   -0.167509546367162199E+00   -0.226172277674211775E+00   -0.113161176802568680E+00   -0.114525604513430568E+01
    0.843749835036859512E-02    0.271969033987068731E+00    0.104299709620643069E+00   -0.171693706425153216E+02    0.652393839600891812E+00    0.157182327038018554E+01    0.127814897052215323E-01    0.136733107506864915E+01   -0.257596102845941033E+01   -0.768010988045496890E-01   -0.303230657930637371E+01   -0.243290515132704277E+00   -0.177037054427079565E+00   -0.276684870520850112E+00   -0.153012178150100542E+00   -0.114318998445062547E+01
    0.829238948593718009E-02    0.266664425839630681E+00    0.104704713749829481E+00   -0.170487350585811051E+02    0.667806868844833090E+00    0.156357975296202456E+01    0.135346874829616656E-01    0.140046088351842668E+01   -0.267046968094712334E+01   -0.101693135056624570E+00    0.211858209237534734E+00   -0.170524430325985465E+00   -0.149436843857120971E+00   -0.219649123508438848E+00   -0.156685673592612817E+00   -0.113264603841510247E+01
    0.813181244287338942E-02    0.265773092527240073E+00    0.109864396197850753E+00   -0.173051276248632036E+02    0.673655529632592120E+00    0.157733032482765623E+01    0.133865255224602745E-01    0.138834148640385102E+01   -0.255380461259954661E+01   -0.876151051203219039E-01   -0.522204014403210781E+01   -0.124272550665173898E+00   -0.188899317800680006E+00   -0.271074806808219215E+00   -0.513440229624298056E-01   -0.115149748114421935E+01
    0.797212816263578004E-02    0.265437797722812674E+00    0.106737791061397275E+00   -0.171652123776051546E+02    0.703289604733351559E+00    0.155088310907372429E+01    0.133125469517626476E-01    0.139136525587524940E+01   -0.261743884630392687E+01   -0.729511934967546627E-01   -0.164692776731784063E+00   -0.215587390814910823E+00   -0.151819825272444558E+00   -0.255695347702877052E+00   -0.233842571875597594E+00   -0.113921505181373672E+01
    0.782315185408998838E-02    0.263165707861851228E+00    0.102675377697905482E+00   -0.170078288822441586E+02    0.790905199244819279E+00    0.157692657916178369E+01    0.128902245698003480E-01    0.138072923801705727E+01   -0.269941985591922462E+01   -0.848059227037792629E-01   -0.837992670090706104E+00   -0.160112409005172623E+00   -0.139032528437547931E+00   -0.238124703231447604E+00   -0.626885186577618436E-01   -0.113889614080809487E+01
    0.767117705140315902E-02    0.262400624707545826E+00    0.949461006471110508E-01   -0.164384714254564379E+02    0.548037232041923894E+00    0.155637051172399388E+01    0.132707675262284577E-01    0.138714441574354108E+01   -0.257252113604986876E+01   -0.726089659648617020E-01    0.637308578536461390E+00   -0.512530836959571023E-01   -0.207868666615266234E+00   -0.357333854386342575E+00   -0.176333962558231749E+00   -0.115087831594027490E+01
    0.753097522317684384E-02    0.259291665088674628E+00    0.106115564959971390E+00   -0.168114935363335967E+02    0.744905718696126318E+00    0.156346596494550094E+01    0.129481819243921631E-01    0.139006212425108844E+01   -0.263443750486633688E+01   -0.724861691253026602E-01   -0.181021420733734395E+01   -0.208599912127764020E+00   -0.152953700137066800E+00   -0.259983098880701258E+00   -0.720782612594566413E-01   -0.114477715887774267E+01
    0.738619201358661510E-02    0.258116129244828407E+00    0.100044284653068860E+00   -0.174875556266673051E+02    0.596225617354063431E+00    0.152492937372529536E+01    0.125765701310172236E-01    0.138319088389567324E+01   -0.262084342930369418E+01   -0.592653094515796300E-01   -0.295273790826939830E+00   -0.524143575405888185E-01   -0.909334806202960200E-01   -0.197351873220020790E+00   -0.160933880708448107E+00   -0.114096719650109435E+01
    0.724274647447057350E-02    0.257339791828196773E+00    0.103594054799928226E+00   -0.166983451848790381E+02    0.551004338747502653E+00    0.154255072861691289E+01    0.129346719731026662E-01    0.136858340209392448E+01   -0.258146747408353239E+01   -0.793163853636325578E-01    0.535513066852672637E+00   -0.169159371303251316E+00   -0.168044135122793037E+00   -0.191809216627792822E+00   -0.118202196050180633E+00   -0.115673299108662775E+01
    0.710033372613952211E-02    0.257057182112078009E+00    0.107400255577486781E+00   -0.166842989731468556E+02    0.620027902192335945E+00    0.155966794269111197E+01    0.134843414251828598E-01    0.138005397861919898E+01   -0.268481971445271350E+01   -0.572375797189257698E-01    0.160454120305858972E+01   -0.954371636160228909E-01   -0.107624559354958418E+00   -0.228228310795260680E+00   -0.618014041445045029E-01   -0.113620336351341189E+01
    0.696426723206186506E-02    0.255755966306113469E+00    0.113371022349276776E+00   -0.165139958960815925E+02    0.740376329064379446E+00    0.156518195515532987E+01    0.135213618659834091E-01    0.139425106038924285E+01   -0.268721206249758549E+01   -0.783551314627087131E-01   -0.247020330986663916E+01   -0.156336321366892045E+00   -0.982202687586663931E-01   -0.285625043141627621E+00   -0.156751898190497924E-01   -0.113066533973327865E+01
    0.682784406425921819E-02    0.255322821395856159E+00    0.114158635252351731E+00   -0.163984259413723947E+02    0.712946840615345856E+00    0.154280096947690160E+01    0.133070809694552823E-01    0.139321233263573352E+01   -0.261798553548347401E+01   -0.846369376111660021E-01   -0.427498979879092467E+00   -0.174729303042136325E+00   -0.149821794306443934E+00   -0.234184840278358924E+00   -0.133796239433877251E+00   -0.114063521093940445E+01
    0.669679829779670950E-02    0.254081662996416269E+00    0.108882395264401952E+00   -0.170545305467041786E+02    0.604410396343889267E+00    0.154394202648328616E+01    0.130990855166389451E-01    0.137585215405086347E+01   -0.249529686164277864E+01   -0.777293005541628140E-01   -0.622763757517936778E-01   -0.184455347052011998E+00   -0.135478711894080450E+00   -0.278293118730464306E+00   -0.105297932821391799E+00   -0.112961729317851467E+01
    0.656460788305314891E-02    0.253955200218945798E+00    0.108734722250043533E+00   -0.167017973171685981E+02    0.691512269270421198E+00    0.155552922234265467E+01    0.129389145980394610E-01    0.138657061414136673E+01   -0.267383190612995447E+01   -0.712234923731771691E-01   -0.317384515456074201E+01   -0.247455851581796255E+00   -0.127364903390289441E+00   -0.303792881705765128E+00   -0.132383103781691019E+00   -0.114821382065493371E+01
    0.643586844452113081E-02    0.253567178648917424E+00    0.107698597864437390E+00   -0.168015821503628331E+02    0.746308379010472200E+00    0.154950088419882626E+01    0.130674985292296448E-01    0.139435725604979388E+01   -0.256315736018030904E+01   -0.986422857503610195E-01   -0.106608555784884151E+01   -0.185622531289248827E+00   -0.111302580802475556E+00   -0.188240620320781094E+00   -0.167903791590170715E+00   -0.114365630896061266E+01
    0.631540755494168233E-02    0.251356172721329929E+00    0.105989179284031537E+00   -0.169533572313196039E+02    0.562101765493460803E+00    0.153113153235839139E+01    0.126867542236764729E-01    0.138038221961497465E+01   -0.265367693724696530E+01   -0.795956981934107660E-01   -0.183896606435796994E+01   -0.189317337306270900E+00   -0.955368160337613237E-01   -0.123719833459273051E+00   -0.143985114634510747E+00   -0.115981795409745514E+01
    0.643951961320594467E-02    0.212299537582389702E+00    0.112727414815911420E+00   -0.170716689465694351E+02    0.645422422840865928E+00    0.155290562727079839E+01    0.130775717426494277E-01    0.138234959255849432E+01   -0.253085388441885728E+01   -0.918661547449541316E-01   -0.939238203307689146E+00   -0.137952422931549024E+00   -0.166776637359277419E+00   -0.298886003950763202E+00   -0.451970875590713070E-01   -0.114084224641831122E+01
    0.642715984796781922E-02    0.216141949007064987E+00    0.110415995743165823E+00   -0.173362285960388256E+02    0.635593788049239605E+00    0.153131855182143717E+01    0.130612560942958492E-01    0.140044034954637664E+01   -0.253132586979473295E+01   -0.692003155615961846E-01    0.833379524886512790E+00   -0.157132628923251139E+00   -0.259669164203400693E+00   -0.229735907084784502E+00   -0.548977486489683683E-01   -0.115318284051653697E+01
    0.639946176867825078E-02    0.224779647434753593E+00    0.113610675147458345E+00   -0.169699060267623203E+02    0.499762196529847880E+00    0.154342863392250984E+01    0.131039174399350516E-01    0.137768162417119711E+01   -0.259770832180346778E+01   -0.741905932369117116E-01    0.111533437214826092E+01   -0.121501420768666227E+00   -0.155028636328075092E+00   -0.117180289116724110E+00   -0.708782706655750883E-01   -0.115368352589078382E+01
    0.635659514362045281E-02    0.238221665361302570E+00    0.103029628795134720E+00   -0.170566295509450008E+02    0.624859698509224626E+00    0.154271411663861557E+01    0.133195384744939360E-01    0.140794888574747667E+01   -0.261783216076252678E+01   -0.610060744033515817E-01   -0.112504399705411773E+01   -0.192393134478098138E+00   -0.184686128444766978E+00   -0.259997874265336604E+00   -0.395610314049809758E-01   -0.114845808408607342E+01
    0.637793276095757582E-02    0.231519371419731973E+00    0.109885955911184066E+00   -0.167661831028070729E+02    0.597753446336351302E+00    0.154459049618479916E+01    0.132509450049277510E-01    0.137435479185732823E+01   -0.252618197891161023E+01   -0.704563149926198257E-01   -0.551228155667024389E+01   -0.180533360606890653E+00   -0.576341994758210602E-01   -0.185983062810769706E+00   -0.109846181284006417E+00   -0.114104103586008843E+01
    0.632401002895499696E-02    0.248500413400520287E+00    0.107620233713344560E+00   -0.172033581451477566E+02    0.535878355342431112E+00    0.157322669904999413E+01    0.134071518882964372E-01    0.137135494181823669E+01   -0.256382214804108566E+01   -0.644350934768054689E-01   -0.122013310599608360E+01   -0.135447029885298831E+00   -0.160335347494535707E+00   -0.235864153704290869E+00   -0.853873348554459455E-01   -0.113656623636289744E+01
    0.650890790196334817E-02    0.190864053499335246E+00    0.113034689560054524E+00   -0.168433109736222733E+02    0.535355589530226661E+00    0.154593550704324678E+01    0.132007510558988968E-01    0.138252725678604782E+01   -0.268385292651834817E+01   -0.899947047867691585E-01    0.151266391711996295E+00   -0.195481867553809585E+00   -0.122265735456982272E+00   -0.198345647224206140E+00   -0.129110602468232749E+00   -0.115447351536500742E+01
    0.658094653898770327E-02    0.168850252001657458E+00    0.106010019872322128E+00   -0.169369310626026213E+02    0.585954139143896491E+00    0.156119659360204643E+01    0.131162070548623486E-01    0.138944044723395654E+01   -0.253080558545569545E+01   -0.826643094228500519E-01    0.708157087670240326E+00   -0.251023278688963014E+00   -0.141562943863239116E+00   -0.168194726323784793E+00   -0.487199710932676791E-01   -0.115038992575214283E+01
    0.657343775025167644E-02    0.171133533191098391E+00    0.111789770818024381E+00   -0.170376756353070675E+02    0.605088727112398916E+00    0.156801234185572769E+01    0.132659865653597733E-01    0.138668334723248132E+01   -0.258063406838126896E+01   -0.768320011812214931E-01   -0.902295821676881493E+00   -0.263895148593942142E+00   -0.136965804248477097E+00   -0.200041237195003108E+00   -0.877133379125212276E-01   -0.114769754303542970E+01
    0.644089581059069816E-02    0.211872160872955323E+00    0.106333525410578805E+00   -0.164234195462846699E+02    0.598080737922861649E+00    0.152919653598360439E+01    0.130054887193875920E-01    0.138943423728140680E+01   -0.251802129957333998E+01   -0.828466390635298477E-01   -0.100491206371415553E+01   -0.189516283940762892E+00   -0.113508366463673155E+00   -0.137951823683890806E+00   -0.603729420031311886E-01   -0.115170598277334157E+01
    0.639417765536642781E-02    0.226431753903335753E+00    0.106251341097581081E+00   -0.172518172244780601E+02    0.554101538425632700E+00    0.153918239571473525E+01    0.126355012166215648E-01    0.138703995552993731E+01   -0.260108512675146120E+01   -0.886607951063126259E-01    0.338546540936436546E+00   -0.130749285096230794E+00   -0.133530325378352632E+00   -0.340365355077045240E+00   -0.472523383390732188E-01   -0.115285464900778067E+01
    0.648164415493649674E-02    0.199259012216113973E+00    0.110822852298603225E+00   -0.170496447366755639E+02    0.626452279373112098E+00    0.154910297660002261E+01    0.134599995729379248E-01    0.138671997066907293E+01   -0.251525363511419942E+01   -0.825662472495829747E-01   -0.518992124466532312E+00   -0.158918828660750716E+00   -0.105196721560207263E+00   -0.247094844035229216E+00   -0.651428342122715720E-01   -0.114398303659871181E+01
    0.650087734324209660E-02    0.193333136451848714E+00    0.981589323556213422E-01   -0.167600933715486882E+02    0.602857638282106256E+00    0.153902236225385525E+01    0.126364654664401239E-01    0.138836414679868869E+01   -0.258683676095893889E+01   -0.757494666809278155E-01   -0.341587424146995167E+00   -0.236932190393803976E+00   -0.178007357488848883E+00   -0.214324149478034243E+00   -0.487309344498812677E-01   -0.116694029790686349E+01
    0.638087249180275574E-02    0.230597739389472089E+00    0.109936566373334724E+00   -0.164707700909962931E+02    0.625355668104971341E+00    0.154139002610403031E+01    0.133199276911006529E-01    0.137619348010107534E+01   -0.262246265959418023E+01   -0.870006178685386600E-01   -0.168910234976703011E+01   -0.148950378864063093E+00   -0.156053345121925091E+00   -0.214084000467052477E+00   -0.119895956534621373E+00   -0.114853447545624054E+01
    0.638048621640304250E-02    0.230718815964048252E+00    0.986989791944388600E-01   -0.168894636091935126E+02    0.578197318722448839E+00    0.154843056839102444E+01    0.132437527489164680E-01    0.138937484759205820E+01   -0.257677727045927352E+01   -0.744516503551400227E-01   -0.181344617214213777E+01   -0.116170626919170003E+00   -0.162266030989077964E+00   -0.175718536301415651E+00   -0.217792981581950568E-01   -0.115857577205239948E+01
    0.635148251155858747E-02    0.239830919719492136E+00    0.107565281758999029E+00   -0.170472916451385004E+02    0.554980810385167445E+00    0.154237937336938336E+01    0.127837226870370947E-01    0.138351728209362079E+01   -0.254208230501759536E+01   -0.797643098060273198E-01   -0.247185392648485980E+01   -0.156481118042774120E+00   -0.151770209980468668E+00   -0.233720996974998485E+00   -0.716083146404729309E-01   -0.114842390815379369E+01
    0.656889342974897265E-02    0.172516642662795622E+00    0.110208722938895332E+00   -0.174706085655987344E+02    0.571854789501927141E+00    0.155642882741383515E+01    0.130274744037572245E-01    0.139155730948185474E+01   -0.255548593655532130E+01   -0.784937003577412667E-01   -0.124379492857627794E+01   -0.181624591092356125E+00   -0.137409105358556521E+00   -0.216034415257735091E+00   -0.515118257818329081E-01   -0.115161305361579913E+01
    0.641654863678210383E-02    0.219446668547413543E+00    0.105487707108360779E+00   -0.168462961364183528E+02    0.651004325368289116E+00    0.152145538641394840E+01    0.130965987183325402E-01    0.139842924019078629E+01   -0.261200183008218634E+01   -0.707603585953442693E-01   -0.197824726639081905E+01   -0.220075794738204961E+00   -0.172264289153339550E+00   -0.227504965304502094E+00   -0.112816493151613767E+00   -0.115300213245750083E+01
    0.655064709043474015E-02    0.178079749404391308E+00    0.104542282146124418E+00   -0.167623880285741151E+02    0.578040461161230867E+00    0.155015050406880062E+01    0.132797289584933934E-01    0.138351503966208123E+01   -0.261955686843933844E+01   -0.873945039663711343E-01   -0.205570062051795288E+01   -0.174529654741882534E+00   -0.116075046526140452E+00   -0.176802923049136029E+00   -0.813272987824579796E-01   -0.115782409715826340E+01
    0.639690597601483713E-02    0.225578559359883940E+00    0.107010449984017875E+00   -0.173174893968500783E+02    0.629449999318686282E+00    0.155449378975358443E+01    0.130958108438690626E-01    0.137335292979440049E+01   -0.276877974779271119E+01   -0.706943379840011404E-01   -0.508312902006983425E+00   -0.152541175873212392E+00   -0.162890419349152438E+00   -0.283488429171534995E+00   -0.407419297232834363E-01   -0.115122761744268454E+01
    0.655500962052428353E-02    0.176748254051845827E+00    0.103887884986491569E+00   -0.172371713438463878E+02    0.581007518502833831E+00    0.154579740366445306E+01    0.130966965761459640E-01    0.138898842845144777E+01   -0.279033973256852974E+01   -0.783583438325104464E-01   -0.319277963587897062E+01   -0.595839601092019444E-01   -0.149134574025572092E+00   -0.271017119477415025E+00   -0.581144858190003680E-01   -0.116270616354298140E+01
    0.640585866291669415E-02    0.222781448387807363E+00    0.103421925618001190E+00   -0.167561829294885278E+02    0.673372893587304566E+00    0.154146914620862785E+01    0.128238131684573955E-01    0.138083150627467899E+01   -0.260262563529885593E+01   -0.864801046956084757E-01   -0.155102870114001679E+01   -0.206278194136481463E+00   -0.203069174582905770E+00   -0.336694435400422654E+00   -0.525519035365451387E-01   -0.115506945327185795E+01
    0.645148222875403712E-02    0.208587609175700045E+00    0.100373393118236232E+00   -0.171356904443692066E+02    0.582456989178127049E+00    0.155088990258010639E+01    0.128562454549416751E-01    0.137588303218017804E+01   -0.268872548964256497E+01   -0.565749694859036950E-01   -0.378930297228508906E+00   -0.383695368622269661E-01   -0.108997889052194666E+00   -0.216553461563950111E+00   -0.980967844889175933E-01   -0.114399718103216808E+01
    0.635989998158355795E-02    0.237182121680447777E+00    0.108173475263629915E+00   -0.169563395357649718E+02    0.645746937077442573E+00    0.151883511031821561E+01    0.129887665803016857E-01    0.139262795143623830E+01   -0.263329442446810935E+01   -0.602308025053886614E-01   -0.351515583183580649E+01   -0.227660233521678329E+00   -0.123586261212881576E+00   -0.183613564489601727E+00   -0.132938219914869898E+00   -0.114892893967069143E+01
    0.640828034872315249E-02    0.222025506585368987E+00    0.103640045255637581E+00   -0.172011398606916224E+02    0.658475176088762715E+00    0.154558854655267086E+01    0.130659648054706687E-01    0.138412859771844898E+01   -0.271092421944612871E+01   -0.573276162461384894E-01   -0.537767981864705646E+01   -0.204610915504701452E+00   -0.114611517912266883E+00   -0.155520665383792667E+00   -0.781190153944120308E-01   -0.115769822483315465E+01
    0.640771161219374531E-02    0.222203014976920660E+00    0.102951496445798221E+00   -0.169451184228828673E+02    0.587287347408040339E+00    0.155017612515661263E+01    0.128885500321954706E-01    0.137894823280298362E+01   -0.267573388776137966E+01   -0.750679117611710717E-01   -0.209236650885495656E+01   -0.127571879949019390E+00   -0.206530060670185728E+00   -0.160567395737072655E+00   -0.104483436569835303E+00   -0.115626809389600638E+01
    0.651493245535019784E-02    0.189013737877744836E+00    0.104122643233048900E+00   -0.168953612691171209E+02    0.622796653506509035E+00    0.155162708610844824E+01    0.129591342701898954E-01    0.137473416667358928E+01   -0.264555733952880967E+01   -0.594022512543812137E-01   -0.627930945082453285E-01   -0.300565737343876482E+00   -0.157902813567080025E+00   -0.101191420636049134E+00   -0.783139175478664851E-01   -0.116316871097448016E+01
    0.637056244045612358E-02    0.233831902022334254E+00    0.106588075455752399E+00   -0.171188237888756127E+02    0.700608643941775355E+00    0.154450430639325553E+01    0.128331445867920953E-01    0.138670249255187872E+01   -0.258996260644207821E+01   -0.719173720543202361E-01   -0.304252018478500474E+01   -0.261596011714222088E+00   -0.180979770782728283E+00   -0.234040713253724997E+00   -0.577315572416946324E-01   -0.114605222039694921E+01
    0.641533017880832005E-02    0.219826490705948480E+00    0.104373559984092548E+00   -0.172031765672376054E+02    0.587731911109697469E+00    0.157741086292177513E+01    0.128647158496307482E-01    0.139082723629269789E+01   -0.273452431131053331E+01   -0.645877758198004359E-01   -0.344221705388747434E+01   -0.174638147952649814E+00   -0.111569606023223633E+00   -0.296575288318630781E+00   -0.407701062205533329E-01   -0.115774253422842555E+01
    0.643756326149290577E-02    0.212907237865792742E+00    0.111232399466409948E+00   -0.171700804054759182E+02    0.535352304882161345E+00    0.155517441508868215E+01    0.129787058607827889E-01    0.137728453812426066E+01   -0.265867596834613718E+01   -0.569841498085067732E-01   -0.427433925176810625E+01   -0.160588298603707214E+00   -0.133143930244523950E+00   -0.267058813189766597E+00   -0.121504779858053330E-01   -0.113611113575480638E+01
    0.657192521270206532E-02    0.171593782956904056E+00    0.105158391063220127E+00   -0.170891653531761669E+02    0.643337184729767531E+00    0.155948717405330539E+01    0.129421633957771381E-01    0.138595719596690281E+01   -0.266343965831079155E+01   -0.852727728524379780E-01   -0.395851016457955485E+01   -0.185366869467388534E+00   -0.106227415915818399E+00   -0.246885398433559694E+00   -0.584052472941823664E-01   -0.114793115329127215E+01
    0.651279994472397060E-02    0.189668498224299792E+00    0.106146916447988571E+00   -0.168692650035091525E+02    0.530061368270149380E+00    0.154040205326321589E+01    0.130265604476143479E-01    0.139748993918952280E+01   -0.267908146534244640E+01   -0.780646941826130397E-01   -0.168388214975835115E+01   -0.210978388279826817E+00   -0.170110634318195703E+00   -0.230169854646934013E+00   -0.593436308822546457E-01   -0.115103929173359631E+01
    0.633315342725390435E-02    0.245610856061383137E+00    0.105141201267989565E+00   -0.168893097451707419E+02    0.714922790500471472E+00    0.153364244363480307E+01    0.128594153579224216E-01    0.138528332751644467E+01   -0.260734835218004779E+01   -0.636295505798801647E-01   -0.649078029978167326E-01   -0.283160759596851108E+00   -0.143646034959070440E+00   -0.282265744826711129E+00   -0.990199263004186148E-01   -0.114822119695403257E+01
    0.640901496302499242E-02    0.221796249387254674E+00    0.107029712206992339E+00   -0.169651601086228858E+02    0.712936629280664258E+00    0.155442533003917616E+01    0.130487434910828651E-01    0.137550609235178389E+01   -0.265398665475499662E+01   -0.808119515797385973E-01   -0.139494166931102681E+01   -0.212115502306061993E+00   -0.184469263240846004E+00   -0.191485781195440158E+00   -0.732233721231406731E-01   -0.114574680845907695E+01
    0.643204775045760641E-02    0.214621512327656860E+00    0.996027695665922252E-01   -0.170514651149380221E+02    0.644768389300188316E+00    0.156549325906836567E+01    0.127828012730603433E-01    0.136912026742564730E+01   -0.264150818544946553E+01   -0.412617099062224241E-01   -0.253632004167384562E+01   -0.162948727277940159E+00   -0.125665147100903873E+00   -0.219720605485350717E+00   -0.718643354364728454E-01   -0.114769661022374403E+01
    0.635233145803406913E-02    0.239563615277291003E+00    0.103423519740552416E+00   -0.166987744756610681E+02    0.695639895068926761E+00    0.154602555249680940E+01    0.128031232213037006E-01    0.137011185520626166E+01   -0.266255134173635311E+01   -0.788703547718786063E-01   -0.292125925443622858E+01   -0.179336788945302583E+00   -0.114053232527411341E+00   -0.256837107826053179E+00   -0.848038239089056872E-01   -0.114323446712525634E+01
    0.632979158905314261E-02    0.246672801217242249E+00    0.101326471643613580E+00   -0.168159455657811527E+02    0.609189472263557130E+00    0.154132256128295730E+01    0.129721186746405062E-01    0.139623781205490216E+01   -0.258293387133617980E+01   -0.856592007485949547E-01   -0.190242283229422715E+01   -0.116285754235356684E+00   -0.171627945673740179E+00   -0.225453720779588695E+00   -0.127862521108847854E+00   -0.113267259777904750E+01
    0.653093510887851197E-02    0.184107153788734296E+00    0.109795361797306257E+00   -0.168334589872665603E+02    0.698317193158293992E+00    0.155995895689791508E+01    0.131079094085280977E-01    0.138072638200714981E+01   -0.261955159651248870E+01   -0.906696577301790985E-01   -0.390813914446243027E+00   -0.173560274924037472E+00   -0.122026901594920995E+00   -0.236757700421959399E+00   -0.975230263422694477E-01   -0.113838136247808719E+01
    0.634366560852423628E-02    0.242293877677383751E+00    0.102908909172297877E+00   -0.165652437406884516E+02    0.503758728773113451E+00    0.155979380520706812E+01    0.132894173698799196E-01    0.140046325968197904E+01   -0.271937906521743500E+01   -0.967573154323356777E-01   -0.273423338545627370E+01   -0.174103661556727740E+00   -0.177143691367442374E+00   -0.282621410246848781E+00   -0.145206760028221915E+00   -0.113043631529025324E+01
    0.648704548648582936E-02    0.197593051502737288E+00    0.109387415445065805E+00   -0.166637726715101380E+02    0.652361925604385329E+00    0.155855500103919997E+01    0.134830948015825236E-01    0.138643531222949190E+01   -0.249580547435802158E+01   -0.722768842546654550E-01   -0.105573061871551066E+01   -0.232420159373858876E+00   -0.129483511103238191E+00   -0.209296387142761942E+00   -0.174212548892617891E+00   -0.114971714134266123E+01
    0.642395884166007021E-02    0.217138284486102590E+00    0.102332081786987467E+00   -0.166802973768740799E+02    0.693837959060191856E+00    0.158575878249270508E+01    0.129111180941321076E-01    0.135947440173551870E+01   -0.269901269006147881E+01   -0.728554089055970522E-01   -0.344723028850236890E+01   -0.145321426675944804E+00   -0.197392530941823741E+00   -0.357912588266750320E+00   -0.149664714968536949E+00   -0.116117898217937299E+01
    0.641512960512355835E-02    0.219889021180508071E+00    0.104369965860723030E+00   -0.167200961129004710E+02    0.600076220395904913E+00    0.153358530789248393E+01    0.130266092156450276E-01    0.137844363564759975E+01   -0.275201437436057894E+01   -0.100008052558180210E+00    0.120998859502709299E+01   -0.203994896753612237E+00   -0.186564122649979652E+00   -0.184498462481680198E+00   -0.871261688141240775E-01   -0.112679144059198388E+01
    0.642251954729707898E-02    0.217586436680170719E+00    0.104481936254289975E+00   -0.167543372164132620E+02    0.671014271986308697E+00    0.155526405375576360E+01    0.132803528806488026E-01    0.139992474817590673E+01   -0.265504706854887385E+01   -0.652317510208921258E-01    0.104911657449367812E+00   -0.216684856498235129E+00   -0.142453088597822991E+00   -0.201440514510277890E+00   -0.128693924667125287E+00   -0.113874050936997251E+01
    0.634906115023201652E-02    0.240593520571988267E+00    0.103745169442697280E+00   -0.168453097174713236E+02    0.657601886745904252E+00    0.154279074809071814E+01    0.132464273137040088E-01    0.140026413076348155E+01   -0.244526816248321266E+01   -0.792914208347284821E-01   -0.159442334323842450E+01   -0.240307658858911199E+00   -0.123514967524232799E+00   -0.233231310011013104E+00   -0.144769118573215144E+00   -0.113702953035950172E+01
    0.635845690423678285E-02    0.237635978217396765E+00    0.103660003281033572E+00   -0.169161473009664896E+02    0.689438900159350276E+00    0.155374386400320152E+01    0.130207513465929493E-01    0.139646240177545944E+01   -0.265194161422684793E+01   -0.920042631765309593E-01   -0.189112527660948482E+01   -0.188754161924855418E+00   -0.134968356853312293E+00   -0.209329984297180277E+00   -0.165218241496085050E+00   -0.114073108312947946E+01
    0.632901364204301823E-02    0.246918621260098503E+00    0.991570880609794897E-01   -0.163903064854778719E+02    0.641692874258945611E+00    0.157596080407651007E+01    0.130021515814213954E-01    0.137654966101049148E+01   -0.267190232574480202E+01   -0.804957738718273669E-01   -0.135176321805779365E+01   -0.166597236413890987E+00   -0.234751565481049307E+00   -0.223267369945532618E+00   -0.175669627754694135E+00   -0.114264734905661824E+01
    0.644663189264192346E-02    0.210091809338637053E+00    0.106344619116395561E+00   -0.165823888434633204E+02    0.710293888786432404E+00    0.156483845852486803E+01    0.132172219822858684E-01    0.136903805517849353E+01   -0.253067866981268308E+01   -0.704556863010317169E-01   -0.205487426731923817E+01   -0.200980414054338308E+00   -0.147066566774803509E+00   -0.215475447800509673E+00   -0.358309516553233509E-01   -0.115013517180241975E+01
    0.642899026510711843E-02    0.215572441919619245E+00    0.100065858372022060E+00   -0.169477232268467226E+02    0.613355056006514410E+00    0.156680212932173357E+01    0.128190897255158788E-01    0.138394298595588761E+01   -0.265852852113492721E+01   -0.722822732353521902E-01   -0.306821780437946590E+01   -0.248159666808362267E+00   -0.204563547292271719E+00   -0.286738344734866313E+00   -0.102391414807109102E+00   -0.114047298042220269E+01
    0.654142773779780012E-02    0.180896523454898622E+00    0.102890310046987399E+00   -0.168586347796564731E+02    0.612590875178293248E+00    0.154079737138294859E+01    0.129702236109277159E-01    0.138454491999455609E+01   -0.272273364377639737E+01   -0.812560687719136171E-01   -0.911036277341382927E+00   -0.160687453219368254E+00   -0.156683933286435484E+00   -0.294767197522946167E+00   -0.780178964389484364E-01   -0.113825883518251514E+01
    0.649642690015063851E-02    0.194702787629369600E+00    0.102718720920478471E+00   -0.168063505187317830E+02    0.626161327205686957E+00    0.156217511280843713E+01    0.132667993049482933E-01    0.139469363627216247E+01   -0.258753030044177823E+01   -0.821037221855043103E-01    0.101777884129605622E+01   -0.143595757769392735E+00   -0.143870440814916956E+00   -0.231273697506180653E+00   -0.146531683455854961E+00   -0.114387902623062998E+01
