    0.633030670846657963E-02    0.112586809474796993E+03    0.545746815312118105E-01   -0.111477524135955459E+02    0.842792126372038597E+00    0.992456795938506109E+00    0.795424825750789405E-02    0.126087273785800003E+01   -0.156459380883913468E+01   -0.954532694518053781E-01   -0.286345674111202531E+01    0.612308894285029832E-02   -0.399791461434954032E-01   -0.196243646813966582E+00    0.770912163791314109E-01   -0.107195043278908675E+01
    0.862300387195927102E-02    0.111928639849076049E+03    0.468912102769995093E-01   -0.113482018155003868E+02    0.844494647812057408E+00    0.995596496250779062E+00    0.858243262409867820E-02    0.127801996571609311E+01   -0.166948821342800402E+01   -0.100360360293815232E+00   -0.339812502715980047E+01   -0.160758344884888438E-03   -0.172509222133670898E-01   -0.215967837845361166E+00    0.659790981574871205E-01   -0.108941970326463955E+01
    0.119146916958899618E-01    0.111241962381223203E+03    0.556841521169669090E-01   -0.111549975693974037E+02    0.864374902678192392E+00    0.911950463237181208E+00    0.107525837582661266E-01    0.125824375533472499E+01   -0.178791217261281576E+01   -0.876164474108269142E-01   -0.387130494685934856E+01    0.378454871206941462E-01   -0.383632857293694091E-01   -0.135562030868055489E+00    0.160027886187506380E-01   -0.110181588637931704E+01
    0.122821572732798884E-01    0.111141211689050024E+03    0.505443800830861489E-01   -0.108279939402770946E+02    0.853049424078636487E+00    0.925649484032666559E+00    0.103776872877135509E-01    0.126705896493140013E+01   -0.162282792148950161E+01   -0.924645785220329225E-01   -0.328493840097000556E+01    0.300968313724179863E-02   -0.242117685950705326E-01   -0.383946680087351111E+00    0.664037608809656399E-01   -0.112180739553416053E+01
    0.140673005131581232E-01    0.110829800867998500E+03    0.597654566696012024E-01   -0.111645049170316089E+02    0.862976553123807832E+00    0.939248595181443213E+00    0.788899968937457029E-02    0.126728340231590098E+01   -0.170997818014351832E+01   -0.994560378337076278E-01   -0.377062251933968096E+01    0.131829028224401991E-01   -0.572639131789340339E-01   -0.282289161124104349E-01    0.265698176805874431E-02   -0.111235232947072538E+01
    0.143936193691673944E-01    0.110743936833028002E+03    0.497088781441836491E-01   -0.111160142236332575E+02    0.856946597425303658E+00    0.908667041905052320E+00    0.832520366553365053E-02    0.125067635242083086E+01   -0.170107571731702145E+01   -0.106924799763109993E+00   -0.324484293999091911E+01    0.542348341514562252E-02   -0.835010920338454254E-01   -0.276068282882258653E+00    0.372120060582001103E-01   -0.111999460738414891E+01
    0.145087893415723965E-01    0.110687997596524866E+03    0.627063096635777639E-01   -0.110765830247031563E+02    0.841486929916119175E+00    0.932249659093567162E+00    0.642391092461128566E-02    0.126577356460904511E+01   -0.167442474576490219E+01   -0.111741042147482830E+00   -0.310590923636469629E+01    0.602084506177693896E-02   -0.589078798313815918E-01   -0.131761524505524558E+00    0.385701643186312573E-01   -0.112471465650819091E+01
    0.143934196291214764E-01    0.110663964587191373E+03    0.519134012871179593E-01   -0.114115977127673194E+02    0.849908884049987323E+00    0.959210173663011867E+00    0.114100560170145322E-01    0.124786225184846322E+01   -0.170751159524920038E+01   -0.107447992823228713E+00   -0.354169877832798230E+01   -0.913010396766169782E-02   -0.551607256997355480E-01   -0.108625811103941455E+00    0.321348350694706728E-01   -0.109663585963309185E+01
    0.141504795655536808E-01    0.110658009820923084E+03    0.599362268505608531E-01   -0.110648306132114129E+02    0.857468413668944107E+00    0.956085927682702841E+00    0.921668734102628652E-02    0.127962259373016862E+01   -0.187958454017160848E+01   -0.111606813537784497E+00   -0.351360414716130132E+01    0.258621905139759765E-01   -0.625878409688901682E-01   -0.298549024930329310E+00    0.452570403978741903E-01   -0.110321692592672815E+01
    0.139887445301151193E-01    0.110641000762810592E+03    0.516029230466387365E-01   -0.111903132854338647E+02    0.856255811508429443E+00    0.908031230267546730E+00    0.119675609546383305E-01    0.126139291504361406E+01   -0.181954026866199148E+01   -0.929026274788669892E-01   -0.361499781302657608E+01   -0.145149174948575460E-01   -0.514137091398422508E-01   -0.220002391836501832E+00    0.297122461506596214E-01   -0.107192684900323076E+01
    0.139549987604548169E-01    0.110605831294742430E+03    0.583236562681574422E-01   -0.110743017346217147E+02    0.855430431778976930E+00    0.932872568087417586E+00    0.722858762483931383E-02    0.127620066580919445E+01   -0.171387930727809623E+01   -0.901679570038302902E-01   -0.360490308065620946E+01    0.195440467308206876E-01   -0.631859225432778865E-01   -0.178883892613446255E+00    0.365318503771565536E-01   -0.110435959064795286E+01
    0.137937932356725843E-01    0.110589069400155424E+03    0.477243819243660938E-01   -0.110154420648583180E+02    0.867788260642745612E+00    0.969618350258756645E+00    0.958241146687417722E-02    0.125441700239367004E+01   -0.164986461809998275E+01   -0.112174359456847256E+00   -0.304669416297456364E+01   -0.583138756019643215E-02   -0.534201729080532872E-01   -0.234259625633875090E+00    0.573108559913036650E-01   -0.110406860809127561E+01
    0.136564622250159584E-01    0.110569081185710658E+03    0.505266530478635095E-01   -0.109086578316868135E+02    0.844214071482720652E+00    0.941688525456054970E+00    0.782874909481986320E-02    0.125071012577333462E+01   -0.147057619252479421E+01   -0.996407492959904412E-01   -0.285181224049686888E+01   -0.800906510082207562E-02   -0.629587270170891972E-01   -0.158621644864579803E+00    0.519916045433525126E-01   -0.110724953722250952E+01
    0.134258766725080525E-01    0.110563138971563603E+03    0.545738462536518587E-01   -0.109348905155950717E+02    0.853133705705013679E+00    0.896339420742599979E+00    0.851315217642314992E-02    0.125467163847227203E+01   -0.171937557767698768E+01   -0.110132607945286135E+00   -0.315082707085487090E+01    0.125814747205704684E-01   -0.652503793501525847E-01   -0.168028653505536418E+00    0.388871360900028828E-01   -0.110157867918820873E+01
    0.131809384822007235E-01    0.110559963387945643E+03    0.519326225513506573E-01   -0.110945187011793465E+02    0.848962536237344079E+00    0.899300970070511019E+00    0.937085271690024472E-02    0.125106124052534518E+01   -0.148019057274935539E+01   -0.961818229889847831E-01   -0.343464198322225167E+01    0.245840603133005951E-01   -0.588316292493765852E-01   -0.609378663954886768E-01    0.429721517722918764E-01   -0.111565588755454836E+01
    0.133516774676931543E-01    0.110494222791143471E+03    0.531502129846794236E-01   -0.110492472322770450E+02    0.849544769516125564E+00    0.893755233792604020E+00    0.869076286922021435E-02    0.125460911773912631E+01   -0.163558617873756562E+01   -0.841733561384091639E-01   -0.376196745886270278E+01    0.367305100568616760E-01   -0.550813926627213499E-01   -0.179597579765028131E+00    0.402806693267589513E-01   -0.108515125875721652E+01
    0.131937038518420216E-01    0.110478027381310724E+03    0.531539960352865118E-01   -0.110991472331242633E+02    0.845238470213664495E+00    0.936810508880623116E+00    0.934600048952814559E-02    0.127523747775913621E+01   -0.185882778109787861E+01   -0.889524133072759349E-01   -0.348606817457821316E+01   -0.512738344873370656E-02   -0.597179832001159192E-01   -0.646333813945334096E-01    0.590605176793918690E-01   -0.109963830643927585E+01
    0.130659281650433445E-01    0.110457490973970636E+03    0.592673252599544217E-01   -0.111970428066512664E+02    0.860834846608921622E+00    0.949666380609379135E+00    0.722644496283937794E-02    0.127075145751358831E+01   -0.182741956811563755E+01   -0.994268536393778379E-01   -0.356782908486317396E+01    0.657808866510564867E-02   -0.112505307153773382E+00   -0.215504677931029259E+00    0.519999488082777822E-01   -0.107827840500850280E+01
    0.128710219779876282E-01    0.110447549998621184E+03    0.558968783694714783E-01   -0.110460446937340340E+02    0.863111273500723697E+00    0.953821240307829443E+00    0.883183649276609618E-02    0.126735244253600943E+01   -0.163507498775305948E+01   -0.911210770099518813E-01   -0.376410356708163008E+01    0.281928334326866543E-01   -0.645048582034598167E-01   -0.319146597429189993E+00    0.507060310246648868E-01   -0.108640006511032783E+01
    0.128722433859721330E-01    0.110407360215706220E+03    0.502985031906244898E-01   -0.112684692242321951E+02    0.851751106728276142E+00    0.989925201338880734E+00    0.711827898243494375E-02    0.125956960767785642E+01   -0.166734059850273253E+01   -0.910769793022755680E-01   -0.330487928954861188E+01    0.142946675407347318E-01   -0.570543239130720733E-01   -0.122849283241705021E+00    0.466607233586353864E-01   -0.108065587851589484E+01
    0.126611068704402339E-01    0.110400437164232670E+03    0.485766662361194271E-01   -0.109009188658930523E+02    0.846682895832517990E+00    0.954296090646914674E+00    0.726863659831084637E-02    0.125660421969868730E+01   -0.174362828038030826E+01   -0.999044847942410358E-01   -0.344591390439193335E+01    0.111842952165741114E-01   -0.542313724021983370E-01   -0.110160566854069511E+00    0.593539367323379016E-01   -0.110114017583408685E+01
    0.125328811357226389E-01    0.110380795488109584E+03    0.521360238814099278E-01   -0.110898246015145929E+02    0.840301805740326868E+00    0.959365981880803909E+00    0.804644928607451369E-02    0.126289556225000110E+01   -0.159277626056133625E+01   -0.910694845381755796E-01   -0.331861575552789390E+01    0.238808892331037366E-01   -0.739195096244517069E-01   -0.180654046097356469E+00    0.572041055268462592E-01   -0.108496086598797592E+01
    0.123587970156846111E-01    0.110368770614140729E+03    0.589551125936946807E-01   -0.111323159372486415E+02    0.840226485620749641E+00    0.888465096256987663E+00    0.737741961223900653E-02    0.124737712811292489E+01   -0.182359997417790232E+01   -0.103435267392503139E+00   -0.314770129848178382E+01   -0.188731955947823681E-01   -0.403941916266910145E-01   -0.215312688567855515E+00    0.463298055378087645E-01   -0.107438553123693237E+01
    0.121641509610982117E-01    0.110360520490630662E+03    0.542963176584665211E-01   -0.112454403374819361E+02    0.842719831116863771E+00    0.916108461063366075E+00    0.932113608414625837E-02    0.124781055578851197E+01   -0.179553030622720300E+01   -0.832919147836783808E-01   -0.328346560286801914E+01   -0.174909480016638731E-01   -0.818513819496125422E-01   -0.126161754950333493E+00    0.631519623815741810E-01   -0.111970797332197813E+01
    0.119335662483167435E-01    0.110358796605943198E+03    0.583648152859689295E-01   -0.111832601777230209E+02    0.848168284828375030E+00    0.941114196629736610E+00    0.817637026240875670E-02    0.126677218717318740E+01   -0.182565165047042099E+01   -0.950279848410711253E-01   -0.307961154307371743E+01    0.381833137829643218E-01   -0.590505787813168717E-01   -0.149452061225977428E+00    0.531154501641800669E-01   -0.109929735855715149E+01
    0.117470061882329110E-01    0.110350310019801626E+03    0.537670249937359998E-01   -0.112026561735506505E+02    0.852148347097554493E+00    0.947652019880340202E+00    0.791384542078459735E-02    0.127266962634115655E+01   -0.163598899592093261E+01   -0.894007464064994067E-01   -0.333452491895862169E+01   -0.770590163813443963E-02   -0.689881571744812294E-01   -0.129068016476166947E+00    0.444076243123300504E-01   -0.107717665260535989E+01
    0.115387422316510658E-01    0.110346086324906238E+03    0.504311703117262117E-01   -0.112341486257351502E+02    0.852408035062118929E+00    0.910919326640558524E+00    0.932361863209719456E-02    0.125407176863041858E+01   -0.161605345650041299E+01   -0.105777927605475996E+00   -0.379357908808492006E+01   -0.247545305092914045E-01   -0.287514334319136436E-01   -0.187836165072674643E+00    0.514035991415075638E-01   -0.106062392014132123E+01
    0.113256431940969571E-01    0.110343367923195856E+03    0.510018398978192913E-01   -0.109701699018252317E+02    0.857296608677888705E+00    0.954534281314863398E+00    0.104702437852947257E-01    0.126791323794363797E+01   -0.166587241346743098E+01   -0.980635393310109599E-01   -0.340344717042288636E+01    0.609478302330462296E-01   -0.403706963670950811E-01   -0.316897504492592574E+00    0.449320650861268975E-01   -0.106016214182647794E+01
    0.114204220862716803E-01    0.110286700523442434E+03    0.508968169870541373E-01   -0.110580182658961803E+02    0.844501462752120235E+00    0.973621249427070956E+00    0.117325355115682033E-01    0.125268605649550580E+01   -0.160415959868701496E+01   -0.102305901246672881E+00   -0.373802498988887466E+01   -0.656372346224714381E-03   -0.738068555360020667E-01   -0.188296792032811300E-01    0.400848748227138549E-01   -0.109128912707776182E+01
    0.113189773186765132E-01    0.110264545399428542E+03    0.514637725592830483E-01   -0.112092384185579483E+02    0.847772516294147627E+00    0.900241584105527237E+00    0.897617105898956477E-02    0.126743786976572537E+01   -0.153107738484000611E+01   -0.925321227573996513E-01   -0.320066302850794493E+01    0.555035065898710211E-01   -0.340308349147196570E-01   -0.269254885682554512E+00    0.109166143128441306E-01   -0.107816530929608123E+01
    0.111274717084481022E-01    0.110258672892239801E+03    0.520178647082785231E-01   -0.110150526046895827E+02    0.864545251058961739E+00    0.960700564670623480E+00    0.110550054230890427E-01    0.126898214039998658E+01   -0.170449260593435126E+01   -0.936837141700807285E-01   -0.341799235228154652E+01    0.180575018359590313E-01   -0.469952647991210143E-01   -0.211138154259956162E+00    0.474847955045275827E-01   -0.111413519079002699E+01
    0.109341685972719118E-01    0.110253721611278280E+03    0.530988042912573927E-01   -0.110473478149498430E+02    0.865393538244765836E+00    0.943444633834251478E+00    0.812038816259626380E-02    0.125546220632642846E+01   -0.164857020156280565E+01   -0.932342383784733747E-01   -0.397785194529842201E+01   -0.922488943689074928E-02   -0.826628241435561351E-01   -0.118657789795939494E+00    0.355041012234066158E-01   -0.110847466592345656E+01
    0.107303983665071392E-01    0.110251345486319380E+03    0.526325230550829387E-01   -0.109543012028279616E+02    0.844087063823213191E+00    0.947444887024089355E+00    0.128246636809576670E-01    0.125417435955067824E+01   -0.171674367181101184E+01   -0.990541699167152428E-01   -0.294426726856864063E+01    0.611849696052293307E-03   -0.437586715750164917E-01   -0.256527024999015973E+00    0.301760986216181720E-01   -0.110072847502780813E+01
    0.105493294586789799E-01    0.110245382252103894E+03    0.582005658910804899E-01   -0.109671261601094443E+02    0.844232338167134611E+00    0.947104340709953196E+00    0.946002373666001047E-02    0.126120459359699000E+01   -0.160078711779277461E+01   -0.100897370138497491E+00   -0.373632300791517435E+01   -0.167146001278782458E-01   -0.639287932975493439E-01    0.280983269765583965E-01    0.295436878773647597E-01   -0.109717780962888889E+01
    0.104535442492440320E-01    0.110223624684039549E+03    0.539347819448795229E-01   -0.111067165152441305E+02    0.846340734763583735E+00    0.922756195872768803E+00    0.806729686894134754E-02    0.125947153580275684E+01   -0.156081311847938586E+01   -0.975458423685861969E-01   -0.358042631739516581E+01   -0.306790133726661789E-02   -0.388767932742885153E-01   -0.684625456051008580E-01    0.193429291239074451E-01   -0.110519237194479980E+01
    0.102684413354022248E-01    0.110219356363634716E+03    0.596817463551752858E-01   -0.108649242903538479E+02    0.872824943787326335E+00    0.955414951277812841E+00    0.816569761276651936E-02    0.126218265034253374E+01   -0.181735236394921018E+01   -0.969758778681907019E-01   -0.326103004425087395E+01   -0.698119347244436934E-02   -0.447233920809734856E-01   -0.157376792373607660E+00    0.280110062365751880E-01   -0.108024235334360363E+01
    0.100897806483615272E-01    0.110214460661828213E+03    0.563138126957982085E-01   -0.110200782525294123E+02    0.851541434964679378E+00    0.930183769066059707E+00    0.998712753004050643E-02    0.125601058416034617E+01   -0.180513307354644792E+01   -0.878399869662119803E-01   -0.363458715749825778E+01   -0.167514798237397983E-01   -0.781482206917272076E-01   -0.163982713671267821E+00    0.659595256731353302E-01   -0.111735141576737562E+01
    0.989270016180698354E-02    0.110213912595538801E+03    0.531538554752736189E-01   -0.110155935964591762E+02    0.863063665250638712E+00    0.948466626291398329E+00    0.127363229133851674E-01    0.125910165113621919E+01   -0.180648746869633836E+01   -0.983429595554644181E-01   -0.337130138449621786E+01    0.187113372764888784E-01   -0.798894941252553947E-01   -0.302320263127285382E+00    0.355428597796573487E-01   -0.111056840859421047E+01
    0.982488258506427486E-02    0.110187670436961440E+03    0.438056614049340542E-01   -0.110228695864753536E+02    0.846991556820874014E+00    0.974885263709111216E+00    0.102696574274830643E-01    0.124726613422985322E+01   -0.166661473072651489E+01   -0.947884713151669889E-01   -0.356359683152801843E+01   -0.205270499038759588E-01   -0.706738840617043285E-01   -0.229868446537190907E+00    0.533497895742514189E-01   -0.108944763710015158E+01
    0.969353198395350203E-02    0.110174589136435088E+03    0.584289543552472465E-01   -0.110115719808152619E+02    0.854158341053523618E+00    0.896685243591875736E+00    0.832735248617436433E-02    0.125806438627247963E+01   -0.163119997152056095E+01   -0.101913361279068429E+00   -0.298490404743291027E+01   -0.171345449099429246E-01   -0.577600847574304618E-01   -0.972111975048336463E-01    0.368285011353604308E-01   -0.109828657034781463E+01
    0.952034127160916559E-02    0.110170645459032357E+03    0.528929121955642248E-01   -0.110817066644179150E+02    0.838809090168103344E+00    0.901084279877487071E+00    0.980079471134355680E-02    0.127222318816831015E+01   -0.170103357949774092E+01   -0.955532810098759650E-01   -0.346602188241699594E+01   -0.686308468922857632E-02   -0.524615799750281220E-01   -0.133989509031510440E+00    0.548162610981372395E-01   -0.107484330770633529E+01
    0.935225457886966829E-02    0.110166271959744094E+03    0.497471046057261918E-01   -0.112501357044987422E+02    0.857387010452982490E+00    0.927441131531156482E+00    0.943903308835053988E-02    0.125610919272278987E+01   -0.170764636564010730E+01   -0.911299899972454752E-01   -0.358044432634243703E+01   -0.134876341667018521E-01   -0.488456492430112202E-01   -0.151460475466432404E+00    0.449710027295739251E-01   -0.109159342837307083E+01
    0.921424717310412311E-02    0.110156005067122550E+03    0.524728193308741445E-01   -0.110798619691090838E+02    0.857208559010813054E+00    0.920106571756563518E+00    0.834683262669234406E-02    0.124399361835788747E+01   -0.142312015102902856E+01   -0.975613739323144408E-01   -0.321344406752289569E+01    0.574104140022408879E-02   -0.496298863801875323E-01   -0.195616391421714386E+00    0.481760902754345688E-01   -0.113131472742894035E+01
    0.904164283220794222E-02    0.110153825076830344E+03    0.546735211303802648E-01   -0.110855580778943068E+02    0.839690489048776634E+00    0.933096857405188329E+00    0.977490647839289982E-02    0.125855767737252933E+01   -0.168745127028800179E+01   -0.106305432736926803E+00   -0.344811719864602217E+01    0.420498540911535337E-01   -0.627156234855329731E-01   -0.308444955321061642E+00    0.254488142139915607E-01   -0.110284631642557662E+01
    0.886953114616663950E-02    0.110152262977981835E+03    0.510035694745696946E-01   -0.114026306642514808E+02    0.850331083144823197E+00    0.967536066514938842E+00    0.854598009322144088E-02    0.125448801988680203E+01   -0.160497601903633713E+01   -0.932851865117133999E-01   -0.341081908034519987E+01   -0.108187424382767371E-01   -0.425102156974424342E-01   -0.259381705681600072E+00    0.580479489965381318E-01   -0.110812149896766443E+01
    0.872214432971545744E-02    0.110145776616947742E+03    0.521685650052918712E-01   -0.111440545217136986E+02    0.849556646301443785E+00    0.919978394092326179E+00    0.802697461324969504E-02    0.125583416743263809E+01   -0.134606625835457172E+01   -0.946627399360799732E-01   -0.366815134226567352E+01   -0.265056221831153557E-01   -0.103153356929896300E+00   -0.203080768790123073E+00    0.645724060008196765E-01   -0.107144969439406790E+01
    0.855709074185164245E-02    0.110143986319510503E+03    0.542154730616685246E-01   -0.111833082744598151E+02    0.842106148220967854E+00    0.926253703731123368E+00    0.621486583197615287E-02    0.125857062106016526E+01   -0.183221126148911972E+01   -0.109067643064137326E+00   -0.377924748708935887E+01    0.117615477220255372E-01   -0.374746555135007167E-01   -0.291666044635903177E+00    0.390696024617675289E-01   -0.108299116509783699E+01
    0.840105870949436201E-02    0.110140791381566359E+03    0.552496167156698026E-01   -0.112824658951146723E+02    0.858745323935120264E+00    0.947152272782615601E+00    0.867521442065187671E-02    0.125382249105898547E+01   -0.165820231746528424E+01   -0.106623986741023927E+00   -0.329358792741297579E+01    0.134490890026115993E-01   -0.762528845418693479E-01   -0.541722184948673358E-01    0.420611837681171691E-01   -0.108283948954640907E+01
    0.824188213486770627E-02    0.110139049386541146E+03    0.578338756456636752E-01   -0.112924596695850088E+02    0.854926502205491712E+00    0.934504180569354248E+00    0.829805727895201184E-02    0.125450332580121793E+01   -0.178815730782054638E+01   -0.906427424307459650E-01   -0.351633630508508199E+01    0.344689863719668376E-02   -0.313915361702751666E-01   -0.831801127065242007E-01    0.461074392798353980E-01   -0.109913577207249658E+01
    0.812835185207558264E-02    0.110126790493497211E+03    0.508776113166047386E-01   -0.111542018775027785E+02    0.851389305291711085E+00    0.926002107843661881E+00    0.759613622234078627E-02    0.125770781682033150E+01   -0.201704167974516313E+01   -0.852408525083596380E-01   -0.355023243348827533E+01    0.330063817928071337E-01   -0.423664390394081769E-01   -0.186352710943178734E+00    0.479258391245036344E-01   -0.108389654874638142E+01
    0.799827416216147315E-02    0.110119055273716057E+03    0.506205970761329782E-01   -0.110795242245305374E+02    0.858125833769058821E+00    0.920337961352795664E+00    0.918859194362109041E-02    0.126158445544452813E+01   -0.168252613272766549E+01   -0.989304334076842595E-01   -0.352886941656276809E+01    0.400142022189863347E-01   -0.397007618295156656E-01   -0.229550626070151420E+00    0.447734420798997779E-01   -0.108146497901587035E+01
    0.786921086573066225E-02    0.110111591278647467E+03    0.610057634325233064E-01   -0.110511819315487454E+02    0.844010645489122857E+00    0.939394051721346601E+00    0.110903165533329830E-01    0.126083185443268508E+01   -0.167986987711435409E+01   -0.934637262394562851E-01   -0.284600129395428159E+01    0.105790345798294824E-02   -0.458789491467597732E-01   -0.208680145291081504E+00    0.435773711985861997E-01   -0.112637821813493844E+01
    0.771652013522606314E-02    0.110110779845613578E+03    0.533515320785247493E-01   -0.113408382265915826E+02    0.865285458238292837E+00    0.973874656492056956E+00    0.964422030767866402E-02    0.126683611621590475E+01   -0.164882484557999276E+01   -0.962183272023307973E-01   -0.293067644004205441E+01    0.150266605951983011E-01   -0.600472458543957338E-01   -0.138251464512319289E+00    0.377701591727784697E-01   -0.107860287655887133E+01
    0.758910865710986978E-02    0.110104078555009238E+03    0.478263889055096370E-01   -0.113011150544806807E+02    0.860492033328437378E+00    0.906082421702893326E+00    0.620702710315094129E-02    0.126387895996626920E+01   -0.172489931026675181E+01   -0.101284347892981269E+00   -0.344538746770592752E+01   -0.832158053378298165E-02   -0.811006842936423389E-01   -0.113343266603261272E+00    0.514433129914610848E-01   -0.110207338597667759E+01
    0.746817947263490878E-02    0.110096204335844405E+03    0.566814318577246873E-01   -0.111208843998072187E+02    0.849728454986164228E+00    0.921687441913945471E+00    0.868188360452304755E-02    0.127094255628226782E+01   -0.167875807421423140E+01   -0.104409536560297736E+00   -0.326233521096914814E+01    0.676240566813481221E-02   -0.535915800706849646E-01   -0.297652860759779536E+00    0.460109195885073652E-01   -0.107548553971955241E+01
    0.738838469298535964E-02    0.110077688589154576E+03    0.479106290292196230E-01   -0.110475440748383615E+02    0.858107820773249319E+00    0.962886246361855602E+00    0.855543360666855685E-02    0.126317460734830678E+01   -0.175712076666899031E+01   -0.103330099906726453E+00   -0.352373695535734432E+01    0.509151039391369381E-02   -0.598384286178184829E-01   -0.339892470667292113E+00    0.449922830364610851E-01   -0.107189210129405366E+01
    0.724585963406813686E-02    0.110076646409511412E+03    0.489773329642579844E-01   -0.111996273495600480E+02    0.847590203796760533E+00    0.950664068775087023E+00    0.838211437732477513E-02    0.125366277434049089E+01   -0.165068868909495281E+01   -0.976015000903530522E-01   -0.321377994499395347E+01    0.156524687822568107E-01   -0.493369745291456982E-01   -0.410434671379245608E-01    0.299903789687239013E-01   -0.109566883812853533E+01
    0.710611037079194024E-02    0.110075596792001093E+03    0.551482038944814054E-01   -0.111006336738536273E+02    0.844964765037480303E+00    0.952976619261627467E+00    0.910612945965907916E-02    0.124513362287219320E+01   -0.167755086740271375E+01   -0.100683988615642164E+00   -0.381916606941039483E+01    0.812207662875454907E-02   -0.237184893511407750E-01   -0.244726062708567060E+00    0.690611041922833957E-01   -0.108770990768080966E+01
    0.697592458404191693E-02    0.110072577099521212E+03    0.537859674192346579E-01   -0.113255862547969315E+02    0.860602195558247685E+00    0.935045183698144489E+00    0.718182838889092155E-02    0.126965755535449398E+01   -0.186330564490613959E+01   -0.982962891339069639E-01   -0.341056583322512719E+01   -0.507780389502975483E-02   -0.665724729000146537E-01   -0.168318469480015165E+00    0.269265862087409054E-01   -0.108923958441831714E+01
    0.685613133213741795E-02    0.110067220177254057E+03    0.569891968945357361E-01   -0.114377319397825179E+02    0.855333066170617773E+00    0.935366277465931706E+00    0.984370937430953385E-02    0.126190355302034063E+01   -0.164490390947380694E+01   -0.102857366905965308E+00   -0.331628763634975687E+01    0.168572825158291272E-01   -0.581042308926147041E-01   -0.194193672411972801E+00    0.407284457298104918E-01   -0.108527005486739903E+01
    0.672436191919609325E-02    0.110066032772905274E+03    0.527082041799161252E-01   -0.111558313130740370E+02    0.840848895557842702E+00    0.947548970883667074E+00    0.932982255754984807E-02    0.125694621881250801E+01   -0.157392381231959488E+01   -0.107906452918522300E+00   -0.334032277478268558E+01    0.875906151251483467E-02   -0.393091761541494028E-01   -0.673631110530295008E-01    0.385183484710594701E-01   -0.107925419921049426E+01
    0.660306618664978449E-02    0.110062438621297616E+03    0.521228683133734758E-01   -0.110277813525755928E+02    0.844013524944130400E+00    0.923602351784203690E+00    0.949029895268469446E-02    0.125778635527843718E+01   -0.147451018473085016E+01   -0.973287586931165655E-01   -0.360865242171042500E+01   -0.135320594956361909E-01   -0.446862050824196888E-01   -0.178541997259676732E+00    0.486977349792611647E-01   -0.107686616031496363E+01
    0.650125653937494268E-02    0.110053515907132308E+03    0.587197088130136588E-01   -0.112189040327620653E+02    0.847659581129235340E+00    0.925623481428844208E+00    0.890970794321531596E-02    0.126081857044801127E+01   -0.167787575135311551E+01   -0.985037080866304066E-01   -0.298596049156397392E+01    0.105136129841961606E-01   -0.465391499075333837E-01   -0.194973293555956578E+00    0.502156208870531695E-01   -0.108854881888256605E+01
    0.637583337338452124E-02    0.110052477235595134E+03    0.554545862319616029E-01   -0.110953516533396339E+02    0.859410345202933246E+00    0.928886248944748361E+00    0.891556159337534952E-02    0.125951287566828563E+01   -0.188597800389926928E+01   -0.930867802789380194E-01   -0.359746187624158420E+01   -0.146995729551610624E-01   -0.353509421238330512E-01   -0.165935785084397713E+00    0.489664250008465876E-01   -0.109644248442798720E+01
    0.626051998781228507E-02    0.110048980357454056E+03    0.516693971615452344E-01   -0.111056670455075910E+02    0.852314845481938699E+00    0.929515648524532945E+00    0.882804095482164763E-02    0.126409482451700517E+01   -0.158932885851250583E+01   -0.101058124886729217E+00   -0.358398400300663500E+01   -0.114891140769245517E-02   -0.341096670719272452E-01   -0.184483817181805565E+00    0.566679996493756957E-01   -0.109870542056135467E+01
    0.616853883650272505E-02    0.110038582866171978E+03    0.585589227008560184E-01   -0.110533446255591343E+02    0.838338026987321627E+00    0.948763564535400339E+00    0.906927653225685082E-02    0.125127464365068564E+01   -0.165869474153114860E+01   -0.996383518420696501E-01   -0.334049649639099355E+01   -0.121236193165497191E-01   -0.825873704689369936E-01   -0.815894070039726860E-01    0.440581597372061151E-01   -0.105306242900183000E+01
    0.604726276087902588E-02    0.110038295384181566E+03    0.545930476079286159E-01   -0.110818378108887536E+02    0.853364295078574475E+00    0.950665782153684136E+00    0.882343705896452592E-02    0.127069812842574548E+01   -0.179413943398243192E+01   -0.896726522857514419E-01   -0.321389693188888481E+01    0.692233489486264973E-02   -0.470568552403547447E-01   -0.159342096318730475E+00    0.131458220271654519E-01   -0.110385373474535764E+01
    0.614424799991859869E-02    0.110006340800312827E+03    0.525508654950707019E-01   -0.110696003710362305E+02    0.846376103412755487E+00    0.931996824302532501E+00    0.865527571639419097E-02    0.126054149970280660E+01   -0.162271850439814003E+01   -0.939180651449098985E-01   -0.346207089394491163E+01    0.193968397175248546E-01   -0.821067011637764965E-01   -0.215027825703515918E+00    0.595969305897074836E-01   -0.106481429170186992E+01
    0.611715840070448016E-02    0.110015178169340658E+03    0.496870458695132106E-01   -0.111270862222970397E+02    0.869985482969154011E+00    0.961796600735526308E+00    0.912789718481999378E-02    0.125138243936816695E+01   -0.187862282609090592E+01   -0.984352140819259591E-01   -0.357140271094570094E+01    0.154795620296576501E-01   -0.631923954268204663E-01   -0.203367362445903421E+00    0.480135942841477814E-01   -0.107285308021026560E+01
    0.610194032944403209E-02    0.110020159904725503E+03    0.509273939660978212E-01   -0.109976291041226837E+02    0.857532858593640812E+00    0.937310128373530338E+00    0.837431485736603136E-02    0.125690452810067654E+01   -0.170695856319513739E+01   -0.982126737354562934E-01   -0.377899436397370936E+01    0.117823128247800789E-01   -0.910747519651536608E-01   -0.180118806296315270E+00    0.504186889202586710E-01   -0.108091971085238292E+01
    0.620694533314625901E-02    0.109986035759310539E+03    0.559961272340936400E-01   -0.110695363524845032E+02    0.849521668749509851E+00    0.940944850446582048E+00    0.763983915763712107E-02    0.124430304402287328E+01   -0.161933169479788797E+01   -0.896098009385817296E-01   -0.325862416547158507E+01   -0.287503274005193685E-02   -0.956523843097481230E-01   -0.321500254375439720E+00    0.420650853388346846E-01   -0.106793299608646364E+01
    0.615843316520237744E-02    0.110001728741728357E+03    0.541669410284126573E-01   -0.109449632061309430E+02    0.866049601009280967E+00    0.929157524588756667E+00    0.834541396959870632E-02    0.126366763950419525E+01   -0.188223290389988307E+01   -0.908852194496757998E-01   -0.353164876400491901E+01    0.157986107507451928E-01   -0.882087678283822729E-01   -0.267193844818879145E+00    0.352154275642102485E-01   -0.109135318314587715E+01
    0.645308310583448536E-02    0.109908257484502059E+03    0.549031839525440865E-01   -0.110666684974586307E+02    0.859975189654255123E+00    0.961992608358750223E+00    0.807233004232242764E-02    0.125292390889624849E+01   -0.160953731557678603E+01   -0.105299780559693634E+00   -0.354516771281684795E+01    0.141265394540045636E-01   -0.614757535446846734E-01   -0.328914059024423111E+00    0.464943812100901757E-01   -0.108051281906616370E+01
    0.639280785423947204E-02    0.109927026348145560E+03    0.531832909710074214E-01   -0.113580148383929789E+02    0.853026327398074380E+00    0.935554611453082829E+00    0.843459495665774793E-02    0.126167900250973175E+01   -0.160345007412909268E+01   -0.102162611686477250E+00   -0.343290991438678672E+01    0.194539342280480388E-02   -0.723313921202430044E-01   -0.261088068539946594E+00    0.503441912174563341E-01   -0.108896733120000566E+01
    0.612793985029000572E-02    0.110011656285840644E+03    0.499966087124853742E-01   -0.112159827201153792E+02    0.853405497368859400E+00    0.999073676897278218E+00    0.103750636671312204E-01    0.125817689966725910E+01   -0.175593186707209092E+01   -0.962186645018291153E-01   -0.326306787071638604E+01    0.104194487910726392E-02   -0.665778830801910526E-01   -0.242810576284042345E+00    0.467986413261229223E-01   -0.108226390255761040E+01
    0.634711049552468074E-02    0.109941374180979295E+03    0.549861934430928775E-01   -0.111383730064713564E+02    0.854396879683541055E+00    0.963564628825809066E+00    0.773158319170651632E-02    0.125377270540535513E+01   -0.172990011633524321E+01   -0.956298954163183335E-01   -0.341311014485013997E+01    0.136505897175856171E-01   -0.877073010011847898E-01   -0.267612903513973210E+00    0.399313855211813271E-01   -0.107548208515792476E+01
    0.615579385916012901E-02    0.110002586061015208E+03    0.525330577935251633E-01   -0.110562245236076198E+02    0.865992815735436627E+00    0.943415657020796550E+00    0.723747342587861657E-02    0.125795660211734606E+01   -0.179955141687940579E+01   -0.971336848378553525E-01   -0.366045873931752386E+01   -0.556146695221478981E-02   -0.414501536810450918E-01   -0.682876075762071100E-01    0.317486173296961660E-01   -0.108130499248169309E+01
    0.609744316239220659E-02    0.110021634460307283E+03    0.539615399432030463E-01   -0.110383136448351280E+02    0.849781335957226158E+00    0.948458176273325959E+00    0.847595496895805697E-02    0.125228710057540660E+01   -0.165956650412999962E+01   -0.973891038226550598E-01   -0.372827116578602658E+01    0.261453945718218049E-02   -0.516920991565437624E-01   -0.267352833765708620E+00    0.601220057413786452E-01   -0.109527580270750158E+01
    0.613730448693502583E-02    0.110008602245266403E+03    0.506562246792212068E-01   -0.112797783088894956E+02    0.854727708709997813E+00    0.961429952363824669E+00    0.106696618769867371E-01    0.126839133498692513E+01   -0.171972578711341839E+01   -0.994626434981347174E-01   -0.337413887093818632E+01    0.294351354375476651E-02   -0.596111495404944985E-01   -0.279927608024515051E+00    0.501967786582177763E-01   -0.109030577672756612E+01
    0.607577547329097006E-02    0.110028754257505497E+03    0.474009103020993569E-01   -0.111844570017070186E+02    0.853829381280311162E+00    0.955587072938007598E+00    0.872308534512224697E-02    0.126630444128557418E+01   -0.163621164718903422E+01   -0.105292517665479257E+00   -0.350283012351870449E+01    0.101308822010770620E-01   -0.833179780748645876E-01   -0.210417390771671098E+00    0.459820811806724294E-01   -0.107364813301341000E+01
    0.610746117938924457E-02    0.110018351183694421E+03    0.554274742665703327E-01   -0.112260539575745781E+02    0.860947136443864114E+00    0.952980405984695356E+00    0.102028593983992544E-01    0.125433190331683342E+01   -0.169155635386728109E+01   -0.971635315062226168E-01   -0.325251720296823166E+01   -0.298735986622274893E-01   -0.403870167078549391E-01   -0.233164090655378048E+00    0.447511054736443106E-01   -0.109333232493712096E+01
    0.651738427834549702E-02    0.109888427297234941E+03    0.549392199749855412E-01   -0.112253487533938063E+02    0.843294994686843324E+00    0.971805746370997925E+00    0.999161951647681290E-02    0.125639676390379740E+01   -0.169774942975977550E+01   -0.101840682593845072E+00   -0.324741158614491310E+01    0.356144886540352753E-02   -0.846053118955262112E-01   -0.145144716323741874E+00    0.398223398765072262E-01   -0.106680195051367233E+01
    0.618990511973543933E-02    0.109991534002338511E+03    0.575691340442543512E-01   -0.110549150108650238E+02    0.852266614501362652E+00    0.926746652102123925E+00    0.892279062428519808E-02    0.125131447467599721E+01   -0.161391564664223841E+01   -0.102196877266584774E+00   -0.318937051249652104E+01    0.843640231569737359E-02   -0.878947636345975974E-01   -0.125337718324597919E+00    0.489282844913687745E-01   -0.108402013519297080E+01
    0.648069431037504549E-02    0.109899718216940073E+03    0.553652111277097778E-01   -0.111334829019889234E+02    0.857758792379375912E+00    0.957780316744745730E+00    0.994389670074675124E-02    0.125265795587505635E+01   -0.189824512107907784E+01   -0.948935498848337694E-01   -0.310848791132780278E+01    0.229397384340314543E-01   -0.740555477714202048E-01   -0.225640774165660307E+00    0.273198173840872929E-01   -0.108987167030318011E+01
    0.619387971421329116E-02    0.109990250196242840E+03    0.519800181766791186E-01   -0.111450722241389020E+02    0.843669039876205784E+00    0.953371687166591153E+00    0.973394269806132119E-02    0.125594451100772608E+01   -0.173972092336473239E+01   -0.984657161428427047E-01   -0.301991070871469747E+01    0.327752742917217094E-01   -0.407502226734501247E-01   -0.287993695133486882E+00    0.463711818983624444E-01   -0.109844300405831707E+01
    0.618975303692241054E-02    0.109991583141922533E+03    0.549685622260817977E-01   -0.111989753411922504E+02    0.854153772152270729E+00    0.914931865341809814E+00    0.994084189967354634E-02    0.126793826442778701E+01   -0.186673998338751712E+01   -0.106747816298176382E+00   -0.341995719364289075E+01    0.763836504883652276E-02   -0.355038679525375017E-01   -0.245443851610244457E+00    0.418162651020622250E-01   -0.109036649033244770E+01
    0.640761888715026418E-02    0.109922398052598922E+03    0.577436852414649274E-01   -0.110011329248918948E+02    0.855492981851322720E+00    0.955608880159593665E+00    0.852862740053128912E-02    0.125080061186434821E+01   -0.164056547036962108E+01   -0.996944710504701070E-01   -0.322563335802012752E+01    0.418234098037700425E-01   -0.573581269736673643E-01   -0.279595895772604741E+00    0.378999121450506876E-01   -0.108949244052383865E+01
    0.623883176648318966E-02    0.109975787623625848E+03    0.537553668989748379E-01   -0.111780216143745204E+02    0.832935343998102318E+00    0.937745511428189626E+00    0.972873104739905951E-02    0.125970412455462233E+01   -0.160239765368913112E+01   -0.101312195682355638E+00   -0.319104585579987665E+01    0.426967090544266431E-01   -0.620499169526722433E-01   -0.345244936149289527E+00    0.266786750368607460E-01   -0.109883278129148243E+01
    0.609036306581265362E-02    0.110023958126188873E+03    0.561133419303012498E-01   -0.113186192422616880E+02    0.853711096518706136E+00    0.918543120723914641E+00    0.930152222322480973E-02    0.127350990412315390E+01   -0.176549898073101796E+01   -0.106037183188544493E+00   -0.329449461279895806E+01    0.231513797184803236E-01   -0.116670443422982606E-01   -0.239419011761284162E+00    0.357816179192781206E-01   -0.109237511700117529E+01
    0.612154034760950365E-02    0.110013746008231905E+03    0.562374707813041233E-01   -0.110238597371400857E+02    0.850455526078251811E+00    0.907926890709492174E+00    0.779646114179062544E-02    0.125999666192703397E+01   -0.156467226952535676E+01   -0.962131910636158660E-01   -0.286802866058585204E+01    0.278264028284619172E-01   -0.197287205572568916E-01   -0.218043023327693097E+00    0.243987059903146251E-01   -0.108071464114059923E+01
    0.621975156510990064E-02    0.109981913590208976E+03    0.571008667006149481E-01   -0.111671042213869463E+02    0.853111982098266997E+00    0.923576674204321546E+00    0.836827659015402896E-02    0.125281862895213969E+01   -0.157181721995653945E+01   -0.101765858698341122E+00   -0.345580982171832263E+01   -0.116215334660799627E-01   -0.699520300301262332E-01   -0.126010580644215553E+00    0.578875087773293301E-01   -0.109766334347322836E+01
    0.631739934361476557E-02    0.109950758265099566E+03    0.560978333753165484E-01   -0.110881527904180732E+02    0.850972980069834906E+00    0.928368401893133743E+00    0.115026572173134757E-01    0.126923127046933248E+01   -0.165346934015902258E+01   -0.928439945073053635E-01   -0.322299970746865627E+01   -0.829702045544853176E-02   -0.960371209020899064E-01   -0.235411866439771411E+00    0.395320089028199928E-01   -0.111113816464374637E+01
    0.619259046763361975E-02    0.109990666536512634E+03    0.559819953885039301E-01   -0.112881037176729784E+02    0.833168904055692661E+00    0.951877896164966653E+00    0.113631697981644887E-01    0.125075430402655829E+01   -0.165838926010022369E+01   -0.981805372273483329E-01   -0.329023075004244925E+01    0.705908119997870117E-02   -0.260575268061779795E-01   -0.213015588840417158E+00    0.558713866309370685E-01   -0.112472706519560339E+01
    0.624394004302575040E-02    0.109974150718968559E+03    0.557438483984650512E-01   -0.112586367239153180E+02    0.858425902823760967E+00    0.951817188290314808E+00    0.983849845382591195E-02    0.125384898442547965E+01   -0.159975274079331697E+01   -0.104778811663553961E+00   -0.385603673257472401E+01   -0.449089395060254214E-03   -0.521580181472641527E-01   -0.242775462701160544E+00    0.517911153515634298E-01   -0.109242081847460115E+01
    0.637254204609215454E-02    0.109933376608915935E+03    0.519120859001127449E-01   -0.110831988778201929E+02    0.857675662291075724E+00    0.962766830155844966E+00    0.105619124450416664E-01    0.126475684113169939E+01   -0.163419264234996242E+01   -0.940888917040484662E-01   -0.346518844693961370E+01    0.781496526619709572E-02   -0.297054015641660361E-01   -0.185057469449461248E+00    0.155911573396362163E-01   -0.109151292665757316E+01
    0.624810033672682039E-02    0.109972818576667251E+03    0.562688402211545188E-01   -0.111195468699512929E+02    0.854408068812819055E+00    0.947218787448556032E+00    0.824889282630580922E-02    0.125358735187061399E+01   -0.164169816030573790E+01   -0.100746776329470031E+00   -0.343599911922479073E+01    0.124853643995391939E-01   -0.195218045229395773E-01   -0.542105071921746284E-01    0.244357841977874551E-01   -0.110658327426429004E+01
    0.635127135280681276E-02    0.109940063507704309E+03    0.480156466926351805E-01   -0.111989318972034511E+02    0.851924689934064561E+00    0.972201033632625222E+00    0.966734713694589881E-02    0.126003916040970854E+01   -0.163061703749615683E+01   -0.960389495757547895E-01   -0.334365808494904027E+01    0.171885261382637572E-01   -0.530596948035911703E-01   -0.909191212214557343E-01    0.329272479218730083E-01   -0.110862097044605945E+01
    0.633490011893357487E-02    0.109945225425308081E+03    0.591045683756344503E-01   -0.109780881344608883E+02    0.854455407342206263E+00    0.927853183758051925E+00    0.960269852796942665E-02    0.124971012521422309E+01   -0.156590851373025797E+01   -0.955043400553837740E-01   -0.323021584109527016E+01   -0.993956147588918870E-02   -0.199107891369517190E-01    0.360137870644787750E-01    0.401809962231612708E-01   -0.108470723899852994E+01
    0.607846997534305326E-02    0.110027867488480595E+03    0.592315342101134637E-01   -0.112102287707148704E+02    0.836451740319000603E+00    0.917351928009023432E+00    0.103898439096941648E-01    0.126644055074050077E+01   -0.141019011603246591E+01   -0.999578512141310743E-01   -0.311862431728397294E+01   -0.133448797166526266E-01   -0.341488785035187065E-01   -0.122769305060489983E+00    0.263105818937692873E-01   -0.108359375431313465E+01
    0.616072005499391888E-02    0.110000986193997377E+03    0.525608793128667443E-01   -0.111591457704834021E+02    0.849442680327387234E+00    0.923850978565059155E+00    0.817019039074844133E-02    0.126085420570852857E+01   -0.153152357290788199E+01   -0.101086822887992880E+00   -0.345183549135342771E+01   -0.924551710526786905E-02   -0.184494231024279753E-01   -0.238163466756168424E+00    0.252004587375484201E-01   -0.107342374246793915E+01
    0.617795646937810503E-02    0.109995398422711816E+03    0.540000366128980530E-01   -0.111664100868496945E+02    0.854843094597500852E+00    0.922626018523797664E+00    0.936195291927377493E-02    0.126328025153575219E+01   -0.172691816452916935E+01   -0.952728694322224345E-01   -0.362081444606558600E+01    0.411693795057832025E-02    0.166598048252287328E-02   -0.193739537689561592E+00    0.191476906005982050E-01   -0.110198391189170519E+01
    0.634895897970134526E-02    0.109940791800993637E+03    0.507081938515533195E-01   -0.112339843652967524E+02    0.840665999003441744E+00    0.950451367296180183E+00    0.918076983253118817E-02    0.126586740256895980E+01   -0.159925448604081710E+01   -0.983788743962498574E-01   -0.322450545318312631E+01    0.555761480750297486E-02   -0.406761941786177028E-01   -0.326071558052980159E+00    0.282684790067150651E-01   -0.109227605991710885E+01
    0.645009296699622630E-02    0.109909184431131294E+03    0.532924502780470905E-01   -0.110285648399346421E+02    0.844874957304981189E+00    0.956264401458103208E+00    0.113932025568233702E-01    0.125558464736032249E+01   -0.154764352048758225E+01   -0.915904136019096982E-01   -0.327760933534984567E+01    0.400264669876763176E-02   -0.349929077842283803E-01   -0.606677100092222754E-01    0.293497588681376625E-01   -0.110117047849971406E+01
    0.638901172287841251E-02    0.109928214326570625E+03    0.558841307200926424E-01   -0.109124534680085610E+02    0.844819614660892171E+00    0.960393816946300216E+00    0.977879956032287612E-02    0.124979491817409971E+01   -0.141909684273384062E+01   -0.990953340829683338E-01   -0.337009818887955381E+01    0.762090915099500592E-02   -0.351407543643498937E-01   -0.953603092043140976E-01    0.369863853860080694E-01   -0.108598112253176726E+01
    0.631014893180688492E-02    0.109953054961955203E+03    0.550979774891282234E-01   -0.112433383373664881E+02    0.849353206821978679E+00    0.960282735892981631E+00    0.840126091659335918E-02    0.124935040668788511E+01   -0.167470482222983819E+01   -0.100788417057980306E+00   -0.323911969200571681E+01    0.517248366123604190E-02   -0.449011565558619166E-01   -0.313504165802134915E+00    0.531856128134436459E-01   -0.110321377248049601E+01
    0.618261741839809444E-02    0.109993890094932468E+03    0.553391101623457102E-01   -0.112152509897320076E+02    0.853238539385723915E+00    0.940013778701460190E+00    0.818676578897008581E-02    0.126151348044091227E+01   -0.157429527584859064E+01   -0.926998557214095686E-01   -0.337984670653837105E+01   -0.428537648189353335E-02   -0.463405297995948817E-01   -0.184821101936531396E+00    0.395714471638517890E-01   -0.109700718646381246E+01
    0.613974094616400509E-02    0.110007808419333529E+03    0.573753818996483797E-01   -0.111816807834210152E+02    0.860517541653929574E+00    0.934113117444438479E+00    0.983266208828179403E-02    0.125898220688198292E+01   -0.170495501274675632E+01   -0.891401751344789994E-01   -0.332512589102827594E+01   -0.966221005521341811E-02   -0.686344529740254838E-01   -0.108528118975682805E+00    0.378502130225573802E-01   -0.112296687381565241E+01
    0.666171538038494958E-02    0.109844619487493304E+03    0.558709604249010630E-01   -0.111079339878291901E+02    0.850264433858619162E+00    0.957466931866907456E+00    0.113373847865994894E-01    0.126502510031056237E+01   -0.182832233027171620E+01   -0.925635533085567841E-01   -0.315389738346971882E+01    0.232490802438619758E-02   -0.502014804960652095E-01   -0.224356756283952685E+00    0.212331483522411810E-01   -0.111029349396443089E+01
    0.622716519829748672E-02    0.109979531109726395E+03    0.595100752890190474E-01   -0.111841864172410386E+02    0.846626813177562720E+00    0.940121604705259073E+00    0.105299591833008504E-01    0.126098299834255401E+01   -0.169631514848244458E+01   -0.928739213898762961E-01   -0.322959368180021578E+01    0.630568713348012878E-02   -0.517181133123602380E-01   -0.241533346063143306E+00    0.436947343198075960E-01   -0.110221223070387309E+01
    0.612600466762418597E-02    0.110012287978820510E+03    0.569414207334445130E-01   -0.111379847170347706E+02    0.855491965206262917E+00    0.927214066666593117E+00    0.830684925941013383E-02    0.126388220059377998E+01   -0.186749951266020520E+01   -0.108806318781825215E+00   -0.325363829127620408E+01    0.116165091655021403E-01   -0.446806685078450991E-01   -0.260036687287981683E+00    0.456212488983391562E-01   -0.108477069991581199E+01
    0.641287888636047233E-02    0.109920756930827125E+03    0.570997267833263725E-01   -0.112154004633876703E+02    0.858446301332126516E+00    0.954953952707973786E+00    0.938300198207604047E-02    0.124641572624914643E+01   -0.160826087704965537E+01   -0.100478935276704567E+00   -0.338213127102431654E+01    0.122351507076133726E-01   -0.588599261091295456E-01   -0.196691889517410373E+00    0.420843761815336559E-01   -0.107576522936017183E+01
    0.633979229070195677E-02    0.109943681507127437E+03    0.590373899140447800E-01   -0.112388568886474740E+02    0.854486751832686187E+00    0.968924010077946041E+00    0.939369507496151668E-02    0.125201972683827112E+01   -0.162520750118910762E+01   -0.100012746200986977E+00   -0.346990538334467979E+01    0.714876965913591872E-02   -0.339508397363650280E-01   -0.702609224541673044E-01    0.388726147247233644E-01   -0.111549608369358189E+01
    0.634955755302997384E-02    0.109940603251936736E+03    0.589861482599703946E-01   -0.111217197266248746E+02    0.850128328787859378E+00    0.939767831974094414E+00    0.829834031112201484E-02    0.124669208089639394E+01   -0.165510796043867292E+01   -0.987017283569210924E-01   -0.318515486513359569E+01   -0.434574218987408226E-02   -0.698941112320757008E-01   -0.209892843642625171E+00    0.406265317947441459E-01   -0.107416202906778024E+01
    0.613480524342442136E-02    0.110009416854522698E+03    0.593272906048969151E-01   -0.112145809316467187E+02    0.862037037944128448E+00    0.931452003182548838E+00    0.903260906810908482E-02    0.125305710712699159E+01   -0.174494976019875625E+01   -0.962212128420155133E-01   -0.318596700688989820E+01    0.807314070424688945E-02   -0.447842390295904308E-01   -0.441097289453374342E-01    0.476391515836920160E-01   -0.109723670432785747E+01
    0.612535460496082488E-02    0.110012500220629605E+03    0.525332938653035528E-01   -0.113032497505301066E+02    0.835907449885883058E+00    0.937046290552664418E+00    0.871264083545647029E-02    0.126827318864170024E+01   -0.161856019105652793E+01   -0.102287046546869417E+00   -0.345649896621966990E+01   -0.274652008872133205E-02   -0.420909655718856371E-01   -0.113381695673325386E+00    0.386875648494445085E-01   -0.108440440415027206E+01
    0.617927178062890187E-02    0.109994972660160812E+03    0.553676932462882770E-01   -0.112177842985149496E+02    0.853755833350489990E+00    0.933294217972171603E+00    0.950034296529987839E-02    0.127558162832629307E+01   -0.167981729008709579E+01   -0.100596736152648580E+00   -0.319608887507918915E+01    0.164972468338480532E-02   -0.446199966195757330E-01   -0.214146373419000613E+00    0.258156545654011256E-01   -0.108243308897432233E+01
    0.634403908459810120E-02    0.109942342229135107E+03    0.575003465361684021E-01   -0.111122813803283940E+02    0.856775544401504607E+00    0.956419080327661320E+00    0.921181174785263950E-02    0.124099248882244484E+01   -0.166710798409327943E+01   -0.940467432994692154E-01   -0.360959357441207196E+01   -0.247754279103281749E-02   -0.546270956501464719E-01   -0.160523317393765963E+00    0.541103585334761009E-01   -0.109112040009992661E+01
