         MJD         m       dm     uJy  duJy F  err  chi/N       RA      Dec        x        y  maj  min   phi  apfit  mag5sig   Sky            Obs     Mask  uJy_offset
57687.483369 18.816441      NaN   -56.5    36 c    0   0.91 56.53985 -40.3383  2060.36  1317.04 4.26 3.54  -8.0 -0.441    19.08 20.90 02a57687o0594c 0xc00800         0.5
57687.496231 18.944322      NaN    -6.5    32 c    0   0.81 56.53985 -40.3383  2046.36  1280.89 4.24 3.62  -7.3 -0.430    19.32 21.13 02a57687o0620c 0xc00800         0.5
57687.509672 19.318728      NaN     5.5    21 c    0   1.11 56.53985 -40.3383  2107.50  1360.53 4.05 3.86 -18.0 -0.406    19.40 21.18 02a57687o0647c 0xc00800         0.5
57699.442164 18.048890      NaN   -34.5    73 c    0   0.47 56.53985 -40.3383  1341.51  1334.68 3.96 3.56  -8.6 -0.470    18.54 20.13 02a57699o0499c 0xc00800         0.5
57699.458584 16.000330      NaN   662.5   261 c    0   0.25 56.53985 -40.3383  1314.57  1294.07 4.18 3.44  -6.4 -0.436    18.97 20.60 02a57699o0531c 0xc00802         0.5
57699.473964 19.351140      NaN   -12.5    22 c    0   1.28 56.53985 -40.3383  1376.02  1372.48 4.14 3.98  -5.6 -0.397    19.10 20.79 02a57699o0561c 0xc00800         0.5
57755.324454 19.510313      NaN     3.5    18 c    0   0.98 56.53985 -40.3383  1657.82   812.42 4.05 3.88 -25.2 -0.407    19.64 21.61 02a57755o0255c 0xc00900         0.5
57807.241736 19.510313      NaN    -7.5    19 c    0   1.15 56.53985 -40.3383  8955.62  1254.58 3.98 3.74  83.5 -0.441    19.45 21.39 02a57807o0028c 0xc00800         0.5
57807.253709 19.419021      NaN     5.5    19 c    0   1.21 56.53985 -40.3383  8943.31  1211.90 3.91 3.72  86.5 -0.445    19.44 21.37 02a57807o0051c 0xc00800         0.5
57807.267740 19.351140      NaN    -5.5    22 c    0   0.98 56.53985 -40.3383  9003.11  1286.80 3.91 3.87 -89.1 -0.439    19.39 21.30 02a57807o0078c 0xc00800         0.5
57807.282256 19.169763      NaN   -20.5    26 c    0   0.92 56.53985 -40.3383  9019.87  1167.28 3.98 3.93  50.2 -0.428    19.32 21.20 02a57807o0106c 0xc00800         0.5
57985.625210 19.922338      NaN   -21.5    13 c    0   1.10 56.53985 -40.3383 10012.18  9180.64 3.54 3.11  54.4 -0.405    19.43 21.30 02a57985o0803c 0xc00900         0.5
57985.633502 18.590371      NaN    16.5    39 c    0   0.99 56.53985 -40.3383 10025.07  9223.38 2.85 2.64  64.0 -0.400    18.62 19.60 02a57985o0820c 0xc00800         0.5
57985.640769 15.843859      NaN   508.5   387 c    0   0.79 56.53985 -40.3383  9963.84  9143.44 3.26 2.75  49.7 -0.448    16.74 17.63 02a57985o0835c 0xc00802         0.5
58013.547655 20.207197      NaN    -2.5    10 c    0   1.43 56.53985 -40.3383  9464.66  6916.94 2.92 2.71  68.3 -0.423    19.53 21.39 02a58013o0719c 0xc00800         0.5
58013.555424 20.321591      NaN    -0.5     9 c    0   1.28 56.53985 -40.3383  9478.60  6956.90 2.75 2.56  62.8 -0.432    19.64 21.43 02a58013o0736c 0xc00800         0.5
58013.568713 20.103715      NaN    -4.5    11 c    0   0.97 56.53985 -40.3383  9413.32  6880.50 2.67 2.53  70.3 -0.453    19.68 21.46 02a58013o0765c 0xc00800         0.5
58013.578300 20.449472      NaN     0.5     8 c    0   1.22 56.53985 -40.3383  9396.75  6997.34 2.77 2.58  72.7 -0.441    19.65 21.48 02a58013o0786c 0xc00800         0.5
58017.569583 20.039830      NaN     2.5    11 c    0   1.20 56.53985 -40.3383  1367.61  4750.91 2.72 2.40  39.2 -0.438    19.54 21.25 02a58017o0629c 0xc00800         0.5
58017.578165 20.207197      NaN   -10.5    10 c    0   1.35 56.53985 -40.3383  1357.30  4715.59 2.72 2.42  44.4 -0.441    19.56 21.31 02a58017o0647c 0xc00800         0.5
58017.586515 20.321591      NaN   -13.5     9 c    0   1.40 56.53985 -40.3383  9037.23  5653.02 2.82 2.50  68.5 -0.453    19.57 21.36 02a58017o0664c 0xc00800         0.5
58017.593987 19.491430      NaN    25.5    11 c    0   1.21 56.53985 -40.3383  9015.21  5771.93 2.88 2.53  67.3 -0.450    19.55 21.36 02a58017o0679c 0xc00800         0.5
58021.566686 19.183773      NaN    26.5    17 c    0   1.18 56.53985 -40.3383  4056.84  6036.33 2.78 2.52  64.7 -0.459    18.93 21.37 02a58021o0758c 0xc00800         0.5
58021.575455 19.841877      NaN    -1.5    14 c    0   1.19 56.53985 -40.3383  4029.89  6018.13 2.73 2.58  54.9 -0.447    19.09 21.39 02a58021o0777c 0xc00900         0.5
58021.585155 19.766969      NaN   -11.5    15 c    0   1.12 56.53985 -40.3383  6363.31  4375.58 2.54 2.35  28.3 -0.439    19.11 21.32 02a58021o0797c 0xc00900         0.5
58021.589126 20.009244      NaN     0.5    12 c    0   1.79 56.53985 -40.3383  4118.77  5955.26 2.86 2.65  24.1 -0.432    19.25 21.40 02a58021o0804c 0xc00800         0.5
58049.485957 19.351140      NaN   -13.5    22 c    0   1.10 56.53985 -40.3383  1248.45  5252.24 2.88 2.64  48.8 -0.474    18.72 21.03 02a58049o0454c 0xc00900         0.5
58049.487326 19.351140      NaN   -25.5    22 c    0   0.87 56.53985 -40.3383  1263.16  5291.66 2.83 2.61  46.4 -0.476    18.86 21.16 02a58049o0457c 0xc00800         0.5
58049.496641 19.589310      NaN     2.5    17 c    0   0.81 56.53985 -40.3383  9148.22  5116.26 2.84 2.38  33.5 -0.436    19.15 21.21 02a58049o0477c 0xc00800         0.5
58049.500465 19.014394      NaN    39.5    17 c    0   1.28 56.53985 -40.3383  1325.98  5212.50 2.69 2.41  15.5 -0.422    19.07 21.02 02a58049o0485c 0xc00800         0.5
58073.436399 19.979496      NaN     4.5    11 c    0   1.00 56.53985 -40.3383  1565.02  6382.91 2.75 2.38  33.3 -0.437    19.60 21.42 02a58073o0215c 0xc00900         0.5
58073.449070 20.009244      NaN     6.5    10 c    0   1.24 56.53985 -40.3383  1581.26  6265.97 2.92 2.60  39.8 -0.430    19.53 21.46 02a58073o0242c 0xc00800         0.5
58081.387573 19.841877      NaN     6.5    12 c    0   1.12 56.53985 -40.3383  9251.79  6298.97 3.37 2.96  74.3 -0.457    19.38 21.36 02a58081o0254c 0xc00800         0.5
58081.397171 19.841877      NaN    -4.5    14 c    0   1.08 56.53985 -40.3383  9265.55  6340.49 3.33 2.96  68.7 -0.454    19.34 21.36 02a58081o0275c 0xc00800         0.5
58081.401458 19.841877      NaN     6.5    12 c    0   0.76 56.53985 -40.3383  1263.29  4066.83 2.97 2.49  41.9 -0.425    19.53 21.29 02a58081o0284c 0xc00800         0.5
58081.403283 20.009244      NaN     3.5    11 c    0   1.11 56.53985 -40.3383  1233.80  4182.43 3.06 2.52  42.3 -0.413    19.53 21.30 02a58081o0288c 0xc00800         0.5
58109.363286 20.449472      NaN   -16.5     8 c    0   1.30 56.53985 -40.3383  4125.41  4883.67 5.24 4.08  10.2 -0.485    19.00 22.00 02a58109o0002c 0xc00800         0.5
58161.268105 20.103715      NaN   -15.5    11 c    0   1.09 56.53985 -40.3383  1321.11  5231.26 2.53 2.35  44.3 -0.445    19.52 21.26 02a58161o0131c 0xc00800         0.5
58161.276585 19.868040      NaN    11.5    10 c    0   0.89 56.53985 -40.3383  1308.38  5190.38 2.49 2.31  44.1 -0.444    19.52 21.30 02a58161o0149c 0xc00800         0.5
58161.285018 19.743105      NaN    16.5    10 c    0   1.36 56.53985 -40.3383  1369.82  5268.55 2.44 2.28  32.9 -0.448    19.50 21.30 02a58161o0167c 0xc00900         0.5
58161.293300 19.631075      NaN    15.5    12 c    0   1.10 56.53985 -40.3383  1388.40  5151.12 2.42 2.26  38.0 -0.447    19.49 21.23 02a58161o0185c 0xc00800         0.5
58337.628600 18.889197      NaN     5.5    32 c    0   0.99 56.53985 -40.3383  6785.28  6018.41 2.91 2.55 -43.5 -0.398    18.52 20.02 02a58337o0851c 0xc00800         0.5
58337.636615 16.876101      NaN   132.5   171 c    0   1.12 56.53985 -40.3383  6798.08  6057.53 3.00 2.57 -40.0 -0.450    16.65 17.99 02a58337o0868c 0xc00802         0.5
58341.623069 20.009244      NaN   -14.5    12 c    0   1.20 56.53985 -40.3383  9450.87  5505.20 2.72 2.58  64.5 -0.426    19.48 21.14 02a58341o0847c 0xc00800         0.5
58341.626735 19.696897      NaN    -7.5    16 c    0   1.00 56.53985 -40.3383  9420.44  5465.66 2.78 2.73 -61.2 -0.408    19.08 20.47 02a58341o0855c 0xc00900         0.5
58341.627193 19.569016      NaN   -18.5    18 c    0   1.14 56.53985 -40.3383  9479.66  5545.12 2.73 2.67 -83.2 -0.405    19.07 20.38 02a58341o0856c 0xc00800         0.5
58345.609362 19.302877      NaN    -6.5    23 c    0   1.24 56.53985 -40.3383  9512.23  6941.99 2.65 2.53  44.5 -0.417    18.77 20.69 02a58345o0818c 0xc00800         0.5
58345.617295 17.564935      NaN   111.5    77 c    0   1.18 56.53985 -40.3383  9540.22  6982.49 2.69 2.54  43.4 -0.409    16.90 18.72 02a58345o0835c 0xc00800         0.5
58345.624316 18.317510      NaN    45.5    42 c    0   1.21 56.53985 -40.3383    63.34  6989.16 2.36 2.27  -0.9 -0.404    18.37 19.98 02a58345o0850c 0xc00800         0.5
58345.625252 18.720295      NaN    22.5    32 c    0   1.31 56.53985 -40.3383  9479.48  6902.66 2.59 2.49  48.8 -0.421    18.61 20.23 02a58345o0852c 0xc00800         0.5
58345.632246 17.913871      NaN    95.5    51 c    0   0.97 56.53985 -40.3383    90.59  7026.21 2.37 2.24 -13.1 -0.386    17.90 18.98 02a58345o0867c 0xc00800         0.5
58345.633171 17.858399      NaN    27.5    78 c    0   1.59 56.53985 -40.3383  9447.71  7017.71 2.62 2.49  50.5 -0.421    17.77 18.78 02a58345o0869c 0xc00800         0.5
58397.631034 20.103715      NaN    -2.5    11 c    0   1.17 56.53985 -40.3383  3735.42  3538.77 2.96 2.73 -74.5 -0.380    19.39 21.24 02a58397o0040c 0xc00800         0.5
58401.483949 19.674510      NaN    13.5    12 c    0   0.73 56.53985 -40.3383  7196.00  6307.88 2.79 2.73  40.2 -0.403    19.47 21.30 02a58401o0623c 0xc00900         0.5
58401.493550 20.207197      NaN    -1.5    10 c    0   1.15 56.53985 -40.3383  7223.18  6347.15 2.63 2.53  75.3 -0.425    19.59 21.32 02a58401o0644c 0xc00900         0.5
58401.504563 20.321591      NaN    -7.5     9 c    0   1.60 56.53985 -40.3383  7160.56  6267.78 2.76 2.62 -62.4 -0.397    19.57 21.32 02a58401o0668c 0xc00800         0.5
58401.511472 19.569016      NaN    24.5    10 c    0   0.88 56.53985 -40.3383  7128.57  6383.25 2.70 2.56 -61.1 -0.400    19.59 21.32 02a58401o0683c 0xc00900         0.5
58405.570167 20.207197      NaN    -2.5    10 c    0   1.21 56.53985 -40.3383  4174.55  4068.55 2.65 2.50  53.1 -0.411    19.56 21.43 02a58405o0745c 0xc00800         0.5
58405.580460 19.791368      NaN    11.5    11 c    0   1.06 56.53985 -40.3383  4161.90  4029.45 2.59 2.45  62.5 -0.420    19.59 21.39 02a58405o0767c 0xc00800         0.5
58405.590207 20.039830      NaN     2.5    11 c    0   1.09 56.53985 -40.3383  4221.50  4108.40 2.62 2.47  68.1 -0.422    19.56 21.36 02a58405o0788c 0xc00900         0.5
58405.600444 20.207197      NaN    -3.5    10 c    0   0.96 56.53985 -40.3383  4236.26  3994.57 2.69 2.50 -85.0 -0.397    19.48 21.32 02a58405o0810c 0xc00800         0.5
58429.512687 19.922338      NaN     8.5    10 c    0   1.43 56.53985 -40.3383  1563.97  5607.13 2.63 2.47  34.3 -0.442    19.55 21.42 02a58429o0702c 0xc00900        -0.5
58429.522462 20.039830      NaN     4.5    10 c    0   1.19 56.53985 -40.3383  1550.44  5567.51 2.62 2.53  77.3 -0.424    19.53 21.41 02a58429o0723c 0xc00900        -0.5
58429.533183 19.950541      NaN     7.5    10 c    0   1.34 56.53985 -40.3383  1611.31  5646.86 2.58 2.46  30.8 -0.436    19.49 21.33 02a58429o0746c 0xc00800        -0.5
58429.542990 19.868040      NaN     7.5    11 c    0   0.84 56.53985 -40.3383  1628.18  5530.82 2.53 2.45  39.8 -0.449    19.46 21.28 02a58429o0767c 0xc00900        -0.5
58433.506852 12.864657      NaN -2260.5  8650 c    0   1.10 56.53985 -40.3383  3627.02  4031.82 2.83 2.65  53.4 -0.427    13.71 15.69 02a58433o0666c 0xc00802        -0.5
58433.536250 16.367907      NaN   444.5   195 c    0   1.20 56.53985 -40.3383  3675.41  3957.77 2.88 2.67  86.0 -0.339    16.39 18.31 02a58433o0729c 0xc00802        -0.5
58485.362562 19.922338      NaN     2.5    12 c    0   0.91 56.53985 -40.3383  4100.36  4618.52 2.69 2.56 -78.0 -0.394    19.40 21.44 02a58485o0366c 0xc00800        -0.5
58485.371357 20.207197      NaN   -10.5    10 c    0   1.12 56.53985 -40.3383  4086.09  4580.55 2.78 2.58 -75.0 -0.387    19.42 21.40 02a58485o0385c 0xc00800        -0.5
58485.380122 20.009244      NaN    -6.5    12 c    0   0.88 56.53985 -40.3383  4146.50  4659.03 2.82 2.64 -73.6 -0.382    19.33 21.37 02a58485o0404c 0xc00800        -0.5
58485.388884 19.979496      NaN     3.5    11 c    0   1.24 56.53985 -40.3383  4163.73  4543.39 2.80 2.59 -83.3 -0.387    19.31 21.34 02a58485o0423c 0xc00800        -0.5
58493.323469 19.674510      NaN    18.5    10 c    0   1.00 56.53985 -40.3383  4283.65  2684.19 2.70 2.52  69.7 -0.389    19.49 21.47 02a58493o0275c 0xc00800        -0.5
58493.331739 20.282105      NaN     0.5     9 c    0   1.43 56.53985 -40.3383  4270.07  2645.99 2.76 2.56  85.0 -0.385    19.45 21.44 02a58493o0293c 0xc00800        -0.5
58493.339164 19.816329      NaN    12.5    10 c    0   1.02 56.53985 -40.3383  4314.78  2725.41 2.70 2.54  85.5 -0.388    19.47 21.46 02a58493o0309c 0xc00900        -0.5
58493.347510 19.894850      NaN     6.5    11 c    0   1.00 56.53985 -40.3383  4344.58  2610.49 2.91 2.70 -82.4 -0.379    19.39 21.43 02a58493o0327c 0xc00800        -0.5
58705.606667 18.255804      NaN    36.5    48 c    0   1.11 56.53985 -40.3383 10138.02  3878.37 2.73 2.50  26.8 -0.389    17.93 19.74 02a58705o0811c 0xc00900        -0.5
58705.609469 17.833722      NaN    86.5    60 c    0   1.17 56.53985 -40.3383 10156.71  3917.83 2.71 2.44  27.2 -0.399    17.87 19.69 02a58705o0817c 0xc00900        -0.5
58705.616264 18.481707      NaN   -38.5    49 c    0   1.01 56.53985 -40.3383 10097.64  3839.08 2.71 2.43  28.8 -0.384    17.79 19.58 02a58705o0830c 0xc00800        -0.5
58705.621440 16.705133      NaN   223.5   177 c    0   0.39 56.53985 -40.3383 10074.04  3955.45 2.65 2.43  31.1 -0.393    17.86 19.50 02a58705o0841c 0xc00802        -0.5
58705.624318 17.740268      NaN   -66.5    97 c    0   0.94 56.53985 -40.3383   262.79  3855.68 2.40 2.27  26.4 -0.387    17.14 18.48 02a58705o0847c 0xc00900        -0.5
58705.627461 15.959772      NaN  -169.5   500 c    0   1.01 56.53985 -40.3383   281.47  3892.31 2.36 2.27 -53.7 -0.432    16.79 17.90 02a58705o0853c 0xc00802        -0.5
58705.630238 17.533643      NaN     6.5   115 c    0   1.35 56.53985 -40.3383 10111.51  3897.48 2.54 2.50  49.1 -0.399    17.47 18.44 02a58705o0859c 0xc00800        -0.5
58705.630696 17.949472      NaN    32.5    69 c    0   1.07 56.53985 -40.3383   220.52  3817.00 2.48 2.30  22.6 -0.366    16.88 17.81 02a58705o0860c 0xc00800        -0.5
58705.633924 17.809593      NaN   -23.5    91 c    0   1.02 56.53985 -40.3383   199.89  3933.86 2.43 2.34  17.4 -0.354    16.79 17.61 02a58705o0867c 0xc00800        -0.5
58721.612766 19.302877      NaN    -1.5    23 c    0   0.94 56.53985 -40.3383  8560.48  1880.45 2.62 2.55  78.9 -0.416    18.66 20.70 02a58721o0814c 0xc00800        -0.5
58721.615565 19.436675      NaN    12.5    16 c    0   0.98 56.53985 -40.3383  8578.36  1920.17 2.72 2.51  29.8 -0.392    18.81 20.84 02a58721o0820c 0xc00800        -0.5
58721.622014 19.472870      NaN    19.5    13 c    0   1.65 56.53985 -40.3383  8517.72  1839.99 2.53 2.48  48.6 -0.412    18.85 20.88 02a58721o0834c 0xc00800        -0.5
58721.631391 19.454622      NaN   -15.5    20 c    0   0.97 56.53985 -40.3383  8494.76  1956.90 2.61 2.48  30.4 -0.409    18.78 20.89 02a58721o0854c 0xc00800        -0.5
58721.640243 17.922662      NaN   -28.5    82 c    0   0.95 56.53985 -40.3383  8533.82  1899.82 2.71 2.52  21.4 -0.405    17.03 19.66 02a58721o0873c 0xc00800        -0.5
58729.540913 20.103715      NaN    -5.5    11 c    0   1.34 56.53985 -40.3383  4438.82  6004.10 2.71 2.33  36.2 -0.378    19.40 21.10 02a58729o0705c 0xc00800        -0.5
58729.543703 20.009244      NaN    -5.5    12 c    0   0.93 56.53985 -40.3383  4457.57  6042.89 2.56 2.32  33.2 -0.381    19.43 21.11 02a58729o0711c 0xc00900        -0.5
58729.550065 19.743105      NaN    12.5    11 c    0   1.00 56.53985 -40.3383  4399.84  5966.10 2.56 2.31  38.2 -0.383    19.35 21.06 02a58729o0724c 0xc00900        -0.5
58729.561952 20.103715      NaN    -1.5    11 c    0   1.28 56.53985 -40.3383  4380.91  6079.93 2.53 2.30  38.6 -0.384    19.38 21.10 02a58729o0749c 0xc00800        -0.5
58753.591276 19.674510      NaN    15.5    11 c    0   1.05 56.53985 -40.3383  1082.62   674.49 2.49 2.27 -81.3 -0.424    19.57 21.35 02a58753o0683c 0xc00800        -0.5
58753.594551 19.979496      NaN     3.5    11 c    0   0.85 56.53985 -40.3383  1064.15   632.59 2.64 2.28 -69.2 -0.419    19.54 21.34 02a58753o0690c 0xc00800        -0.5
58753.600088 20.171596      NaN     0.5    10 c    0   0.80 56.53985 -40.3383  1122.32   713.55 2.56 2.27 -72.0 -0.422    19.50 21.33 02a58753o0702c 0xc00800        -0.5
58753.610663 19.766969      NaN     8.5    12 c    0   0.63 56.53985 -40.3383  1141.14   599.81 2.63 2.25 -69.1 -0.418    19.54 21.33 02a58753o0725c 0xc00800        -0.5
58757.605948 20.449472      NaN   -11.5     8 c    0   1.82 56.53985 -40.3383  6855.34   961.42 2.80 2.50 -66.1 -0.400    19.46 21.37 02a58757o0294c 0xc00800        -0.5
58757.608820 19.868040      NaN    10.5    10 c    0   1.08 56.53985 -40.3383  6836.86   923.70 2.82 2.47 -64.1 -0.400    19.45 21.35 02a58757o0300c 0xc00800        -0.5
58757.614094 19.631075      NaN    17.5    11 c    0   0.95 56.53985 -40.3383  6893.46  1003.98 2.94 2.59 -62.4 -0.392    19.42 21.34 02a58757o0311c 0xc00900        -0.5
58761.454101 19.743105      NaN     3.5    14 c    0   1.06 56.53985 -40.3383  3713.61  9601.78 2.67 2.49 -69.4 -0.391    19.39 21.10 02a58761o0176c 0xc00800        -0.5
58761.456948 19.472870      NaN    22.5    12 c    0   1.50 56.53985 -40.3383  3728.76  9640.49 2.61 2.45  59.3 -0.381    19.40 21.09 02a58761o0182c 0xc00800        -0.5
58761.466750 19.816329      NaN     3.5    13 c    0   1.48 56.53985 -40.3383  3664.55  9565.41 2.63 2.48 -81.4 -0.385    19.40 21.13 02a58761o0202c 0xc00800        -0.5
58761.488438 19.841877      NaN   -10.5    14 c    0   0.90 56.53985 -40.3383  3644.73  9680.21 2.76 2.35 -64.7 -0.391    19.50 21.21 02a58761o0245c 0xc00800        -0.5
58761.646105 18.208845      NaN   -12.5    63 c    0   1.32 56.53985 -40.3383  6881.32   943.99 2.80 2.44 -62.0 -0.405    17.54 18.49 02a58761o0581c 0xc00800        -0.5
58781.450668 20.321591      NaN    -1.5     9 c    0   1.37 56.53985 -40.3383  2309.75  4193.81 2.65 2.40  36.8 -0.387    19.39 21.08 02a58781o0580c 0xc00800        -0.5
58781.453494 19.979496      NaN     3.5    11 c    0   0.86 56.53985 -40.3383  2328.41  4232.11 2.64 2.36  37.0 -0.387    19.39 21.09 02a58781o0586c 0xc00900        -0.5
58781.469894 19.631075      NaN    17.5    11 c    0   0.99 56.53985 -40.3383  2263.28  4156.71 2.65 2.26  35.1 -0.384    19.42 21.09 02a58781o0621c 0xc00800        -0.5
58781.475413 19.922338      NaN     8.5    10 c    0   1.05 56.53985 -40.3383  2242.54  4272.63 2.62 2.29  34.4 -0.387    19.43 21.09 02a58781o0633c 0xc00800        -0.5
58785.523942 19.868040      NaN     4.5    12 c    0   1.03 56.53985 -40.3383  8249.95  6365.90 2.61 2.42 -72.0 -0.397    19.51 21.19 02a58785o0584c 0xc00800        -0.5
58785.527634 19.696897      NaN    11.5    12 c    0   0.91 56.53985 -40.3383  8230.40  6328.12 2.59 2.46 -84.0 -0.396    19.49 21.20 02a58785o0592c 0xc00900        -0.5
58785.533207 19.816329      NaN     6.5    12 c    0   0.78 56.53985 -40.3383  8289.83  6405.32 2.60 2.46 -76.2 -0.396    19.50 21.19 02a58785o0604c 0xc00800        -0.5
58785.543328 20.207197      NaN    -3.5    10 c    0   1.09 56.53985 -40.3383  8309.94  6289.70 2.55 2.40 -79.8 -0.396    19.53 21.13 02a58785o0626c 0xc00900        -0.5
58789.387866 20.009244      NaN    -2.5    12 c    0   1.33 56.53985 -40.3383  9865.75  7855.04 2.72 2.53  51.0 -0.400    19.41 21.00 02a58789o0344c 0xc00800        -0.5
58789.391617 19.766969      NaN     5.5    13 c    0   0.96 56.53985 -40.3383  9885.95  7893.79 2.90 2.58 -73.0 -0.390    19.45 21.02 02a58789o0352c 0xc00800        -0.5
58789.397139 19.529530      NaN    16.5    13 c    0   1.06 56.53985 -40.3383  9826.97  7814.55 2.85 2.57 -76.2 -0.392    19.44 21.06 02a58789o0364c 0xc00900        -0.5
58789.407865 20.009244      NaN    -8.5    12 c    0   1.13 56.53985 -40.3383  9806.22  7931.04 2.88 2.65 -76.5 -0.386    19.42 21.09 02a58789o0386c 0xc00800        -0.5
58789.410721 20.009244      NaN     8.5     9 c    0   1.11 56.53985 -40.3383   159.05  7847.64 2.39 2.18 -43.0 -0.387    19.45 21.05 02a58789o0392c 0xc00800        -0.5
58789.414542 20.207197      NaN    -6.5    10 c    0   1.19 56.53985 -40.3383   178.66  7885.20 2.42 2.07 -51.1 -0.406    19.47 21.07 02a58789o0400c 0xc00800        -0.5
58789.421535 20.039830      NaN     4.5    10 c    0   1.31 56.53985 -40.3383   120.41  7807.96 2.48 2.14 -51.2 -0.384    19.51 21.11 02a58789o0415c 0xc00800        -0.5
58789.431336 19.529530      NaN    22.5    11 c    0   0.96 56.53985 -40.3383    92.62  7926.79 2.31 2.12 -41.0 -0.379    19.49 21.15 02a58789o0435c 0xc00800        -0.5
58813.478937 20.137125      NaN     1.5    10 c    0   1.02 56.53985 -40.3383  6305.75  6486.34 2.68 2.37  47.7 -0.383    19.57 21.44 02a58813o0183c 0xc00800        -0.5
58813.481719 20.103715      NaN    -4.5    11 c    0   0.95 56.53985 -40.3383  6287.12  6448.72 2.67 2.38  47.5 -0.383    19.57 21.44 02a58813o0189c 0xc00900        -0.5
58813.486887 19.743105      NaN    15.5    10 c    0   1.32 56.53985 -40.3383  6346.33  6527.88 2.76 2.41  46.8 -0.377    19.57 21.43 02a58813o0200c 0xc00800        -0.5
58813.496854 19.868040      NaN    10.5    10 c    0   1.23 56.53985 -40.3383  6367.73  6413.96 2.81 2.43  44.6 -0.375    19.53 21.40 02a58813o0221c 0xc00800        -0.5
58817.363639 19.816329      NaN    15.5     9 c    0   1.56 56.53985 -40.3383  4278.61  4086.52 2.65 2.33  34.1 -0.389    19.43 21.77 02a58817o0391c 0xc00800        -0.5
58817.366883 19.549093      NaN    18.5    12 c    0   0.87 56.53985 -40.3383  4298.05  4124.67 2.92 2.68  35.5 -0.377    19.26 21.76 02a58817o0398c 0xc00800        -0.5
58817.379653 20.009244      NaN     5.5    10 c    0   1.05 56.53985 -40.3383  4234.64  4046.53 2.75 2.45  30.2 -0.388    19.30 21.72 02a58817o0425c 0xc00800        -0.5
58817.388875 19.922338      NaN    -5.5    13 c    0   1.10 56.53985 -40.3383  4211.45  4161.16 2.99 2.79  27.8 -0.394    19.13 21.68 02a58817o0444c 0xc00800        -0.5
58841.342359 19.454622      NaN    14.5    15 c    0   0.98 56.53985 -40.3383  2588.81  2662.23 2.48 2.26  49.9 -0.401    19.22 21.14 02a58841o0339c 0xc00800        -0.5
58841.346082 19.766969      NaN    -4.5    15 c    0   0.86 56.53985 -40.3383  2571.12  2620.97 2.47 2.36 -89.9 -0.399    19.38 21.32 02a58841o0347c 0xc00800        -0.5
58841.352105 20.103715      NaN     5.5     9 c    0   0.96 56.53985 -40.3383  2629.62  2701.31 2.43 2.32  81.0 -0.400    19.70 21.66 02a58841o0360c 0xc00900        -0.5
58841.364131 20.207197      NaN    -0.5    10 c    0   0.84 56.53985 -40.3383  2654.21  2587.28 2.48 2.35 -87.6 -0.398    19.66 21.65 02a58841o0386c 0xc00800        -0.5
58845.337364 20.449472      NaN    -7.5     8 c    0   1.40 56.53985 -40.3383  4486.45  2600.17 2.63 2.48  67.8 -0.393    19.64 21.65 02a58845o0324c 0xc00800        -0.5
58845.342881 19.841877 0.284359    41.5    11 c    0   3.75 56.53985 -40.3383  4469.79  2563.35 2.71 2.58 -87.9 -0.389    19.60 21.69 02a58845o0336c 0xc00800        -0.5
58845.345689 19.979496      NaN     9.5     9 c    0   1.20 56.53985 -40.3383  4527.47  2640.87 2.70 2.55 -85.2 -0.384    19.59 21.69 02a58845o0342c 0xc00800        -0.5
58845.355611 20.071303      NaN     3.5    10 c    0   0.97 56.53985 -40.3383  4549.44  2528.53 2.76 2.59  59.0 -0.382    19.58 21.76 02a58845o0363c 0xc00800        -0.5
59077.603446 19.609992      NaN    16.0    13 c    0   0.91 56.53985 -40.3383  5691.89  9977.99 2.70 2.52  67.7 -0.400    19.50 21.43 02a59077o0807c 0xc00800         3.0
59077.621003 20.009244      NaN   -20.0    12 c    0   1.12 56.53985 -40.3383  5710.25 10018.02 2.64 2.43  56.8 -0.400    19.45 21.28 02a59077o0845c 0xc00800         3.0
59077.625161 16.795038 0.031244   698.0    20 c    0  37.58 56.53985 -40.3383  5656.09  9937.40 2.65 2.51 -78.3 -0.401    19.36 20.93 02a59077o0854c 0xc00801         3.0
59077.633429 18.104842      NaN    19.0    64 c    0   0.77 56.53985 -40.3383  5636.92 10054.17 2.61 2.44  63.3 -0.409    18.07 19.22 02a59077o0872c 0xc00800         3.0
59137.502856 20.449472      NaN    -3.0     8 c    0   1.51 56.53985 -40.3383  2597.54  2136.90 2.37 2.32 -26.1 -0.397    19.54 21.33 02a59137o0674c 0xc00800         3.0
59137.504731 20.171596      NaN     7.0     9 c    0   0.94 56.53985 -40.3383  2616.75  2175.95 2.47 2.31  37.9 -0.396    19.56 21.33 02a59137o0678c 0xc00800         3.0
59137.507475 19.868040      NaN    17.0     9 c    0   1.68 56.53985 -40.3383  2556.55  2097.46 2.41 2.28 -60.6 -0.403    19.56 21.31 02a59137o0684c 0xc00800         3.0
59137.512543 20.321591      NaN    -7.0     9 c    0   1.13 56.53985 -40.3383  2536.36  2213.62 2.40 2.34  40.4 -0.394    19.56 21.34 02a59137o0695c 0xc00900         3.0
59141.479955 20.321591      NaN    -1.0     9 c    0   1.97 56.53985 -40.3383  8292.56  5849.92 2.87 2.40  36.9 -0.368    19.47 21.25 02a59141o0500c 0xc00800         3.0
59141.483170 20.207197      NaN     2.0    10 c    0   1.46 56.53985 -40.3383  8313.59  5887.83 2.61 2.40  46.2 -0.386    19.53 21.25 02a59141o0507c 0xc00800         3.0
59141.490108 20.207197      NaN    -5.0    10 c    0   1.08 56.53985 -40.3383  8255.47  5807.54 2.66 2.41  45.4 -0.383    19.55 21.32 02a59141o0522c 0xc00800         3.0
59141.507229 20.071303      NaN     7.0    10 c    0   1.16 56.53985 -40.3383  2307.11  4618.74 2.72 2.34  40.2 -0.391    19.51 21.32 02a59141o0559c 0xc00800         3.0
59145.461376 19.979496      NaN    10.0    10 c    0   1.26 56.53985 -40.3383  8295.26  5849.99 2.63 2.35  41.6 -0.386    19.67 21.56 02a59145o0589c 0xc00800         3.0
59145.463204 19.652575      NaN    17.0    12 c    0   0.72 56.53985 -40.3383  8315.09  5887.91 2.61 2.37  42.7 -0.387    19.65 21.55 02a59145o0593c 0xc00800         3.0
59145.466458 20.009244      NaN     9.0    10 c    0   0.80 56.53985 -40.3383  8256.52  5809.13 2.54 2.35  45.2 -0.389    19.70 21.52 02a59145o0600c 0xc00800         3.0
59145.492149 19.979496      NaN    10.0    10 c    0   1.13 56.53985 -40.3383  8238.43  5925.16 2.63 2.41  43.0 -0.386    19.52 21.38 02a59145o0655c 0xc00800         3.0
59169.460296 20.103715      NaN     6.0    10 c    0   1.06 56.53985 -40.3383  4322.58  6573.21 2.92 2.52  41.8 -0.367    19.48 21.33 02a59169o0611c 0xc00900         3.0
59169.463499 20.207197      NaN   -20.0    10 c    0   1.42 56.53985 -40.3383  4304.72  6536.85 3.11 2.59  42.9 -0.359    19.43 21.32 02a59169o0618c 0xc00800         3.0
59169.498873 19.652575      NaN    17.0    12 c    0   1.12 56.53985 -40.3383  4366.24  6615.40 2.97 2.53  42.7 -0.366    19.37 21.20 02a59169o0694c 0xc00800         3.0
59169.527140 19.841877      NaN    -2.0    14 c    0   0.90 56.53985 -40.3383  4386.43  6501.56 2.81 2.56  46.5 -0.377    19.31 21.09 02a59169o0755c 0xc00800         3.0
59195.358380 20.321591      NaN     0.0     9 c    0   1.27 56.53985 -40.3383 10130.79  3833.13 3.09 2.59 -74.8 -0.368    19.62 21.76 01a59195o0381c 0xc00800         3.0
59195.361609 20.103715      NaN    -7.0    11 c    0   1.01 56.53985 -40.3383 10150.21  3872.19 3.08 2.81 -81.5 -0.360    19.59 21.79 01a59195o0388c 0xc00900         3.0
59195.367150 20.207197      NaN     1.0    10 c    0   0.96 56.53985 -40.3383 10090.11  3792.19 3.02 2.80 -68.9 -0.333    19.59 21.84 01a59195o0400c 0xc00800         3.0
59195.373151 20.449472      NaN    -1.0     8 c    0   1.09 56.53985 -40.3383   262.50  3905.37 2.83 2.76 -62.9 -0.351    19.56 21.91 01a59195o0413c 0xc00800         3.0
59195.376836 20.321591      NaN    -2.0     9 c    0   1.39 56.53985 -40.3383   282.45  3943.56 2.90 2.79  81.6 -0.355    19.57 21.92 01a59195o0421c 0xc00800         3.0
59195.379143 19.894850      NaN    13.0    10 c    0   1.26 56.53985 -40.3383 10071.11  3906.86 3.42 2.84 -70.1 -0.342    19.52 21.90 01a59195o0426c 0xc00800         3.0
59195.382828 20.405150      NaN     4.0     8 c    0   1.67 56.53985 -40.3383   222.15  3867.82 2.75 2.64 -43.6 -0.343    19.64 21.92 01a59195o0434c 0xc00900         3.0
59195.393895 20.071303      NaN    13.0     8 c    0   1.48 56.53985 -40.3383   203.48  3984.65 2.69 2.55 -83.5 -0.361    19.60 21.95 01a59195o0458c 0xc00800         3.0
59197.357500 20.103715      NaN    -5.0    11 c    0   1.13 56.53985 -40.3383  3963.75  8600.83 2.61 2.40  29.5 -0.387    19.55 21.43 02a59197o0354c 0xc00800         3.0
59197.361178 19.674510      NaN    19.0    11 c    0   0.87 56.53985 -40.3383  3944.76  8563.48 2.61 2.42  32.6 -0.389    19.59 21.42 02a59197o0362c 0xc00900         3.0
59197.367580 19.922338      NaN     9.0    11 c    0   1.09 56.53985 -40.3383  4004.84  8645.45 2.56 2.48  32.2 -0.402    19.51 21.40 02a59197o0376c 0xc00900         3.0
59197.377652 20.009244      NaN     9.0    10 c    0   1.01 56.53985 -40.3383  4026.99  8530.36 2.74 2.42  39.8 -0.378    19.57 21.39 02a59197o0398c 0xc00800         3.0
59219.299581 20.449472      NaN    -2.0     8 c    0   1.20 56.53985 -40.3383  4447.48  6014.72 3.00 2.80 -52.8 -0.351    19.61 21.79 01a59219o0235c 0xc00800         3.0
59219.302804 19.652575      NaN    23.0    10 c    0   0.97 56.53985 -40.3383  4467.43  6052.72 3.29 3.05 -71.5 -0.337    19.49 21.78 01a59219o0242c 0xc00800         3.0
59219.309276 20.171596      NaN     7.0     9 c    0   0.70 56.53985 -40.3383  4408.69  5975.44 2.87 2.67 -57.0 -0.352    19.66 21.80 01a59219o0256c 0xc00900         3.0
59219.321272 20.321591      NaN    -5.0     9 c    0   0.91 56.53985 -40.3383  4390.31  6090.14 2.81 2.60 -62.2 -0.356    19.67 21.81 01a59219o0282c 0xc00800         3.0
59223.290251 19.089302      NaN    30.0    19 c    0   1.07 56.53985 -40.3383  4448.33  6014.78 2.50 2.23 -72.0 -0.380    18.84 20.87 01a59223o0210c 0xc00900         3.0
59223.293476 18.623526      NaN   -91.0    43 c    0   1.20 56.53985 -40.3383  4467.73  6052.85 2.42 2.22 -70.2 -0.377    18.09 20.09 01a59223o0217c 0xc00800         3.0
59223.299928 18.944322      NaN    -7.0    32 c    0   0.81 56.53985 -40.3383  4408.39  5975.67 2.48 2.32 -69.7 -0.377    18.36 20.41 01a59223o0231c 0xc00900         3.0
59223.310986 16.636860      NaN  -241.0   268 c    0   1.38 56.53985 -40.3383  4390.42  6091.27 2.78 2.60 -42.1 -0.353    16.22 18.39 01a59223o0255c 0xc00802         3.0
59227.308829 20.761819      NaN     0.0     6 c    0   2.58 56.53985 -40.3383  2563.03  2182.93 2.51 2.24   8.0 -0.377    19.69 21.96 01a59227o0191c 0xc00800         3.0
59227.311597 20.282105      NaN    10.0     7 c    0   1.52 56.53985 -40.3383  2584.29  2221.60 2.44 2.33  15.4 -0.374    19.68 21.97 01a59227o0197c 0xc00800         3.0
59227.318969 20.449472      NaN    -7.0     8 c    0   1.07 56.53985 -40.3383  2521.85  2144.71 2.40 2.20  21.1 -0.382    19.72 21.95 01a59227o0213c 0xc00800         3.0
59227.329114 20.449472      NaN     1.0     8 c    0   1.09 56.53985 -40.3383  2503.26  2261.90 2.39 2.25  15.4 -0.376    19.72 21.87 01a59227o0235c 0xc00800         3.0
59229.296202 20.207197      NaN    -1.0    10 c    0   1.26 56.53985 -40.3383  4181.99  4633.61 2.77 2.42  40.8 -0.378    19.46 21.22 02a59229o0218c 0xc00800         3.0
59229.299403 19.922338      NaN    12.0    10 c    0   1.35 56.53985 -40.3383  4163.99  4594.91 2.70 2.39  45.7 -0.380    19.47 21.22 02a59229o0225c 0xc00800         3.0
59229.305818 19.979496      NaN     7.0    11 c    0   1.10 56.53985 -40.3383  4222.52  4672.81 2.60 2.39  52.1 -0.386    19.46 21.16 02a59229o0239c 0xc00800         3.0
59229.317773 20.009244      NaN     6.0    11 c    0   1.06 56.53985 -40.3383  4243.70  4559.13 2.56 2.41  62.3 -0.388    19.47 21.15 02a59229o0265c 0xc00800         3.0
59231.308675 20.137125      NaN     8.0     9 c    0   1.19 56.53985 -40.3383  2559.75  2177.37 2.78 2.55  78.8 -0.400    19.47 21.43 01a59231o0114c 0xc00800         3.0
59231.312827 20.009244      NaN    -5.0    12 c    0   0.78 56.53985 -40.3383  2580.04  2216.21 3.02 2.85  84.8 -0.378    19.39 21.45 01a59231o0123c 0xc00800         3.0
59231.318390 19.894850      NaN    16.0     9 c    0   1.48 56.53985 -40.3383  2518.75  2139.90 2.64 2.61 -21.1 -0.392    19.47 21.46 01a59231o0135c 0xc00800         3.0
59231.331296 20.039830      NaN     5.0    11 c    0   0.98 56.53985 -40.3383  2499.02  2257.36 2.53 2.50  14.8 -0.397    19.50 21.43 01a59231o0163c 0xc00800         3.0
59251.281678 19.743105      NaN    19.0    10 c    0   1.53 56.53985 -40.3383  3754.74  9608.96 2.92 2.60 -75.3 -0.381    19.47 21.46 01a59251o0163c 0xc00800         3.0
59251.285362 20.207197      NaN    -3.0    10 c    0   1.59 56.53985 -40.3383  3774.08  9647.91 2.65 2.36 -69.2 -0.399    19.55 21.45 01a59251o0171c 0xc00900         3.0
59251.292278 19.696897      NaN    24.0     9 c    0   1.59 56.53985 -40.3383  3717.25  9570.28 2.80 2.52 -73.5 -0.379    19.49 21.43 01a59251o0186c 0xc00800         3.0
59251.303796 20.103715      NaN    -8.0    11 c    0   1.24 56.53985 -40.3383  3698.91  9688.38 2.76 2.45 -68.8 -0.386    19.45 21.36 01a59251o0211c 0xc00800         3.0
59254.252394 18.786693      NaN    36.0    26 c    0   1.50 56.53985 -40.3383  9636.62  4388.79 3.45 2.83 -84.5 -0.386    18.42 21.70 01a59254o0101c 0xc00800         3.0
59255.260992 19.719755      NaN    14.0    12 c    0   0.95 56.53985 -40.3383  3755.72  9623.62 2.68 2.50 -62.3 -0.365    19.39 21.14 01a59255o0102c 0xc00800         3.0
59255.264231 20.009244      NaN    -1.0    12 c    0   0.94 56.53985 -40.3383  3774.68  9661.89 2.72 2.46 -71.4 -0.379    19.40 21.13 01a59255o0109c 0xc00900         3.0
59255.270223 19.609992      NaN    13.0    14 c    0   0.98 56.53985 -40.3383  3717.54  9584.59 2.81 2.56 -76.7 -0.378    19.36 21.14 01a59255o0122c 0xc00800         3.0
59255.281742 19.922338      NaN     0.0    13 c    0   0.98 56.53985 -40.3383  3698.89  9700.96 2.93 2.71 -68.9 -0.358    19.31 21.10 01a59255o0147c 0xc00800         3.0
59257.244777 19.696897      NaN    18.0    11 c    0   1.30 56.53985 -40.3383  2373.03  6635.82 2.62 2.46  56.3 -0.385    19.49 21.33 02a59257o0083c 0xc00800         3.0
59257.247977 20.449472      NaN     1.0     8 c    0   1.94 56.53985 -40.3383  2354.34  6596.49 2.57 2.44  64.1 -0.390    19.53 21.33 02a59257o0090c 0xc00800         3.0
59257.253942 19.743105      NaN    19.0    10 c    0   1.21 56.53985 -40.3383  2412.97  6675.35 2.67 2.56  59.0 -0.377    19.47 21.33 02a59257o0103c 0xc00800         3.0
59257.264052 20.207197      NaN   -15.0    10 c    0   1.30 56.53985 -40.3383  2434.45  6561.45 2.75 2.47  42.1 -0.373    19.46 21.32 02a59257o0125c 0xc00800         3.0
59261.225730 19.841877      NaN   -15.0    14 c    0   1.42 56.53985 -40.3383  8737.41   821.20 2.52 2.15 -66.9 -0.404    19.14 20.53 02a59261o0039c 0xc00800         3.0
59261.231220 19.696897      NaN     9.0    14 c    0   1.31 56.53985 -40.3383  8720.14   781.50 2.55 2.11 -64.4 -0.406    19.39 20.94 02a59261o0051c 0xc00800         3.0
59261.240400 20.207197      NaN   -27.0    10 c    0   1.58 56.53985 -40.3383  8776.09   860.42 2.52 2.16 -68.9 -0.404    19.40 20.99 02a59261o0071c 0xc00800         3.0
59261.243603 19.529530      NaN    17.0    14 c    0   1.04 56.53985 -40.3383  8797.20   746.81 2.55 2.10 -65.0 -0.404    19.40 20.97 02a59261o0078c 0xc00900         3.0
59277.223700 18.623526      NaN   -78.0    43 c    0   0.86 56.53985 -40.3383  4852.99   570.24 2.68 2.39 -72.1 -0.397    18.03 19.17 02a59277o0025c 0xc00800         3.0
59277.226922 19.169763      NaN     6.0    25 c    0   1.00 56.53985 -40.3383  4834.03   530.44 2.77 2.43 -70.0 -0.388    18.61 19.93 02a59277o0032c 0xc00800         3.0
59277.232473 19.922338      NaN   -13.0    13 c    0   1.32 56.53985 -40.3383  4890.49   609.60 2.68 2.38 -71.8 -0.399    19.17 20.77 02a59277o0044c 0xc00800         3.0
59277.244886 19.696897      NaN     1.0    16 c    0   0.84 56.53985 -40.3383  4909.61   495.09 2.91 2.58 -70.6 -0.376    19.22 21.05 02a59277o0071c 0xc00800         3.0
59435.599558 19.922338      NaN     6.0    12 c    0   0.85 56.53985 -40.3383  2272.23  4716.72 2.73 2.60  75.0 -0.374    19.39 21.21 01a59435o0753c 0xc00800         3.0
59435.630232 18.978793      NaN     1.0    31 c    0   1.30 56.53985 -40.3383  2335.55  4645.34 3.21 3.18 -88.5 -0.338    18.31 19.26 01a59435o0781c 0xc00800         3.0
59435.632074 18.376212      NaN    42.0    41 c    0   1.01 56.53985 -40.3383  2314.80  4760.14 2.87 2.74 -83.8 -0.359    18.03 18.75 01a59435o0785c 0xc00800         3.0
59439.598236 19.922338      NaN    -1.0    13 c    0   0.77 56.53985 -40.3383  2276.26  4718.42 3.52 3.29 -73.1 -0.354    19.24 21.46 01a59439o0793c 0xc00900         3.0
59439.603767 20.009244      NaN     3.0    12 c    0   1.27 56.53985 -40.3383  2257.43  4680.89 3.88 3.55 -76.9 -0.370    19.17 21.48 01a59439o0805c 0xc00800         3.0
59439.620431 19.791368      NaN     5.0    14 c    0   0.99 56.53985 -40.3383  2316.11  4760.82 3.75 3.43 -62.6 -0.364    19.16 21.32 01a59439o0841c 0xc00900         3.0
59439.626014 19.766969      NaN    -1.0    15 c    0   1.33 56.53985 -40.3383  2336.37  4645.37 3.33 3.14 -65.0 -0.362    19.04 20.61 01a59439o0853c 0xc00900         3.0
59443.590084 19.894850      NaN    10.0    11 c    0   1.02 56.53985 -40.3383  1082.88   693.16 3.01 2.62  57.4 -0.422    19.54 21.61 01a59443o0658c 0xc00800         3.0
59443.593773 20.071303      NaN     7.0    10 c    0   0.94 56.53985 -40.3383  1062.65   654.08 3.05 2.61  55.9 -0.396    19.57 21.64 01a59443o0666c 0xc00800         3.0
59443.604840 20.071303      NaN     7.0    10 c    0   0.89 56.53985 -40.3383  1120.76   736.41 2.96 2.56  46.9 -0.406    19.60 21.69 01a59443o0690c 0xc00800         3.0
59443.621048 20.207197      NaN    -2.0    10 c    0   1.17 56.53985 -40.3383  1137.50   617.54 2.92 2.55  50.8 -0.407    19.58 21.51 01a59443o0724c 0xc00800         3.0
59461.580660 20.009244      NaN    -7.0    12 c    0   1.07 56.53985 -40.3383  1817.65  9732.96 2.76 2.21 -56.6 -0.442    19.50 21.34 02a59461o0779c 0xc00900         3.0
59461.583887 20.009244      NaN    -5.0    12 c    0   1.05 56.53985 -40.3383  1835.29  9771.15 2.85 2.31 -58.0 -0.444    19.51 21.34 02a59461o0786c 0xc00800         3.0
59461.589850 19.719755      NaN    17.0    11 c    0   0.89 56.53985 -40.3383  1778.28  9694.27 2.69 2.27 -57.9 -0.444    19.53 21.34 02a59461o0799c 0xc00800         3.0
59461.604548 19.719755      NaN    14.0    12 c    0   1.34 56.53985 -40.3383  1752.44  9809.76 2.72 2.31 -57.2 -0.440    19.52 21.33 02a59461o0830c 0xc00800         3.0
59465.587213 19.868040      NaN     8.0    12 c    0   1.16 56.53985 -40.3383  1810.64  9728.88 2.71 2.22 -60.6 -0.445    19.52 21.41 02a59465o0802c 0xc00900         3.0
59465.590432 19.589310      NaN    20.0    12 c    0   1.02 56.53985 -40.3383  1828.78  9767.09 2.56 2.11 -58.8 -0.448    19.57 21.42 02a59465o0809c 0xc00800         3.0
59465.595922 19.766969      NaN    15.0    11 c    0   1.26 56.53985 -40.3383  1773.69  9689.78 2.58 2.10 -58.3 -0.453    19.60 21.44 02a59465o0821c 0xc00800         3.0
59465.614662 20.321591      NaN   -11.0     9 c    0   1.32 56.53985 -40.3383  1753.26  9804.70 2.69 2.09 -58.8 -0.451    19.62 21.53 02a59465o0861c 0xc00800         3.0
59529.419719 20.362567      NaN     5.0     8 c    0   2.34 56.53985 -40.3383  4442.47  5997.98 2.75 2.47  38.5 -0.378    19.51 21.49 02a59529o0516c 0xc00800         3.0
59529.425153 20.039830      NaN     8.0    10 c    0   0.93 56.53985 -40.3383  4460.30  6036.64 2.58 2.41  39.5 -0.388    19.58 21.54 02a59529o0527c 0xc00800         3.0
59529.443935 20.449472      NaN   -10.0     8 c    0   1.68 56.53985 -40.3383  6136.59  4584.30 2.57 2.42  57.7 -0.394    19.59 21.54 02a59529o0566c 0xc00800         3.0
59529.448720 20.321591      NaN    -1.0     9 c    0   1.49 56.53985 -40.3383  4384.75  6070.46 2.45 2.32  36.9 -0.397    19.64 21.56 02a59529o0576c 0xc00800         3.0
59585.326509 19.401649      NaN    27.0    13 c    0   1.12 56.53985 -40.3383  8242.25  6372.12 2.73 2.49  50.0 -0.396    19.38 21.17 02a59585o0270c 0xc00900         3.0
59585.329737 19.256669      NaN    36.0    13 c    0   1.06 56.53985 -40.3383  8222.45  6335.67 2.88 2.54  44.2 -0.385    19.30 21.14 02a59585o0277c 0xc00800         3.0
59585.363115 19.791368      NaN    11.0    12 c    0   1.31 56.53985 -40.3383  8284.83  6414.81 2.82 2.53  46.8 -0.388    19.30 21.11 02a59585o0290c 0xc00800         3.0
59585.371419 19.436675      NaN    22.0    14 c    0   0.98 56.53985 -40.3383  8303.90  6300.81 2.87 2.56  48.5 -0.384    19.31 21.08 02a59585o0308c 0xc00800         3.0
59585.857788 19.719755      NaN    14.0    12 c    0   0.97 56.53985 -40.3383  4091.46  6997.40 3.41 2.89   2.3 -0.390    19.36 21.85 03a59586o0161c 0xc00900         3.0
59585.864097 20.103715      NaN   -14.0    11 c    0   1.35 56.53985 -40.3383  4136.91  7035.92 3.43 2.99  -1.8 -0.393    19.35 21.89 03a59586o0174c 0xc00900         3.0
59585.866893 19.979496 0.322786    40.0    11 c    0   1.30 56.53985 -40.3383  4096.48  6958.61 3.27 2.77  -1.3 -0.386    19.37 21.89 03a59586o0180c 0xc00800         3.0
59585.877684 20.009244      NaN     0.0    12 c    0   0.94 56.53985 -40.3383  4126.62  7081.29 3.37 2.83  -1.0 -0.385    19.38 22.02 03a59586o0202c 0xc00800         3.0
59604.840210 20.449472      NaN     3.0     8 c    0   1.18 56.53985 -40.3383  8207.69  5936.18 2.64 2.21 -86.6 -0.409    19.61 21.96 03a59605o0165c 0xc00800         3.0
59604.865031 20.244005      NaN     5.0     9 c    0   0.96 56.53985 -40.3383  8163.38  5853.47 2.61 2.24 -84.8 -0.406    19.59 21.95 03a59605o0216c 0xc00800         3.0
59604.880894 19.743105      NaN    16.0    11 c    0   1.22 56.53985 -40.3383  8148.36  5961.02 2.48 2.18 -86.9 -0.414    19.35 21.57 03a59605o0248c 0xc00800         3.0
59606.848499 20.321591      NaN   -19.0     9 c    0   1.17 56.53985 -40.3383  8200.72  5909.83 2.83 2.46 -83.4 -0.397    19.53 21.93 03a59607o0153c 0xc00800         3.0
59606.862655 20.207197      NaN    -8.0    10 c    0   1.01 56.53985 -40.3383  8224.44  5944.27 2.77 2.37 -86.3 -0.401    19.55 21.90 03a59607o0183c 0xc00800         3.0
59606.865921 19.950541      NaN    17.0     8 c    0   1.52 56.53985 -40.3383  8167.32  5863.19 2.86 2.42 -84.2 -0.387    19.50 21.91 03a59607o0190c 0xc00800         3.0
59606.873855 20.449472      NaN    -6.0     8 c    0   2.10 56.53985 -40.3383  8148.56  5974.89 2.84 2.35 -83.4 -0.392    19.54 21.87 03a59607o0206c 0xc00800         3.0
59614.841879 20.103715      NaN     0.0    11 c    0   1.20 56.53985 -40.3383  9339.17  9936.13 3.07 2.79  72.4 -0.405    19.45 22.03 03a59615o0175c 0xc00800         3.0
59614.858378 19.979496      NaN     7.0    11 c    0   1.07 56.53985 -40.3383  9363.99  9970.38 3.26 2.96  81.1 -0.397    19.35 21.97 03a59615o0210c 0xc00800         3.0
59614.869664 19.609992 0.292314    55.0    14 c    0   0.81 56.53985 -40.3383  9313.34  9887.00 3.12 2.88  82.7 -0.395    19.37 21.91 03a59615o0234c 0xc00800         3.0
59614.872861 19.491430      NaN    22.0    13 c    0   1.03 56.53985 -40.3383  9294.07  9999.52 3.63 3.38  89.5 -0.375    19.16 21.89 03a59615o0241c 0xc00800         3.0
59632.078882 19.609992      NaN    16.0    13 c    0   0.84 56.53985 -40.3383  6591.69  1938.62 2.74 2.44 -25.1 -0.406    19.34 21.52 04a59632o0063c 0xc00800         3.0
59632.082071 20.207197      NaN   -13.0    10 c    0   1.35 56.53985 -40.3383  6609.32  1977.84 2.79 2.49 -21.2 -0.397    19.31 21.48 04a59632o0070c 0xc00800         3.0
59632.089419 20.103715      NaN     0.0    11 c    0   1.08 56.53985 -40.3383  6543.78  1899.66 2.99 2.71 -20.5 -0.368    19.23 21.47 04a59632o0086c 0xc00800         3.0
59632.108170 20.009244      NaN   -21.0    12 c    0   1.01 56.53985 -40.3383  6511.06  2015.35 2.63 2.34 -27.3 -0.391    19.24 21.16 04a59632o0126c 0xc00900         3.0
59633.109989 20.449472      NaN    -8.0     8 c    0   1.39 56.53985 -40.3383  4586.52  2025.80 2.31 2.24  23.7 -0.404    19.48 21.64 04a59633o0213c 0xc00800         3.0
59633.113150 19.816329      NaN    13.0    11 c    0   0.97 56.53985 -40.3383  4604.07  2065.32 2.45 2.40   9.6 -0.392    19.38 21.63 04a59633o0220c 0xc00800         3.0
59633.129370 20.103715      NaN    -3.0    11 c    0   1.14 56.53985 -40.3383  4534.30  1990.55 2.48 2.41   0.2 -0.373    19.33 21.43 04a59633o0253c 0xc00800         3.0
59633.135200 20.103715      NaN     6.0    10 c    0   1.86 56.53985 -40.3383  4506.57  2107.16 2.38 2.32  15.1 -0.383    19.31 21.22 04a59633o0264c 0xc00800         3.0
59634.025300 20.103715      NaN   -13.0    11 c    0   0.88 56.53985 -40.3383  4629.85  2041.57 2.67 2.53  68.4 -0.415    19.32 21.44 04a59634o0046c 0xc00800         3.0
59634.028004 19.868040      NaN     8.0    12 c    0   0.84 56.53985 -40.3383  4647.83  2079.25 2.73 2.63  66.9 -0.403    19.33 21.52 04a59634o0052c 0xc00800         3.0
59634.045749 20.207197      NaN    -7.0    10 c    0   1.19 56.53985 -40.3383  4579.71  1995.03 2.53 2.48  67.2 -0.410    19.37 21.57 04a59634o0087c 0xc00800         3.0
59634.050141 20.103715      NaN    -5.0    11 c    0   0.88 56.53985 -40.3383  4556.23  2110.05 2.74 2.62  19.4 -0.406    19.35 21.59 04a59634o0096c 0xc00800         3.0
59639.023432 19.950541      NaN     8.0    11 c    0   1.30 56.53985 -40.3383  8598.33  1883.15 2.97 2.33 -27.2 -0.379    19.36 21.38 04a59639o0059c 0xc00800         3.0
59639.026192 19.766969      NaN    15.0    11 c    0   1.12 56.53985 -40.3383  8616.78  1922.60 3.01 2.33 -27.5 -0.385    19.39 21.47 04a59639o0065c 0xc00900         3.0
59639.033051 19.816329      NaN    13.0    11 c    0   1.12 56.53985 -40.3383  8552.54  1840.56 2.90 2.21 -24.5 -0.387    19.44 21.51 04a59639o0080c 0xc00800         3.0
59639.047731 20.009244      NaN     9.0    10 c    0   1.30 56.53985 -40.3383  8522.05  1953.82 2.93 2.29 -29.3 -0.380    19.38 21.50 04a59639o0112c 0xc00800         3.0
59669.756706 19.894850      NaN    10.0    11 c    0   1.01 56.53985 -40.3383  4627.51  2048.37 2.75 2.49 -40.5 -0.393    19.52 21.22 03a59670o0094c 0xc00800         3.0
59669.762727 20.207197      NaN   -14.0    10 c    0   1.35 56.53985 -40.3383  4645.89  2085.12 2.83 2.60 -45.8 -0.381    19.46 21.19 03a59670o0107c 0xc00800         3.0
59669.770108 20.009244      NaN     0.0    12 c    0   1.22 56.53985 -40.3383  4591.17  2007.97 2.94 2.69 -40.6 -0.376    19.39 21.20 03a59670o0123c 0xc00800         3.0
59669.776067 19.696897      NaN    21.0    10 c    0   1.31 56.53985 -40.3383  4568.24  2121.18 2.86 2.65 -40.2 -0.378    19.41 21.20 03a59670o0136c 0xc00900         3.0
59675.742914 20.009244      NaN     3.0    12 c    0   1.35 56.53985 -40.3383  4264.60  4072.20 2.77 2.45 -30.8 -0.377    19.28 20.92 03a59676o0020c 0xc00800         3.0
59675.745663 19.549093      NaN     7.0    17 c    0   0.94 56.53985 -40.3383  4282.96  4111.02 3.80 3.47 -53.5 -0.361    18.94 20.93 03a59676o0026c 0xc00800         3.0
59675.751596 19.696897      NaN     3.0    16 c    0   1.27 56.53985 -40.3383  4227.10  4032.21 4.14 3.79 -47.7 -0.326    18.83 20.92 03a59676o0039c 0xc00800         3.0
59761.420187 20.207197      NaN    -5.0    10 c    0   0.96 56.53985 -40.3383  2076.95  8707.32 2.95 2.44 -87.1 -0.337    19.60 21.62 04a59761o0982c 0xc00800         3.0
59761.426694 20.594452      NaN     1.0     7 c    0   1.51 56.53985 -40.3383  2057.76  8667.17 2.85 2.26 -86.5 -0.345    19.65 21.56 04a59761o0994c 0xc00900         3.0
59761.441411 19.674510      NaN     7.0    15 c    0   1.09 56.53985 -40.3383  2120.15  8747.72 2.89 2.32 -84.6 -0.338    19.20 20.60 04a59761o1020c 0xc00800         3.0
59763.414027 19.454622      NaN   -14.0    20 c    0   0.91 56.53985 -40.3383  8043.36  8418.02 2.46 2.28 -57.3 -0.400    18.87 20.62 04a59763o1010c 0xc00800         3.0
59763.421808 19.510313      NaN    -5.0    19 c    0   1.68 56.53985 -40.3383  8022.17  8381.66 2.60 2.28 -66.4 -0.395    18.79 20.58 04a59763o1027c 0xc00800         3.0
59763.431096 19.302877      NaN   -39.0    23 c    0   1.13 56.53985 -40.3383  8083.05  8459.49 2.64 2.39 -65.8 -0.378    18.64 20.43 04a59763o1047c 0xc00800         3.0
59763.436288 18.152867      NaN    82.0    40 c    0   1.17 56.53985 -40.3383  8103.99  8341.92 2.60 2.29 -64.5 -0.425    18.19 19.76 04a59763o1058c 0xc00900         3.0
59786.130981 20.449472      NaN     1.0     8 c    0   1.54 56.53985 -40.3383  6081.33  4545.70 2.65 2.63  -9.7 -0.394    19.67 21.81 03a59786o0866c 0xc00900         3.0
59786.134105 20.449472      NaN    -3.0     8 c    0   1.21 56.53985 -40.3383  6062.73  4506.90 2.60 2.55 -33.8 -0.400    19.70 21.82 03a59786o0872c 0xc00800         3.0
59786.140442 20.321591      NaN     3.0     9 c    0   1.01 56.53985 -40.3383  6118.77  4584.48 2.58 2.54 -43.7 -0.397    19.73 21.88 03a59786o0885c 0xc00800         3.0
59786.152429 20.321591      NaN     6.0     8 c    0   1.39 56.53985 -40.3383  6140.20  4468.18 2.61 2.58 -21.4 -0.395    19.72 21.88 03a59786o0909c 0xc00800         3.0
59796.350003 20.761819      NaN    -3.0     6 c    0   2.02 56.53985 -40.3383  4404.22  6606.15 2.12 1.88 -86.2 -0.384    19.81 21.83 04a59796o0663c 0xc00800         3.0
59796.375387 20.244005      NaN     8.0     8 c    0   1.04 56.53985 -40.3383  4393.76  6567.15 2.25 1.93 -83.0 -0.377    19.76 21.83 04a59796o0717c 0xc00800         3.0
59796.391801 20.594452      NaN     0.0     7 c    0   0.84 56.53985 -40.3383  4460.27  6651.67 2.22 2.00 -76.6 -0.380    19.80 21.92 04a59796o0752c 0xc00900         3.0
59796.394648 20.449472      NaN    -9.0     8 c    0   1.13 56.53985 -40.3383  4479.68  6536.05 2.26 2.00 -77.2 -0.374    19.74 21.86 04a59796o0758c 0xc00800         3.0
59798.127418 20.282105      NaN     7.0     8 c    0   1.19 56.53985 -40.3383  7831.56  8428.45 2.54 2.40 -75.2 -0.398    19.81 21.86 03a59798o0865c 0xc00800         3.0
59798.131043 20.449472      NaN     6.0     7 c    0   1.94 56.53985 -40.3383  7811.57  8389.97 2.52 2.39 -86.2 -0.397    19.79 21.87 03a59798o0872c 0xc00800         3.0
59798.136558 20.594452      NaN     6.0     6 c    0   1.74 56.53985 -40.3383  7868.84  8468.16 2.55 2.40  84.9 -0.393    19.79 21.86 03a59798o0882c 0xc00800         3.0
59798.156129 20.449472      NaN     2.0     8 c    0   1.59 56.53985 -40.3383  7887.92  8354.27 2.70 2.56 -86.4 -0.388    19.74 21.85 03a59798o0921c 0xc00800         3.0
59812.222767 19.063754      NaN    32.0    19 c    0   1.58 56.53985 -40.3383  8315.03  6366.10 2.40 2.14 -41.8 -0.403    18.57 20.66 04a59812o0476c 0xc00800         3.0
59812.225922 17.696393      NaN    78.0    76 c    0   0.79 56.53985 -40.3383  8293.86  6328.36 2.46 2.21 -39.1 -0.393    17.71 19.71 04a59812o0483c 0xc00800         3.0
59812.260192 18.197417 0.352438   194.0    62 c    0   1.79 56.53985 -40.3383  8341.54  6408.99 2.35 2.05 -39.9 -0.417    17.89 19.80 04a59812o0557c 0xc00800         3.0
59812.286579 18.757738      NaN   -22.0    38 c    0   0.67 56.53985 -40.3383  8362.76  6293.87 2.50 2.13 -40.9 -0.404    18.43 20.41 04a59812o0614c 0xc00800         3.0
59813.271486 19.816329      NaN    19.0     9 c    0   1.21 56.53985 -40.3383  8300.44  6373.31 2.44 2.15 -38.6 -0.404    19.71 21.74 04a59813o0583c 0xc00800         3.0
59813.274655 20.449472      NaN   -13.0     8 c    0   1.16 56.53985 -40.3383  8281.32  6335.21 2.45 2.17 -36.6 -0.414    19.70 21.76 04a59813o0590c 0xc00800         3.0
59813.280147 20.137125      NaN    11.0     8 c    0   0.97 56.53985 -40.3383  8341.71  6411.67 2.45 2.20 -34.9 -0.406    19.73 21.76 04a59813o0602c 0xc00800         3.0
59813.297725 20.321591      NaN     6.0     8 c    0   1.56 56.53985 -40.3383  8362.00  6297.14 2.35 2.05 -39.4 -0.427    19.76 21.82 04a59813o0638c 0xc00800         3.0
59820.241099 19.652575      NaN    26.0     9 c    0   1.20 56.53985 -40.3383   744.83  2749.48 2.52 1.90  41.1 -0.388    19.70 21.67 04a59820o0604c 0xc00800         3.0
59820.243364 20.171596 0.280190    34.0     8 c    0   2.03 56.53985 -40.3383   725.53  2709.76 2.53 1.88  40.4 -0.387    19.72 21.68 04a59820o0609c 0xc00800         3.0
59820.244715 19.472870      NaN    29.0    11 c    0   0.89 56.53985 -40.3383 10440.43  2711.84 2.92 2.08 -28.2 -0.388    19.66 21.57 04a59820o0612c 0xc00800         3.0
59820.258370 20.171596 0.315214    34.0     9 c    0   1.22 56.53985 -40.3383 10421.02  2675.55 3.14 2.14 -26.3 -0.384    19.69 21.69 04a59820o0641c 0xc00800         3.0
59820.258821 19.922338      NaN    18.0     8 c    0   1.21 56.53985 -40.3383   784.12  2790.30 2.55 1.92  39.6 -0.387    19.77 21.81 04a59820o0642c 0xc00800         3.0
59820.261538 19.868040 0.291295    44.0    11 c    0   1.15 56.53985 -40.3383 10477.45  2751.71 2.88 2.14 -24.1 -0.398    19.77 21.74 04a59820o0648c 0xc00900         3.0
59820.261989 19.894850      NaN    19.0     8 c    0   1.59 56.53985 -40.3383   803.09  2674.22 2.45 1.87  39.4 -0.398    19.77 21.78 04a59820o0649c 0xc00800         3.0
59820.280184 19.318728      NaN    35.0    12 c    0   1.60 56.53985 -40.3383 10496.79  2640.10 2.99 2.23 -23.4 -0.394    19.72 21.75 04a59820o0688c 0xc00800         3.0
59841.937095 18.542463 0.062488   142.0     8 c    0   1.86 56.53985 -40.3383  8164.35  6394.76 2.54 2.15 -48.2 -0.389    19.73 21.73 03a59842o0463c 0xc00800         3.0
59841.939347 18.489118 0.059492   149.0     8 c    0   1.56 56.53985 -40.3383  8146.26  6355.04 2.53 2.13 -46.3 -0.390    19.74 21.73 03a59842o0468c 0xc00800         3.0
59841.942505 18.431198 0.063452   157.0     9 c    0   1.26 56.53985 -40.3383  8204.59  6431.05 2.51 2.17 -48.1 -0.389    19.75 21.73 03a59842o0475c 0xc00800         3.0
59841.947927 18.481707 0.066474   150.0     9 c    0   1.22 56.53985 -40.3383  8227.34  6314.61 2.53 2.18 -47.6 -0.389    19.73 21.75 03a59842o0487c 0xc00900         3.0
59846.066591 18.640491 0.119687   130.0    14 c    0   0.76 56.53985 -40.3383  8136.30  6400.53 2.35 2.16 -47.3 -0.397    19.40 21.33 03a59846o0495c 0xc00800         3.0
59846.068392 18.550302 0.094412   141.0    12 c    0   1.18 56.53985 -40.3383  8116.51  6362.29 2.37 2.14 -48.8 -0.397    19.45 21.42 03a59846o0499c 0xc00900         3.0
59846.071550 18.606822 0.074593   134.0     9 c    0   1.30 56.53985 -40.3383  8171.85  6440.29 2.43 2.15 -52.0 -0.395    19.85 21.90 03a59846o0506c 0xc00800         3.0
59846.076975 18.631975 0.067859   131.0     8 c    0   1.11 56.53985 -40.3383  8192.90  6325.55 2.36 2.18 -47.1 -0.399    19.85 21.91 03a59846o0518c 0xc00800         3.0
59849.995261 18.481707 0.073860   150.0    10 c    0   0.93 56.53985 -40.3383   702.86  2570.08 2.39 2.23 -62.3 -0.391    19.81 21.87 03a59850o0441c 0xc00800         3.0
59849.995712 18.606822 0.066305   134.0     8 c    0   1.69 56.53985 -40.3383 10376.63  2793.14 2.42 2.15 -55.9 -0.383    19.80 21.86 03a59850o0442c 0xc00900         3.0
59849.997604 18.417189 0.055679   159.0     8 c    0   1.87 56.53985 -40.3383 10360.44  2753.78 2.37 2.20 -27.7 -0.386    19.80 21.82 03a59850o0446c 0xc00800         3.0
59849.998054 18.481707 0.081246   150.0    11 c    0   1.31 56.53985 -40.3383   685.33  2529.39 2.36 2.20 -62.7 -0.395    19.59 21.56 03a59850o0447c 0xc00800         3.0
59850.001229 18.657725 0.078173   128.0     9 c    0   1.36 56.53985 -40.3383   738.98  2612.94 2.29 2.16 -55.1 -0.400    19.86 21.88 03a59850o0454c 0xc00800         3.0
59850.001680 18.474346 0.073361   151.0    10 c    0   1.03 56.53985 -40.3383 10412.04  2834.09 2.37 2.15 -51.4 -0.391    19.84 21.84 03a59850o0455c 0xc00800         3.0
59850.011722 18.990530 0.271434    95.0    23 c    0   1.39 56.53985 -40.3383   756.36  2499.52 2.37 2.18 -59.9 -0.391    18.93 20.90 03a59850o0476c 0xc00800         3.0
59850.012173 18.511660 0.098703   146.0    13 c    0   1.35 56.53985 -40.3383 10431.99  2721.05 2.53 2.26 -48.0 -0.376    19.36 21.34 03a59850o0477c 0xc00800         3.0
59850.992069 17.524429      NaN    91.0    89 c    0   0.80 56.53985 -40.3383   695.06  2572.52 2.33 2.18 -50.8 -0.387    17.84 19.61 03a59851o0569c 0xc00800         3.0
59850.996028 18.362890 0.105925   167.0    16 c    0   1.13 56.53985 -40.3383   679.14  2529.60 2.33 2.17 -50.4 -0.392    19.02 20.86 03a59851o0575c 0xc00900         3.0
59851.001457 18.574166 0.064340   138.0     8 c    0   1.02 56.53985 -40.3383   732.89  2612.68 2.36 2.17 -59.1 -0.394    19.75 21.61 03a59851o0587c 0xc00900         3.0
59851.009566 18.558199 0.063401   140.0     8 c    0   1.25 56.53985 -40.3383   752.88  2497.18 2.30 2.17 -43.7 -0.401    19.87 21.72 03a59851o0605c 0xc00800         3.0
59855.052568 18.640491 0.076942   130.0     9 c    0   1.26 56.53985 -40.3383 10362.30  2803.48 2.54 2.17 -54.1 -0.368    19.88 21.92 03a59855o0676c 0xc00900         3.0
59855.055735 18.867907 0.094870   106.0     9 c    0   1.31 56.53985 -40.3383 10343.78  2766.19 2.49 2.15 -49.4 -0.373    19.90 21.89 03a59855o0683c 0xc00800         3.0
59855.068883 18.582238 0.072923   137.0     9 c    0   1.12 56.53985 -40.3383 10394.59  2845.85 2.38 2.10 -50.3 -0.390    19.93 21.89 03a59855o0711c 0xc00800         3.0
59855.075969 18.675237 0.079444   126.0     9 c    0   1.21 56.53985 -40.3383  9717.16  7933.41 2.61 2.22 -54.3 -0.392    19.87 21.85 03a59855o0725c 0xc00900         3.0
59855.079928 18.657725 0.069487   128.0     8 c    0   1.56 56.53985 -40.3383  9734.01  7973.62 2.47 2.18 -54.6 -0.395    19.88 21.87 03a59855o0733c 0xc00800         3.0
59855.115001 18.711133 0.072991   122.0     8 c    0   1.90 56.53985 -40.3383  9673.09  7895.94 2.66 2.24 -54.4 -0.392    19.86 21.83 03a59855o0805c 0xc00800         3.0
59855.134529 18.550302 0.110147   141.0    14 c    0   1.25 56.53985 -40.3383  9650.19  8011.97 2.89 2.38 -47.4 -0.373    19.26 20.50 03a59855o0840c 0xc00800         3.0
59855.137809 18.403357 0.109948   161.0    16 c    0   1.16 56.53985 -40.3383  9685.56  7953.44 2.66 2.24 -51.9 -0.370    19.40 20.13 03a59855o0846c 0xc00800         3.0
59868.138076 18.990530 0.106213    95.0     9 c    0   1.31 56.53985 -40.3383  2643.24  2706.27 2.16 1.93  46.2 -0.399    19.68 21.59 04a59868o0291c 0xc00800         3.0
59868.141276 18.933071 0.089545   100.0     8 c    0   1.27 56.53985 -40.3383  2625.47  2667.00 2.13 1.86  45.7 -0.405    19.73 21.60 04a59868o0298c 0xc00800         3.0
59868.144001 18.967180 0.103953    97.0     9 c    0   1.22 56.53985 -40.3383  2681.89  2746.47 2.12 1.88  43.8 -0.407    19.74 21.64 04a59868o0304c 0xc00800         3.0
59868.170002 18.796518 0.078963   113.0     8 c    0   1.31 56.53985 -40.3383  2708.55  2633.93 2.13 1.88  48.5 -0.404    19.75 21.71 04a59868o0358c 0xc00800         3.0
59872.224491 19.038793 0.098703    91.0     8 c    0   1.51 56.53985 -40.3383  2705.11  2713.39 2.31 2.06  56.8 -0.388    19.65 21.61 04a59872o0443c 0xc00800         3.0
59872.229181 19.142275 0.122145    83.0     9 c    0   0.96 56.53985 -40.3383  2691.71  2674.10 2.30 2.09  41.8 -0.386    19.68 21.64 04a59872o0453c 0xc00800         3.0
59872.234268 19.038793 0.098703    91.0     8 c    0   1.84 56.53985 -40.3383  2753.52  2756.27 2.33 2.09  40.5 -0.383    19.64 21.65 04a59872o0464c 0xc00800         3.0
59872.239325 19.076453 0.089414    88.0     7 c    0   2.02 56.53985 -40.3383  2776.01  2641.03 2.36 2.11  44.9 -0.384    19.69 21.66 04a59872o0475c 0xc00800         3.0
59873.324053 19.241693 0.148731    76.0    10 c    0   0.83 56.53985 -40.3383  6120.87  7958.61 2.43 1.95 -74.3 -0.411    19.74 21.62 04a59873o0730c 0xc00800         3.0
59873.327205 19.183773 0.126904    80.0     9 c    0   1.14 56.53985 -40.3383  6138.65  7994.75 2.34 1.85 -75.8 -0.425    19.78 21.61 04a59873o0737c 0xc00900         3.0
59873.333019 19.026525 0.109794    92.0     9 c    0   1.29 56.53985 -40.3383  6080.77  7911.84 2.33 1.87 -72.6 -0.416    19.78 21.67 04a59873o0749c 0xc00900         3.0
59873.358244 19.014394 0.108574    93.0     9 c    0   1.10 56.53985 -40.3383  6053.13  8012.46 2.39 1.87 -74.4 -0.410    19.72 21.46 04a59873o0798c 0xc00800         3.0
59874.221412 19.038793 0.098703    91.0     8 c    0   1.88 56.53985 -40.3383  4599.80  2639.90 2.22 2.10  15.5 -0.406    19.82 21.87 04a59874o0491c 0xc00900         3.0
59874.223217 19.183773 0.098703    80.0     7 c    0   1.31 56.53985 -40.3383  4581.01  2600.94 2.10 2.00   6.3 -0.407    19.82 21.87 04a59874o0495c 0xc00800         3.0
59874.247145 18.967180 0.092403    97.0     8 c    0   1.37 56.53985 -40.3383  4663.70  2681.06 2.12 1.99 -10.7 -0.403    19.79 21.85 04a59874o0542c 0xc00800         3.0
59874.250305 19.128787 0.120637    84.0     9 c    0   0.90 56.53985 -40.3383  4686.52  2563.58 1.97 1.91   0.1 -0.409    19.83 21.88 04a59874o0549c 0xc00900         3.0
59876.123781 19.142275 0.108574    83.0     8 c    0   1.66 56.53985 -40.3383  4543.36  2636.01 2.18 2.12   2.6 -0.388    19.64 21.67 04a59876o0301c 0xc00800         3.0
59876.126554 19.115465 0.119166    85.0     9 c    0   1.15 56.53985 -40.3383  4527.18  2596.29 2.15 2.08  -5.2 -0.391    19.63 21.67 04a59876o0307c 0xc00800         3.0
59876.130208 19.212347 0.130288    78.0     9 c    0   1.43 56.53985 -40.3383  4582.78  2675.21 2.18 2.11  -3.2 -0.387    19.66 21.70 04a59876o0315c 0xc00800         3.0
59876.158644 19.051202 0.099838    90.0     8 c    0   1.41 56.53985 -40.3383  4613.45  2561.35 2.05 2.00  -0.2 -0.397    19.72 21.72 04a59876o0376c 0xc00800         3.0
59877.214611 19.102305 0.104649    86.0     8 c    0   1.08 56.53985 -40.3383  4602.12  2638.74 2.21 2.17  12.3 -0.388    19.72 21.76 04a59877o0478c 0xc00800         3.0
59877.216413 19.472870 0.165621    62.0     9 c    0   0.91 56.53985 -40.3383  4583.46  2599.61 2.37 2.28  20.9 -0.378    19.64 21.76 04a59877o0482c 0xc00800         3.0
59877.236460 19.169763 0.139197    81.0    10 c    0   0.73 56.53985 -40.3383  4662.28  2678.42 2.28 2.11   3.9 -0.389    19.69 21.71 04a59877o0523c 0xc00800         3.0
59877.257625 19.287255 0.124084    73.0     8 c    0   1.40 56.53985 -40.3383  6072.97  8085.42 2.43 2.04 -65.9 -0.401    19.71 21.68 04a59877o0565c 0xc00900         3.0
59878.297800 19.334813 0.145845    70.0     9 c    0   1.24 56.53985 -40.3383  6129.34  7968.05 2.63 2.21 -71.2 -0.377    19.62 21.56 04a59878o0669c 0xc00800         3.0
59878.300956 19.631075 0.234178    54.0    11 c    0   1.00 56.53985 -40.3383  6147.22  8004.15 2.71 2.36 -73.2 -0.375    19.60 21.55 04a59878o0676c 0xc00800         3.0
59878.324872 19.226921 0.146721    77.0    10 c    0   1.02 56.53985 -40.3383  6083.74  7911.57 2.52 2.14 -75.9 -0.386    19.62 21.45 04a59878o0727c 0xc00800         3.0
59878.330678 19.609992 0.208795    55.0    10 c    0   0.87 56.53985 -40.3383  6061.66  8022.72 2.53 2.06 -76.7 -0.393    19.63 21.44 04a59878o0736c 0xc00900         3.0
59880.128878 19.367717 0.133629    68.0     8 c    0   1.45 56.53985 -40.3383  4551.03  2637.78 2.27 2.24  19.3 -0.396    19.63 21.68 04a59880o0304c 0xc00800         3.0
59880.131134 19.367717 0.150333    68.0     9 c    0   1.17 56.53985 -40.3383  4531.89  2599.37 2.14 2.06   6.3 -0.393    19.66 21.67 04a59880o0309c 0xc00800         3.0
59880.134325 19.472870 0.165621    62.0     9 c    0   1.30 56.53985 -40.3383  4591.09  2676.03 2.22 2.14   5.3 -0.416    19.64 21.69 04a59880o0316c 0xc00800         3.0
59880.139748 19.212347 0.115812    78.0     8 c    0   1.11 56.53985 -40.3383  4610.24  2560.27 2.22 2.15  17.9 -0.388    19.65 21.71 04a59880o0328c 0xc00800         3.0
59881.271069 19.183773 0.112804    80.0     8 c    0   1.02 56.53985 -40.3383  8270.00  3957.78 2.44 1.92 -23.0 -0.401    19.76 21.72 04a59881o0593c 0xc00800         3.0
59881.274221 19.491430 0.131037    61.0     7 c    0   2.03 56.53985 -40.3383  8287.90  3993.57 2.40 1.91 -22.1 -0.416    19.77 21.70 04a59881o0600c 0xc00800         3.0
59881.296802 19.384550 0.203576    67.0    12 c    0   0.91 56.53985 -40.3383  8225.65  3898.15 2.69 2.00 -23.3 -0.385    19.37 21.83 04a59881o0647c 0xc00800         3.0
59881.302306 19.491430 0.187196    61.0    10 c    0   1.01 56.53985 -40.3383  8202.33  4008.78 2.35 1.95 -25.6 -0.403    19.72 21.52 04a59881o0658c 0xc00800         3.0
59897.917995 20.207197 0.289530    33.0     8 c    0   0.92 56.53985 -40.3383  2583.65  2570.25 2.40 2.23 -54.1 -0.402    19.79 21.93 03a59898o0356c 0xc00800         3.0
59897.919346 20.405150 0.304006    28.0     7 c    0   1.30 56.53985 -40.3383  2564.98  2530.73 2.36 2.20 -59.8 -0.406    19.78 21.91 03a59898o0359c 0xc00900         3.0
59897.944705 19.816329 0.201997    46.0     8 c    0   1.14 56.53985 -40.3383  7782.58  7889.85 2.55 2.27 -55.5 -0.397    19.84 21.85 03a59898o0411c 0xc00900         3.0
59897.949550 19.816329 0.176748    46.0     7 c    0   1.82 56.53985 -40.3383  2636.68  2497.84 2.38 2.24 -58.4 -0.399    19.79 21.72 03a59898o0420c 0xc00800         3.0
59898.862567 19.979496 0.205410    40.0     7 c    0   1.55 56.53985 -40.3383  2602.59  2564.57 2.51 2.29 -50.6 -0.398    19.78 21.84 03a59899o0235c 0xc00800         3.0
59898.865897 19.791368 0.197407    47.0     8 c    0   1.86 56.53985 -40.3383  2581.48  2525.72 2.77 2.51 -68.9 -0.395    19.57 21.93 03a59899o0241c 0xc00900         3.0
59898.871961 20.171596 0.315214    34.0     9 c    0   0.76 56.53985 -40.3383  2634.57  2607.05 2.73 2.51 -45.6 -0.389    19.69 21.87 03a59899o0253c 0xc00800         3.0
59898.891015 19.841877 0.206807    45.0     8 c    0   0.91 56.53985 -40.3383  2657.03  2491.78 2.66 2.40 -54.8 -0.397    19.75 21.88 03a59899o0291c 0xc00800         3.0
59899.961538 19.401649      NaN    30.0    12 c    0   1.11 56.53985 -40.3383  7816.33  7933.35 3.07 2.77 -49.2 -0.381    19.37 21.54 03a59900o0449c 0xc00800         3.0
59899.966285 19.766969 0.193020    48.0     8 c    0   1.29 56.53985 -40.3383  7831.54  7973.40 2.74 2.44 -53.7 -0.392    19.78 21.85 03a59900o0459c 0xc00900         3.0
59899.971553 19.609992      NaN    28.0     9 c    0   0.88 56.53985 -40.3383  7775.35  7894.28 2.63 2.27 -55.4 -0.394    19.76 21.76 03a59900o0470c 0xc00800         3.0
59899.981294 20.071303 0.255467    37.0     8 c    0   1.48 56.53985 -40.3383  7751.05  8010.77 2.70 2.31 -48.3 -0.394    19.80 21.82 03a59900o0490c 0xc00800         3.0
59902.003044 19.652575 0.238862    53.0    11 c    0   1.29 56.53985 -40.3383  7805.83  7938.67 2.89 2.44 -47.9 -0.386    19.44 21.65 03a59902o0388c 0xc00800         3.0
59902.012245 18.136622      NaN    13.0    64 c    0   1.34 56.53985 -40.3383  7767.10  7899.47 3.35 3.03 -45.9 -0.369    17.68 20.06 03a59902o0408c 0xc00800         3.0
59902.963131 20.137125 0.237505    35.0     7 c    0   1.51 56.53985 -40.3383  7813.19  7937.38 2.65 2.34 -48.1 -0.394    19.86 22.10 03a59903o0457c 0xc00900         3.0
59902.967276 19.894850 0.190004    43.0     7 c    0   1.39 56.53985 -40.3383  7830.54  7977.07 2.61 2.37 -51.9 -0.397    19.88 22.10 03a59903o0466c 0xc00800         3.0
59902.972795 19.743105      NaN    25.0     8 c    0   1.16 56.53985 -40.3383  7773.98  7896.83 2.73 2.45 -54.6 -0.391    19.75 21.99 03a59903o0478c 0xc00800         3.0
59902.983171 19.950541 0.285720    41.0    10 c    0   1.29 56.53985 -40.3383  7749.62  8013.48 2.71 2.32 -53.8 -0.391    19.56 21.72 03a59903o0500c 0xc00800         3.0
59903.853716 20.282105 0.271434    31.0     7 c    0   1.78 56.53985 -40.3383  4489.72  2545.15 2.34 2.16 -57.1 -0.402    19.83 21.79 03a59904o0214c 0xc00800         3.0
59903.856878 20.321591 0.241275    30.0     6 c    0   1.63 56.53985 -40.3383  4470.24  2506.15 2.39 2.14 -58.3 -0.398    19.83 21.79 03a59904o0221c 0xc00800         3.0
59903.860934 20.103715 0.230308    36.0     7 c    0   1.39 56.53985 -40.3383  4525.61  2585.08 2.34 2.11 -55.3 -0.402    19.83 21.81 03a59904o0230c 0xc00800         3.0
59903.866063 20.103715 0.263209    36.0     8 c    0   1.20 56.53985 -40.3383  4546.36  2470.25 2.36 2.17 -56.6 -0.403    19.85 21.84 03a59904o0241c 0xc00800         3.0
59905.895627 20.495680 0.330441    26.0     7 c    0   1.29 56.53985 -40.3383  4489.89  2543.86 2.34 2.14 -52.6 -0.407    19.92 21.98 03a59906o0305c 0xc00800         3.0
59905.897460 20.207197      NaN    15.0     6 c    0   1.41 56.53985 -40.3383  4470.82  2506.31 2.33 2.15 -56.7 -0.405    19.89 21.99 03a59906o0309c 0xc00800         3.0
59905.900687 20.103715 0.230308    36.0     7 c    0   1.36 56.53985 -40.3383  4524.41  2586.74 2.30 2.13 -48.6 -0.407    19.91 21.97 03a59906o0316c 0xc00800         3.0
59905.906134 20.647425 0.271434    23.0     5 c    0   2.86 56.53985 -40.3383  4545.40  2472.92 2.29 2.14 -43.0 -0.406    19.90 21.98 03a59906o0328c 0xc00800         3.0
59906.865399 19.719755      NaN    26.0     8 c    0   1.16 56.53985 -40.3383  4497.70  2542.59 2.43 2.20 -49.0 -0.402    19.89 22.05 03a59907o0221c 0xc00800         3.0
59906.868655 20.495680      NaN     8.0     6 c    0   1.79 56.53985 -40.3383  4480.54  2503.85 2.52 2.26 -56.5 -0.401    19.85 22.06 03a59907o0228c 0xc00800         3.0
59906.871811 20.039830 0.217147    38.0     7 c    0   1.28 56.53985 -40.3383  4534.60  2583.71 2.46 2.27 -48.8 -0.399    19.87 22.06 03a59907o0235c 0xc00800         3.0
59906.907516 19.950541      NaN    17.0     8 c    0   0.72 56.53985 -40.3383  4549.46  2469.50 2.60 2.34 -43.6 -0.395    19.81 22.11 03a59907o0309c 0xc00800         3.0
59907.952148 20.362567      NaN     5.0     8 c    0   0.94 56.53985 -40.3383  5919.35  7955.46 2.75 2.53 -50.4 -0.384    19.81 22.11 03a59908o0426c 0xc00800         3.0
59907.955784 20.103715      NaN    15.0     7 c    0   1.35 56.53985 -40.3383  5935.57  7994.86 2.77 2.56 -50.6 -0.388    19.79 22.12 03a59908o0434c 0xc00900         3.0
59907.961215 20.543943      NaN     4.0     7 c    0   1.10 56.53985 -40.3383  5879.31  7915.52 2.75 2.51 -50.2 -0.385    19.81 22.10 03a59908o0446c 0xc00800         3.0
59907.972738 19.841877      NaN    21.0     8 c    0   0.91 56.53985 -40.3383  5853.53  8031.59 2.66 2.39 -46.2 -0.381    19.85 22.07 03a59908o0471c 0xc00800         3.0
59909.935311 19.609992      NaN    25.0    10 c    0   1.03 56.53985 -40.3383  5920.30  7952.84 3.46 2.86  -5.3 -0.353    19.59 22.11 03a59910o0385c 0xc00800         3.0
59909.960774 19.950541      NaN     8.0    11 c    0   1.47 56.53985 -40.3383  5933.08  7997.30 2.69 2.44 -50.0 -0.373    19.32 21.49 03a59910o0439c 0xc00800         3.0
59909.963929 17.336719      NaN   203.0    74 c    0   1.44 56.53985 -40.3383  5876.21  7916.29 2.77 2.43 -48.9 -0.363    17.22 19.25 03a59910o0446c 0xc00800         3.0
59910.933471 20.137125 0.271434    35.0     8 c    0   1.38 56.53985 -40.3383  5919.79  7958.18 3.07 2.70 -18.9 -0.360    19.68 22.06 03a59911o0369c 0xc00800         3.0
59910.940031 20.282105 0.310210    31.0     8 c    0   1.20 56.53985 -40.3383  5936.66  7998.50 3.00 2.69 -44.4 -0.364    19.73 22.06 03a59911o0383c 0xc00800         3.0
59910.943202 19.979496 0.264098    40.0     9 c    0   0.95 56.53985 -40.3383  5880.50  7919.74 3.40 3.16 -55.6 -0.352    19.56 22.09 03a59911o0390c 0xc00800         3.0
59910.976042 20.321591 0.361912    30.0     9 c    0   1.16 56.53985 -40.3383  5851.09  8036.50 3.31 3.05 -60.3 -0.365    19.56 21.98 03a59911o0459c 0xc00800         3.0
59928.169786 20.071303      NaN    10.0     9 c    0   1.14 56.53985 -40.3383 10322.65  5838.01 2.84 2.17 -19.6 -0.429    19.78 21.85 04a59928o0331c 0xc00800         3.0
59928.171609 19.950541      NaN    20.0     7 c    0   1.36 56.53985 -40.3383   465.93  5810.40 2.49 2.06  68.5 -0.377    19.79 21.86 04a59928o0335c 0xc00800         3.0
59928.172960 19.472870      NaN    32.0    10 c    0   1.22 56.53985 -40.3383 10341.02  5875.67 2.89 2.17 -18.1 -0.423    19.76 21.82 04a59928o0338c 0xc00800         3.0
59928.174775 19.894850      NaN    19.0     8 c    0   1.61 56.53985 -40.3383   484.21  5845.99 2.52 2.09  69.7 -0.376    19.73 21.83 04a59928o0342c 0xc00800         3.0
59928.176126 19.510313      NaN    30.0    10 c    0   1.24 56.53985 -40.3383 10281.58  5793.94 2.84 2.18 -20.6 -0.427    19.74 21.78 04a59928o0345c 0xc00800         3.0
59928.178384 20.009244      NaN    15.0     8 c    0   1.47 56.53985 -40.3383   426.14  5766.97 2.52 2.07  68.7 -0.376    19.74 21.77 04a59928o0350c 0xc00900         3.0
59928.180186 20.137125 0.305363    35.0     9 c    0   1.45 56.53985 -40.3383 10260.72  5907.07 2.70 2.13 -20.1 -0.431    19.75 21.72 04a59928o0354c 0xc00800         3.0
59928.181989 20.244005 0.336953    32.0     9 c    0   0.86 56.53985 -40.3383   404.92  5882.04 2.55 2.06  69.9 -0.378    19.73 21.75 04a59928o0358c 0xc00800         3.0
59929.176337 20.449472      NaN    -6.0     8 c    0   0.97 56.53985 -40.3383   370.58  3868.93 2.77 2.13  51.9 -0.363    19.51 21.90 04a59929o0346c 0xc00800         3.0
59929.179989 20.039830      NaN     8.0    10 c    0   1.27 56.53985 -40.3383   388.91  3905.10 2.70 2.06  49.7 -0.366    19.40 21.83 04a59929o0354c 0xc00800         3.0
59929.185521 19.454622      NaN    30.0    11 c    0   1.35 56.53985 -40.3383   328.18  3825.36 2.70 2.19  44.4 -0.359    19.51 21.84 04a59929o0366c 0xc00800         3.0
59929.201443 20.543943      NaN     4.0     7 c    0   1.61 56.53985 -40.3383   303.49  3933.00 2.63 2.00  48.3 -0.375    19.77 21.87 04a59929o0399c 0xc00800         3.0
59932.122283 19.766969 0.241275    48.0    10 c    0   1.12 56.53985 -40.3383 10241.43  3926.44 3.18 2.17 -21.8 -0.389    19.71 22.00 04a59932o0225c 0xc00800         3.0
59932.125436 19.766969      NaN    21.0     9 c    0   1.06 56.53985 -40.3383 10259.80  3963.03 3.18 2.16 -18.7 -0.394    19.70 21.99 04a59932o0232c 0xc00900         3.0
59932.131756 19.472870      NaN    32.0    10 c    0   1.18 56.53985 -40.3383 10200.18  3878.09 3.20 2.17 -19.1 -0.392    19.72 22.01 04a59932o0246c 0xc00800         3.0
59932.135379 20.071303 0.255467    37.0     8 c    0   1.20 56.53985 -40.3383   377.92  3900.17 2.77 2.19  49.1 -0.364    19.73 22.03 04a59932o0254c 0xc00800         3.0
59932.139002 20.594452      NaN     2.0     7 c    0   1.21 56.53985 -40.3383   396.70  3935.02 2.73 2.16  49.8 -0.365    19.72 22.00 04a59932o0262c 0xc00800         3.0
59932.142623 20.207197      NaN    -1.0    10 c    0   1.03 56.53985 -40.3383 10178.14  3986.00 3.23 2.25 -21.6 -0.382    19.70 21.98 04a59932o0270c 0xc00900         3.0
59932.144889 19.979496      NaN    16.0     8 c    0   1.44 56.53985 -40.3383   337.64  3853.74 2.84 2.12  48.2 -0.360    19.71 21.97 04a59932o0275c 0xc00800         3.0
59932.175134 20.321591 0.321700    30.0     8 c    0   1.40 56.53985 -40.3383   313.41  3945.28 2.68 2.04  49.8 -0.375    19.72 21.95 04a59932o0340c 0xc00800         3.0
59934.161591 19.589310      NaN    23.0    11 c    0   1.38 56.53985 -40.3383   371.26  3872.24 2.78 2.20  43.3 -0.360    19.40 21.77 04a59934o0310c 0xc00800         3.0
59934.164744 19.436675      NaN    25.0    13 c    0   0.73 56.53985 -40.3383   389.72  3908.24 2.67 2.18  45.6 -0.368    19.40 21.78 04a59934o0317c 0xc00800         3.0
59934.170164 20.009244      NaN    -4.0    12 c    0   0.89 56.53985 -40.3383   328.01  3828.33 2.75 2.17  47.1 -0.366    19.36 21.76 04a59934o0329c 0xc00800         3.0
59934.197447 20.282105      NaN     7.0     8 c    0   1.36 56.53985 -40.3383   300.19  3928.94 2.64 1.99  49.4 -0.370    19.77 21.90 04a59934o0386c 0xc00800         3.0
59936.132845 19.401649      NaN    33.0    11 c    0   1.31 56.53985 -40.3383 10239.71  3909.44 3.02 2.08 -20.9 -0.413    19.77 21.99 04a59936o0243c 0xc00800         3.0
59936.136052 20.039830      NaN    11.0     9 c    0   1.21 56.53985 -40.3383 10258.57  3945.41 3.07 2.11 -22.0 -0.402    19.77 22.00 04a59936o0250c 0xc00800         3.0
59936.142258 19.868040      NaN    14.0    10 c    0   1.04 56.53985 -40.3383 10200.01  3863.30 2.96 2.21 -21.2 -0.398    19.76 21.90 04a59936o0263c 0xc00800         3.0
59936.148356 20.071303      NaN    16.0     7 c    0   1.44 56.53985 -40.3383   376.53  3877.31 2.64 1.98  48.7 -0.372    19.80 21.97 04a59936o0276c 0xc00800         3.0
59936.151527 20.137125      NaN    11.0     8 c    0   1.45 56.53985 -40.3383   395.57  3912.70 2.67 1.99  52.5 -0.374    19.81 21.99 04a59936o0283c 0xc00800         3.0
59936.152879 20.321591      NaN     3.0     9 c    0   1.19 56.53985 -40.3383 10174.29  3969.84 3.16 2.16 -22.2 -0.397    19.73 21.98 04a59936o0286c 0xc00800         3.0
59936.159191 20.282105      NaN     7.0     8 c    0   1.20 56.53985 -40.3383   335.64  3830.90 2.97 2.17  52.9 -0.362    19.75 21.99 04a59936o0300c 0xc00900         3.0
59936.170035 19.791368      NaN    23.0     8 c    0   1.02 56.53985 -40.3383   312.32  3941.43 2.65 1.99  47.3 -0.376    19.82 22.00 04a59936o0324c 0xc00800         3.0
59938.102611 20.103715      NaN     9.0     9 c    0   1.20 56.53985 -40.3383  2169.72  7737.35 3.02 2.58 -88.7 -0.350    19.64 22.14 04a59938o0174c 0xc00900         3.0
59938.112402 20.449472      NaN    -9.0     8 c    0   1.12 56.53985 -40.3383  2187.03  7766.17 3.20 2.61  89.3 -0.345    19.61 22.13 04a59938o0193c 0xc00800         3.0
59938.142179 19.791368      NaN    20.0     9 c    0   1.37 56.53985 -40.3383  2129.07  7662.56 3.02 2.56 -86.3 -0.355    19.58 22.16 04a59938o0257c 0xc00800         3.0
59938.145399 19.743105      NaN    22.0     9 c    0   0.97 56.53985 -40.3383  2107.74  7776.67 3.23 2.59 -76.7 -0.347    19.59 22.09 04a59938o0264c 0xc00800         3.0
59940.121076 20.071303      NaN    13.0     8 c    0   1.34 56.53985 -40.3383  2169.47  7717.63 2.65 2.15 -85.2 -0.371    19.76 21.99 04a59940o0216c 0xc00800         3.0
59940.124241 20.071303      NaN    10.0     9 c    0   0.90 56.53985 -40.3383  2186.87  7753.07 2.72 2.11 -81.3 -0.373    19.72 22.04 04a59940o0223c 0xc00800         3.0
59940.129685 20.405150      NaN     7.0     7 c    0   1.25 56.53985 -40.3383  2129.38  7672.10 2.74 2.14 -84.5 -0.366    19.76 22.07 04a59940o0235c 0xc00800         3.0
59940.140538 19.894850      NaN    22.0     7 c    0   1.65 56.53985 -40.3383  2105.89  7779.38 2.65 2.06 -87.1 -0.374    19.76 22.08 04a59940o0259c 0xc00800         3.0
59957.849582 16.414207      NaN  -147.0   329 c    0   1.28 56.53985 -40.3383  3104.38  1623.90 2.40 2.16 -63.8 -0.400    17.05 19.00 03a59958o0167c 0xc00802         3.0
59957.854105 18.990530      NaN     5.0    30 c    0   1.60 56.53985 -40.3383  3123.58  1650.57 2.39 2.13 -68.9 -0.397    18.52 20.55 03a59958o0177c 0xc00900         3.0
59957.860481 19.766969      NaN   -13.0    15 c    0   1.39 56.53985 -40.3383  3068.70  1555.85 2.41 2.13 -65.8 -0.395    19.20 21.33 03a59958o0190c 0xc00800         3.0
59957.871821 20.594452      NaN     1.0     7 c    0   1.21 56.53985 -40.3383  3051.51  1641.07 2.35 2.12 -58.8 -0.402    19.82 21.96 03a59958o0215c 0xc00800         3.0
59959.818544 20.103715      NaN     9.0     9 c    0   1.55 56.53985 -40.3383  7477.53 10027.49 3.23 2.75 -60.1 -0.368    19.68 21.86 03a59960o0101c 0xc00800         3.0
59959.821518 19.674510      NaN    25.0     9 c    0   1.28 56.53985 -40.3383  7494.74 10059.38 3.17 2.79 -59.0 -0.365    19.67 21.86 03a59960o0107c 0xc00800         3.0
59959.827000 19.589310      NaN    29.0     9 c    0   1.56 56.53985 -40.3383  7441.08  9963.44 3.16 2.78 -61.5 -0.362    19.62 21.87 03a59960o0119c 0xc00800         3.0
59959.839500 19.766969      NaN    18.0    10 c    0   1.18 56.53985 -40.3383  7419.61 10045.68 3.24 2.87 -57.5 -0.360    19.63 21.86 03a59960o0146c 0xc00800         3.0
59963.849083 20.171596      NaN    10.0     8 c    0   1.51 56.53985 -40.3383  7484.40  9915.84 2.80 2.31 -51.1 -0.397    19.83 21.81 03a59964o0174c 0xc00800         3.0
59963.852290 19.894850      NaN    19.0     8 c    0   1.45 56.53985 -40.3383  7502.20  9945.87 2.84 2.36 -50.9 -0.388    19.82 21.81 03a59964o0181c 0xc00800         3.0
59963.857785 20.207197      NaN     6.0     9 c    0   0.78 56.53985 -40.3383  7453.17  9851.21 2.77 2.32 -53.6 -0.394    19.80 21.80 03a59964o0193c 0xc00800         3.0
59965.817475 19.868040      NaN    17.0     9 c    0   0.61 56.53985 -40.3383 10154.59  4005.33 2.45 1.99 -62.7 -0.376    19.89 21.92 03a59966o0103c 0xc00800         3.0
59965.820692 20.405150      NaN     7.0     7 c    0   1.07 56.53985 -40.3383 10173.01  4045.04 2.47 1.98 -60.3 -0.379    19.91 21.93 03a59966o0110c 0xc00800         3.0
59965.822498 20.244005      NaN    11.0     7 c    0   1.35 56.53985 -40.3383   316.78  3727.94 2.27 2.07 -65.0 -0.399    19.91 21.97 03a59966o0114c 0xc00900         3.0
59965.826180 20.137125      NaN    14.0     7 c    0   1.36 56.53985 -40.3383   335.02  3766.03 2.32 2.14 -68.5 -0.398    19.93 21.96 03a59966o0122c 0xc00800         3.0
59965.827081 20.071303      NaN    13.0     8 c    0   1.05 56.53985 -40.3383 10115.75  3962.57 2.50 2.03 -60.1 -0.381    19.87 21.90 03a59966o0124c 0xc00800         3.0
59965.831400 19.816329      NaN    22.0     8 c    0   1.19 56.53985 -40.3383   278.51  3690.30 2.29 2.09 -60.8 -0.400    19.90 21.94 03a59966o0133c 0xc00800         3.0
59965.837520 19.950541      NaN    20.0     7 c    0   1.47 56.53985 -40.3383 10094.32  4080.48 2.47 2.01 -61.5 -0.377    19.87 21.86 03a59966o0146c 0xc00800         3.0
59965.841238 19.719755      NaN    26.0     8 c    0   1.45 56.53985 -40.3383   256.27  3808.73 2.35 2.13 -60.2 -0.404    19.89 21.92 03a59966o0154c 0xc00800         3.0
59969.802889 20.009244      NaN    15.0     8 c    0   1.07 56.53985 -40.3383  2011.63  7593.05 2.52 2.30 -52.6 -0.388    19.68 21.44 03a59970o0071c 0xc00800         3.0
59969.806325 20.009244      NaN     9.0    10 c    0   1.08 56.53985 -40.3383  2029.50  7632.68 2.55 2.30 -49.6 -0.392    19.70 21.48 03a59970o0078c 0xc00900         3.0
59969.811488 20.039830      NaN    11.0     9 c    0   1.02 56.53985 -40.3383  1974.49  7556.03 2.61 2.36 -49.7 -0.392    19.66 21.49 03a59970o0089c 0xc00900         3.0
59969.821495 20.449472      NaN    -8.0     8 c    0   1.49 56.53985 -40.3383  1951.21  7669.90 2.58 2.34 -50.4 -0.393    19.73 21.57 03a59970o0111c 0xc00900         3.0
59987.029909 19.766969      NaN   -18.0    15 c    0   1.12 56.53985 -40.3383  3790.43  9593.92 3.23 2.34 -79.3 -0.362    19.11 20.74 04a59987o0044c 0xc00800         3.0
59987.033521 19.922338      NaN     1.0    13 c    0   1.05 56.53985 -40.3383  3808.56  9629.65 3.23 2.43 -76.7 -0.369    19.25 21.14 04a59987o0052c 0xc00800         3.0
59987.049385 20.103715      NaN    -7.0    11 c    0   1.43 56.53985 -40.3383  3748.84  9544.49 3.36 2.47 -78.8 -0.357    19.32 21.48 04a59987o0087c 0xc00800         3.0
59987.054811 19.696897      NaN     9.0    14 c    0   0.81 56.53985 -40.3383  3726.09  9660.99 3.40 2.42 -80.9 -0.355    19.34 21.48 04a59987o0099c 0xc00800         3.0
59988.024310 19.302877      NaN    18.0    18 c    0   1.59 56.53985 -40.3383  3791.03  9595.51 3.07 2.08 -77.0 -0.398    18.84 19.87 04a59988o0033c 0xc00900         3.0
59988.027464 19.302877      NaN    27.0    15 c    0   1.19 56.53985 -40.3383  3809.24  9631.92 3.27 2.27 -76.2 -0.379    19.10 20.53 04a59988o0040c 0xc00900         3.0
59988.035293 19.922338      NaN    -2.0    13 c    0   0.89 56.53985 -40.3383  3752.73  9548.53 3.17 2.24 -76.9 -0.401    19.40 21.48 04a59988o0057c 0xc00800         3.0
59988.050369 20.009244      NaN    -1.0    12 c    0   0.88 56.53985 -40.3383  3730.34  9658.97 3.51 2.42 -81.3 -0.361    19.45 21.74 04a59988o0090c 0xc00800         3.0
59992.033367 19.674510      NaN    19.0    11 c    0   1.21 56.53985 -40.3383  3789.28  9585.62 3.22 2.21 -78.2 -0.376    19.40 21.45 04a59992o0035c 0xc00800         3.0
59992.036528 20.449472      NaN    -7.0     8 c    0   2.11 56.53985 -40.3383  3806.88  9622.35 3.23 2.19 -80.6 -0.378    19.47 21.56 04a59992o0042c 0xc00800         3.0
59992.043791 20.171596      NaN     4.0    10 c    0   1.22 56.53985 -40.3383  3747.98  9542.15 3.08 2.14 -81.8 -0.379    19.52 21.65 04a59992o0058c 0xc00900         3.0
59992.053568 19.696897      NaN    15.0    12 c    0   0.96 56.53985 -40.3383  3726.14  9656.70 3.29 2.22 -81.7 -0.370    19.51 21.69 04a59992o0079c 0xc00800         3.0
60000.112289 20.009244      NaN    -2.0    12 c    0   1.15 56.53985 -40.3383  6258.88  3970.73 2.63 2.56 -23.4 -0.362    19.21 21.22 04a60000o0233c 0xc00800         3.0
60000.121071 19.791368      NaN    17.0    10 c    0   1.42 56.53985 -40.3383  6272.29  4012.68 2.49 2.33 -33.9 -0.374    19.26 21.13 04a60000o0252c 0xc00800         3.0
60000.151200 19.922338      NaN    12.0    10 c    0   1.66 56.53985 -40.3383  6190.99  3946.87 2.43 2.22 -21.2 -0.365    19.13 20.91 04a60000o0308c 0xc00800         3.0
60018.781133 20.103715      NaN    -5.0    11 c    0   0.98 56.53985 -40.3383  3599.37  9566.55 3.01 2.63 -38.5 -0.359    19.47 21.42 03a60019o0107c 0xc00800         3.0
60057.966130 18.336727      NaN   -98.0    56 c    0   1.22 56.53985 -40.3383  9493.50  9874.16 3.36 2.87 -67.5 -0.365    17.72 18.36 04a60058o0026c 0xc00800         3.0
60057.969322 18.504094      NaN    21.0    42 c    0   1.25 56.53985 -40.3383  9511.31  9913.78 3.29 2.84 -70.1 -0.370    18.08 19.03 04a60058o0033c 0xc00800         3.0
60057.974790 18.955691      NaN    11.0    29 c    0   1.11 56.53985 -40.3383  9450.23  9834.27 3.14 2.70 -69.4 -0.370    18.52 19.70 04a60058o0045c 0xc00800         3.0
60057.985489 19.051202      NaN   -15.0    29 c    0   0.76 56.53985 -40.3383  9424.79  9957.77 3.43 2.85 -67.9 -0.360    18.58 19.98 04a60058o0068c 0xc00900         3.0
60112.409793 19.979496      NaN     7.0    11 c    0   1.20 56.53985 -40.3383  4439.34  6604.39 2.29 1.99 -75.9 -0.376    19.38 21.20 04a60112o0982c 0xc00800         3.0
60112.419418 20.207197      NaN    -5.0    10 c    0   1.56 56.53985 -40.3383  4415.85  6567.99 2.19 1.87 -76.8 -0.383    19.42 21.23 04a60112o1001c 0xc00800         3.0
60112.422698 20.009244      NaN    -7.0    12 c    0   1.00 56.53985 -40.3383  4473.58  6646.59 2.22 1.88 -77.2 -0.383    19.38 21.23 04a60112o1008c 0xc00800         3.0
60112.428821 19.609992      NaN    19.0    12 c    0   1.26 56.53985 -40.3383  4491.11  6531.90 2.20 1.85 -77.6 -0.380    19.37 21.16 04a60112o1021c 0xc00800         3.0
60112.444878 18.720295      NaN    31.0    30 c    0   1.58 56.53985 -40.3383  4448.27  6593.35 2.29 1.95 -75.5 -0.364    18.21 19.02 04a60112o1055c 0xc00800         3.0
60141.175156 19.868040      NaN    11.0    11 c    0   0.82 56.53985 -40.3383  4940.43   536.81 2.51 2.43 -34.3 -0.374    19.64 21.54 03a60141o0873c 0xc00800         3.0
60141.186501 19.894850 0.352864    43.0    13 c    0   1.22 56.53985 -40.3383  4997.71   616.24 2.75 2.66 -23.2 -0.363    19.29 20.85 03a60141o0896c 0xc00900         3.0
60142.045741 18.534680      NaN    47.0    32 c    0   1.41 56.53985 -40.3383  9908.40  8363.95 2.80 2.32 -52.1 -0.394    18.60 20.35 03a60142o0703c 0xc00800         3.0
60142.048612 20.009244      NaN    -4.0    12 c    0   1.52 56.53985 -40.3383  9889.00  8324.29 2.86 2.48 -51.6 -0.385    19.06 20.91 03a60142o0709c 0xc00800         3.0
60142.089558 19.922338      NaN    -4.0    13 c    0   1.14 56.53985 -40.3383  9965.34  8275.85 2.57 2.22 -52.6 -0.396    19.18 20.91 03a60142o0794c 0xc00800         3.0
60179.341872 19.950541      NaN    14.0     9 c    0   1.10 56.53985 -40.3383  4285.68  4702.08 2.17 2.08 -83.8 -0.368    19.59 21.71 04a60179o0765c 0xc00800         3.0
60179.343690 20.321591      NaN    -7.0     9 c    0   1.14 56.53985 -40.3383  4266.90  4664.58 2.16 2.04 -85.0 -0.370    19.62 21.74 04a60179o0769c 0xc00800         3.0
60179.346476 20.009244      NaN    15.0     8 c    0   1.52 56.53985 -40.3383  4326.28  4742.86 2.30 2.19 -80.5 -0.359    19.61 21.72 04a60179o0775c 0xc00800         3.0
60179.358460 20.321591      NaN     2.0     9 c    0   1.11 56.53985 -40.3383  4353.68  4628.67 2.47 2.39 -74.9 -0.355    19.53 21.80 04a60179o0798c 0xc00800         3.0
60204.935235 20.449472      NaN    -5.0     8 c    0   1.30 56.53985 -40.3383  7899.73  8431.46 2.65 2.25 -49.4 -0.396    19.66 21.54 03a60205o0460c 0xc00900         3.0
60204.937113 20.449472      NaN     3.0     8 c    0   1.20 56.53985 -40.3383  7879.81  8392.83 2.56 2.21 -48.7 -0.398    19.65 21.53 03a60205o0464c 0xc00800         3.0
60204.940362 19.922338      NaN    12.0    10 c    0   0.81 56.53985 -40.3383  7938.01  8470.50 2.58 2.22 -49.1 -0.399    19.67 21.55 03a60205o0471c 0xc00800         3.0
60204.964816 20.449472      NaN     2.0     8 c    0   1.60 56.53985 -40.3383  7957.13  8355.81 2.59 2.35 -49.3 -0.393    19.65 21.59 03a60205o0522c 0xc00800         3.0
60210.021224 20.321591      NaN    -7.0     9 c    0   1.04 56.53985 -40.3383  6951.53   976.57 2.37 2.21 -44.8 -0.416    19.75 21.67 03a60210o0622c 0xc00900         3.0
60210.023063 20.449472      NaN   -12.0     8 c    0   1.19 56.53985 -40.3383  6933.16   937.44 2.40 2.26 -37.8 -0.418    19.77 21.65 03a60210o0626c 0xc00800         3.0
60210.026815 19.816329      NaN    19.0     9 c    0   1.20 56.53985 -40.3383  6990.71  1017.03 2.44 2.28 -43.5 -0.415    19.73 21.63 03a60210o0634c 0xc00800         3.0
60210.034968 19.894850      NaN    19.0     8 c    0   1.05 56.53985 -40.3383  7015.10   901.45 2.40 2.28 -36.9 -0.414    19.76 21.64 03a60210o0652c 0xc00900         3.0
60257.980470 20.282105      NaN     7.0     8 c    0   1.54 56.53985 -40.3383  9329.96 10002.92 2.81 2.43 -59.3 -0.404    19.81 21.98 03a60258o0439c 0xc00800         3.0
60257.983338 20.244005      NaN     5.0     9 c    0   1.27 56.53985 -40.3383  9346.70 10043.34 2.80 2.48 -56.1 -0.384    19.80 22.00 03a60258o0445c 0xc00800         3.0
60257.989436 20.321591      NaN    -7.0     9 c    0   1.26 56.53985 -40.3383  9291.43  9960.92 2.80 2.44 -60.8 -0.406    19.83 22.01 03a60258o0458c 0xc00800         3.0
60258.024532 20.449472      NaN   -17.0     8 c    0   1.32 56.53985 -40.3383  9266.41 10075.94 2.87 2.46 -54.6 -0.407    19.78 21.87 03a60258o0529c 0xc00900         3.0
60260.922554 20.594452      NaN    -2.0     7 c    0   1.20 56.53985 -40.3383  6968.53   981.09 2.53 2.26 -53.0 -0.397    19.79 21.89 03a60261o0307c 0xc00800         3.0
60260.924373 20.171596      NaN    10.0     8 c    0   0.81 56.53985 -40.3383  6951.41   942.19 2.50 2.30 -47.4 -0.402    19.79 21.90 03a60261o0311c 0xc00800         3.0
60260.927546 20.449472      NaN   -11.0     8 c    0   1.27 56.53985 -40.3383  7007.68  1021.31 2.56 2.27 -55.5 -0.399    19.77 21.88 03a60261o0318c 0xc00800         3.0
60260.933001 20.039830      NaN    14.0     8 c    0   1.28 56.53985 -40.3383  7030.97   905.05 2.49 2.28 -48.8 -0.404    19.78 21.88 03a60261o0330c 0xc00900         3.0
60287.278079 19.287255      NaN    19.0    18 c    0   0.72 56.53985 -40.3383  4492.60  2240.92 2.65 2.37 -58.0 -0.402    18.26 19.90 02a60287o0201c 0xc00800         3.0
60287.278531 19.351140      NaN     9.0    20 c    0   1.23 56.53985 -40.3383  4511.86  2279.64 2.58 2.41 -63.4 -0.400    18.49 20.14 02a60287o0202c 0xc00800         3.0
60287.278983 19.384550      NaN    16.0    17 c    0   1.21 56.53985 -40.3383  4452.37  2202.09 2.62 2.44 -59.7 -0.393    18.51 20.19 02a60287o0203c 0xc00800         3.0
60287.279436 19.115465      NaN    28.0    19 c    0   1.17 56.53985 -40.3383  4431.16  2318.17 2.64 2.47 -61.1 -0.399    18.68 20.35 02a60287o0204c 0xc00800         3.0
60287.279888 19.674510      NaN    13.0    13 c    0   1.12 56.53985 -40.3383  4471.18  2259.68 2.58 2.39 -60.4 -0.401    18.85 20.50 02a60287o0205c 0xc00800         3.0
60313.853876 20.137125      NaN    14.0     7 c    0   1.17 56.53985 -40.3383  4063.24  8053.38 2.52 2.27 -57.5 -0.378    19.84 21.93 03a60314o0126c 0xc00800         3.0
60313.857142 20.449472      NaN    -1.0     8 c    0   1.07 56.53985 -40.3383  4078.76  8092.23 2.70 2.45 -54.4 -0.370    19.76 21.93 03a60314o0133c 0xc00800         3.0
60313.862327 19.922338      NaN    18.0     8 c    0   1.24 56.53985 -40.3383  4025.78  8015.04 2.69 2.46 -52.9 -0.376    19.73 21.95 03a60314o0143c 0xc00800         3.0
60313.872546 20.282105      NaN     7.0     8 c    0   1.02 56.53985 -40.3383  4000.92  8127.56 2.64 2.39 -55.6 -0.372    19.77 21.96 03a60314o0165c 0xc00800         3.0
60321.833700 20.171596      NaN    10.0     8 c    0   1.26 56.53985 -40.3383  4663.38  2025.54 2.43 2.27 -58.0 -0.402    19.76 21.90 03a60322o0127c 0xc00800         3.0
60321.837879 20.071303      NaN    13.0     8 c    0   1.73 56.53985 -40.3383  4681.63  2065.95 2.38 2.19 -63.7 -0.403    19.78 21.86 03a60322o0136c 0xc00800         3.0
60321.843004 20.071303      NaN    13.0     8 c    0   0.93 56.53985 -40.3383  4624.29  1986.62 2.44 2.21 -62.9 -0.404    19.77 21.83 03a60322o0147c 0xc00900         3.0
60321.856501 20.449472      NaN    -2.0     8 c    0   1.09 56.53985 -40.3383  4600.94  2103.79 2.46 2.22 -64.2 -0.404    19.75 21.85 03a60322o0176c 0xc00800         3.0