    0.182154510692771193E-01    0.112617102439872241E+02    0.665332873486071813E-01   -0.151254106383032934E+02    0.899451195107097812E+00    0.237486532517397642E+01    0.543930231981930214E-02    0.150147436549032043E+01   -0.208477568813885394E+01   -0.215264143892429732E+00   -0.416295364781571309E+00   -0.380176636706143822E+00    0.454739534191364800E-01    0.881558947176775409E-01   -0.259404962870884825E+00   -0.106197460217330963E+01
    0.184392339540831555E-01    0.111972892822377208E+02    0.667521202914259926E-01   -0.149210630036773981E+02    0.894302783021204695E+00    0.237902725912770396E+01    0.548685187271354645E-02    0.144110414543033682E+01   -0.158785449128715883E+01   -0.216978369630226625E+00   -0.402589390339464337E+00   -0.383612418104162411E+00    0.780815763473431956E-01    0.910331636695566049E-01   -0.234819885850535676E+00   -0.106286686525908181E+01
    0.181395576403491805E-01    0.111900605144856247E+02    0.661300930212720545E-01   -0.149458794484755604E+02    0.891220503937255049E+00    0.247142361352901752E+01    0.551028240995400567E-02    0.155710663629751678E+01   -0.162545034934807053E+01   -0.214710526885706382E+00   -0.370112088428180053E+00   -0.382785508093983595E+00    0.547845139901029787E-01    0.950193508563374201E-01   -0.186338107340836168E+00   -0.105961230583006949E+01
    0.178195095542680870E-01    0.111856628326148559E+02    0.669477866310001501E-01   -0.151398897141660562E+02    0.891586163539890397E+00    0.233707792594027541E+01    0.547158412620707326E-02    0.154298033757916042E+01   -0.173726801561307265E+01   -0.213942226851927125E+00   -0.315440116284230410E+00   -0.381537957590504184E+00    0.520675157177364761E-01    0.932411486211380258E-01   -0.217386769955029979E+00   -0.106656997000420795E+01
    0.174831193886299599E-01    0.111837790134616295E+02    0.674477112278136226E-01   -0.150334869262288535E+02    0.898269592085982671E+00    0.232013304212051530E+01    0.547622479174573063E-02    0.151528196899776413E+01   -0.152608615336124953E+01   -0.215892797016637633E+00   -0.328690704644087228E+00   -0.377019397073276585E+00    0.681119650398304272E-01    0.892615618076351702E-01   -0.191286319363523333E+00   -0.106073775409074478E+01
    0.171710968857198380E-01    0.111797955180887580E+02    0.669459578737192779E-01   -0.150180419082819689E+02    0.895914365536760515E+00    0.233463869479579955E+01    0.546523442993857283E-02    0.145518422010382764E+01   -0.168387598853500919E+01   -0.214290300746808049E+00   -0.438381167091161705E+00   -0.384252432329126592E+00    0.866453433776723375E-01    0.915711186163678803E-01   -0.258900162385151011E+00   -0.106132106912716018E+01
    0.168617033236947711E-01    0.111761606815814822E+02    0.664717947666946668E-01   -0.149448527276906180E+02    0.898409139401173173E+00    0.247483938985021101E+01    0.548754331849037654E-02    0.148446367879019459E+01   -0.200484259777952456E+01   -0.215288148876820767E+00   -0.374530586507963448E+00   -0.379444130700324622E+00    0.931450479418486216E-01    0.883298163683407245E-01   -0.242305030762410778E+00   -0.106017970053883337E+01
    0.165843037019406253E-01    0.111693372556994124E+02    0.658833586140492450E-01   -0.149988547987502017E+02    0.902873917218221966E+00    0.244806376013579907E+01    0.548887960102421857E-02    0.148305747435424506E+01   -0.179925254973581916E+01   -0.216053693164264177E+00   -0.304249320929921629E+00   -0.379443585797945626E+00    0.489895128738006141E-01    0.895189899814180234E-01   -0.233388678224296153E+00   -0.106429628191154357E+01
    0.162740239029152689E-01    0.111671102094228445E+02    0.647498877140887941E-01   -0.152547363862673162E+02    0.904951841253784806E+00    0.240913215693832239E+01    0.552561283747950854E-02    0.145483654663500017E+01   -0.182352234005911096E+01   -0.216486410243161370E+00   -0.414438237923693831E+00   -0.382089434552105256E+00    0.581362371530817074E-01    0.891573155522995542E-01   -0.196930200412808842E+00   -0.105853353658185889E+01
    0.160995513067218841E-01    0.111486678266196240E+02    0.676982855890050916E-01   -0.151043845811565571E+02    0.896442135215397617E+00    0.250510752999006669E+01    0.548806375906801553E-02    0.150798274181053182E+01   -0.178964772851833454E+01   -0.216473267183671575E+00   -0.308421585750066840E+00   -0.378662659453162687E+00    0.579697235200128946E-01    0.861377168133206222E-01   -0.263948322585450534E+00   -0.106096771062827289E+01
    0.158335366897371273E-01    0.111419900998236301E+02    0.664769905723290866E-01   -0.150528235860635764E+02    0.895082963190817593E+00    0.241361786796034750E+01    0.546611491770706073E-02    0.154002809103098803E+01   -0.163428667448146481E+01   -0.215541938319560950E+00   -0.554108091311406925E+00   -0.384332894870610897E+00    0.735324873967497655E-01    0.909219680009081266E-01   -0.271957152120175127E+00   -0.106039762574430640E+01
    0.155472317574613644E-01    0.111384854300298741E+02    0.676919321625583797E-01   -0.150323823873433344E+02    0.892016461570223185E+00    0.241832019942512355E+01    0.549233216682478396E-02    0.148947758763571980E+01   -0.160460665372708733E+01   -0.217515807663060251E+00   -0.411452875555748998E+00   -0.383977811711198325E+00    0.382076278422554261E-01    0.918520056490407799E-01   -0.250451231616059089E+00   -0.105780542798706545E+01
    0.152605791985307056E-01    0.111357046705707408E+02    0.662130405471605676E-01   -0.150421421901207886E+02    0.891422501269722223E+00    0.238068521639833497E+01    0.548549601183804993E-02    0.149789803327691118E+01   -0.190863079746955533E+01   -0.215530761270324472E+00   -0.496397057934988672E+00   -0.377215210173425908E+00    0.755974741208023243E-01    0.899328954827482013E-01   -0.188560866898322715E+00   -0.106412877815945972E+01
    0.149648891441365589E-01    0.111348371643248232E+02    0.667979905215902309E-01   -0.151107172127381304E+02    0.902483938742916880E+00    0.235628760576255747E+01    0.546887440945235687E-02    0.152717151804754159E+01   -0.196038896221467707E+01   -0.214526909415726108E+00   -0.329287725800152309E+00   -0.382411443973876164E+00    0.462420074176632251E-01    0.897624018551532593E-01   -0.174533459351687070E+00   -0.106317778387370288E+01
    0.146715899055431167E-01    0.111344247029248979E+02    0.658273806759268471E-01   -0.151338514064584544E+02    0.900299614536452020E+00    0.236496686322089955E+01    0.546478688631911978E-02    0.150835300126158312E+01   -0.177152856784648671E+01   -0.215420566653109991E+00   -0.439205318662490851E+00   -0.379983599787724169E+00    0.543897692645878839E-01    0.909528846385200679E-01   -0.264490956101353814E+00   -0.106073792191471172E+01
    0.143981442742135025E-01    0.111320519746658544E+02    0.668596196138861593E-01   -0.151170457596261940E+02    0.892044064359438504E+00    0.244656734560419409E+01    0.548357453924845379E-02    0.153099897624750914E+01   -0.165871452913220208E+01   -0.217700567205629969E+00   -0.442798049575434616E+00   -0.379593109072194179E+00    0.674096707439826026E-01    0.915756016024141112E-01   -0.197991418098198618E+00   -0.106018762694658220E+01
    0.141209104707582505E-01    0.111309372096919841E+02    0.655693088123416867E-01   -0.151284970697097183E+02    0.902675353927677171E+00    0.246747369490849167E+01    0.552687181368461365E-02    0.158637735133921343E+01   -0.188266406703674871E+01   -0.216579842139282386E+00   -0.406800717392059807E+00   -0.375813946766073992E+00    0.431785602436226129E-01    0.917913032687036057E-01   -0.236690841848771705E+00   -0.106967451527296231E+01
    0.138426821700379735E-01    0.111307371718759747E+02    0.654230895895245301E-01   -0.151281128015874344E+02    0.896054927470544604E+00    0.247137297904951225E+01    0.548984515807752951E-02    0.148029669680524156E+01   -0.168112553702703948E+01   -0.217143572119869566E+00   -0.366575140132110067E+00   -0.383226029814859759E+00    0.664351884075457255E-01    0.927267073375840356E-01   -0.213176162417336418E+00   -0.106874579642049539E+01
    0.136093201244037506E-01    0.111247409089404652E+02    0.674639733887445053E-01   -0.151072169460523966E+02    0.904356987788590194E+00    0.251728783014073221E+01    0.547192606994445496E-02    0.153168114512282605E+01   -0.167259810984039259E+01   -0.214739495184503137E+00   -0.341168242344280503E+00   -0.377784536305577290E+00    0.495693613340231348E-01    0.928954939218725184E-01   -0.152986599755464969E+00   -0.106378476411059841E+01
    0.133517209557706251E-01    0.111229600573630911E+02    0.658086900469995878E-01   -0.150060947018284114E+02    0.893388514889768226E+00    0.235540601925532522E+01    0.553665471952722969E-02    0.155803740633929522E+01   -0.176238297850826564E+01   -0.216581241720372131E+00   -0.476718584498692421E+00   -0.386860229292608715E+00    0.826098667492730226E-01    0.917497798565690831E-01   -0.157900585533922111E+00   -0.106131704169272156E+01
    0.131012527931363230E-01    0.111208349141315477E+02    0.678817005369360543E-01   -0.151682389990324022E+02    0.891943037873958233E+00    0.238264642679033711E+01    0.550050963320478613E-02    0.150638165641194632E+01   -0.191429067388896512E+01   -0.213822114823761927E+00   -0.436790591869621436E+00   -0.380923781801502492E+00    0.732728052524237033E-01    0.901229405719497778E-01   -0.202401666165864691E+00   -0.106199856927884762E+01
    0.128542217949493762E-01    0.111189060280555623E+02    0.662844775556120369E-01   -0.150269328794558810E+02    0.901112151962917163E+00    0.238809428734271867E+01    0.548484767241454868E-02    0.152715361428296847E+01   -0.183736581281886568E+01   -0.216265719998384121E+00   -0.377449006760649131E+00   -0.381331818684952195E+00    0.596443729736998093E-01    0.891379338212787420E-01   -0.226990244608261449E+00   -0.105948448154385311E+01
    0.126042447790132902E-01    0.111181833426344401E+02    0.671364291358451104E-01   -0.150405696125811197E+02    0.895065289411845821E+00    0.242836705110401585E+01    0.550005357519004184E-02    0.147781401579893479E+01   -0.191450459703961795E+01   -0.215428013121516382E+00   -0.330901251063445256E+00   -0.383800009871977710E+00    0.731255191608305849E-01    0.922350823510819234E-01   -0.243271935457043315E+00   -0.106135570791802758E+01
    0.123706214798151391E-01    0.111156017794626614E+02    0.665370014721286263E-01   -0.150145354523340284E+02    0.892991166970022787E+00    0.232860536731987589E+01    0.550247990644579712E-02    0.150194745773222693E+01   -0.159742049978047040E+01   -0.217341980349341851E+00   -0.432299967534048146E+00   -0.380548917879073190E+00    0.786389949161290375E-01    0.896787579016406489E-01   -0.290717253041927415E+00   -0.105378496287865886E+01
    0.121306283202048722E-01    0.111147835905739889E+02    0.672617733695005243E-01   -0.152075653170742253E+02    0.896374290147831432E+00    0.242913505534725438E+01    0.548905034483202804E-02    0.154940795033404277E+01   -0.163420051792706489E+01   -0.214539731509498760E+00   -0.393844863750165808E+00   -0.378758680052558971E+00    0.574938224972987508E-01    0.877549061496343680E-01   -0.173581368005892467E+00   -0.106007032905682386E+01
    0.119201436483213023E-01    0.111097912063318152E+02    0.665881017096017352E-01   -0.152903806384453098E+02    0.900103111889380525E+00    0.236784905955601577E+01    0.551041930707510570E-02    0.156366294191067223E+01   -0.194663062966497891E+01   -0.217214065271071649E+00   -0.494792994936674058E+00   -0.382181731017846860E+00    0.591092342158238068E-01    0.914926031177755172E-01   -0.289880177986335863E+00   -0.106439146236031923E+01
    0.116947718414431977E-01    0.111079668499737760E+02    0.663775739710453921E-01   -0.151412608106127156E+02    0.899613704697360350E+00    0.246238485768950310E+01    0.548939884297849900E-02    0.151451095178297734E+01   -0.188467271367072953E+01   -0.218064634802838525E+00   -0.337775354440290165E+00   -0.378562697605541620E+00    0.508782847260429577E-01    0.914942468578395507E-01   -0.278543101407962235E+00   -0.106137278252708711E+01
    0.114887151606632033E-01    0.111035201051053658E+02    0.671560110467547683E-01   -0.151950036000666344E+02    0.899204196323520999E+00    0.244642897394356629E+01    0.548644708095976340E-02    0.151954789158406856E+01   -0.185392668510307468E+01   -0.214502035696354953E+00   -0.457916196275191756E+00   -0.378475351509758251E+00    0.563448944626785825E-01    0.902362897263730701E-01   -0.198119709577221914E+00   -0.106568566699033118E+01
    0.112765802768693153E-01    0.111007945652056996E+02    0.662096994435145830E-01   -0.152873584991002769E+02    0.895971176650200762E+00    0.237703831129391441E+01    0.552003427374866615E-02    0.153111119482958302E+01   -0.183413066574844397E+01   -0.214693881573357476E+00   -0.385888790517288971E+00   -0.384194380092145127E+00    0.839557696219707106E-01    0.919576162021627924E-01   -0.213779662598676617E+00   -0.106273714258858720E+01
    0.110745954694319547E-01    0.110969430539244041E+02    0.667721860158016767E-01   -0.149634048545772878E+02    0.898846712336368925E+00    0.235636655557233921E+01    0.549462435997661192E-02    0.157718101498639274E+01   -0.172963130777111118E+01   -0.214467788669385873E+00   -0.435341646605516663E+00   -0.384159965107646051E+00    0.693913997442087566E-01    0.916605050390394693E-01   -0.267257692372171674E+00   -0.105573323270700348E+01
    0.108667381220292018E-01    0.110948374808687511E+02    0.656306470595136443E-01   -0.149966210924652863E+02    0.898784672992978484E+00    0.243821459204368152E+01    0.550418383006398820E-02    0.151075159164377415E+01   -0.179691217692139760E+01   -0.215593687119683741E+00   -0.476099247754031396E+00   -0.383397417320380351E+00    0.678481068848212909E-01    0.924632612379353430E-01   -0.222011412846437800E+00   -0.106761310291448153E+01
    0.106581344398185198E-01    0.110936038359745677E+02    0.660760689012153263E-01   -0.151158623910020804E+02    0.902286081040093890E+00    0.245366111858883240E+01    0.549254554011485274E-02    0.150495988072682585E+01   -0.195631879698039057E+01   -0.214610692658180974E+00   -0.409310057077164835E+00   -0.375528693732136543E+00    0.629471638947062956E-01    0.916788708453470380E-01   -0.203289395200388912E+00   -0.106058669303190078E+01
    0.104635720493745314E-01    0.110904508386156131E+02    0.659888008908779550E-01   -0.150999034739522990E+02    0.894816371236016095E+00    0.246825755542328729E+01    0.550656866508518212E-02    0.154312833035909525E+01   -0.184924950421838452E+01   -0.218258893259488912E+00   -0.439667086097372928E+00   -0.384511388897983808E+00    0.654980921433458430E-01    0.893994179653869320E-01   -0.166167315898597262E+00   -0.106589696767551190E+01
    0.102687752206747796E-01    0.110880351138058018E+02    0.657664027577380128E-01   -0.150485434470845298E+02    0.899557425798260035E+00    0.248091598612393494E+01    0.552230843811164340E-02    0.157648315663026994E+01   -0.190015648467179354E+01   -0.215567924670839878E+00   -0.435690283303010184E+00   -0.378399324314662555E+00    0.341944277013405198E-01    0.882331182522283763E-01   -0.217474513382661438E+00   -0.106046799194132157E+01
    0.100694659744763621E-01    0.110872352835458745E+02    0.668014575511505920E-01   -0.150808010519549374E+02    0.895037400255365601E+00    0.237301242813338265E+01    0.552281446984244622E-02    0.147971981750626336E+01   -0.189366936519090134E+01   -0.214692446957501781E+00   -0.352414410551824264E+00   -0.378653866484696511E+00    0.774891908801044055E-01    0.916821448544848233E-01   -0.304988895960606743E+00   -0.105967565268516561E+01
    0.987159938306143674E-02    0.110869268611138381E+02    0.667309306216034848E-01   -0.150332475518011606E+02    0.898233978934981692E+00    0.238444183913160090E+01    0.553144728446904130E-02    0.149407644771660486E+01   -0.167474887238715175E+01   -0.217185077595480669E+00   -0.342355226440162030E+00   -0.384232326629529164E+00    0.742094320115785494E-01    0.884973232317431968E-01   -0.230374706343274505E+00   -0.106246671861385500E+01
    0.968142745545794332E-02    0.110858319218813470E+02    0.667082017614148148E-01   -0.151100188735171272E+02    0.894482405321992524E+00    0.246084520331615852E+01    0.551809271378624847E-02    0.154450851973313141E+01   -0.162381332566217318E+01   -0.215844451577220986E+00   -0.347496377572110493E+00   -0.379417047443579181E+00    0.683452821626264057E-01    0.885859621328013574E-01   -0.172349391326228785E+00   -0.106063717830338700E+01
    0.949086845593484149E-02    0.110855903891719318E+02    0.665194194239048936E-01   -0.149793268910235788E+02    0.903739853599913157E+00    0.253073659957580110E+01    0.550793021769690073E-02    0.152586940651815306E+01   -0.168233896524629478E+01   -0.214612610454662511E+00   -0.402582290011878619E+00   -0.377401627619497637E+00    0.786257887283022122E-01    0.919858654077922860E-01   -0.235774552513644625E+00   -0.106146583755312141E+01
    0.930918905717136036E-02    0.110842466655237608E+02    0.663795994316728755E-01   -0.150917935422986105E+02    0.900889007450371038E+00    0.243379011490925601E+01    0.551095185746082895E-02    0.152573390720704705E+01   -0.181938137827352708E+01   -0.217586336745339365E+00   -0.342593003287959830E+00   -0.378790274692325013E+00    0.616934192031408368E-01    0.887091117413615765E-01   -0.176147853749304695E+00   -0.106232818185829592E+01
    0.912778276259426993E-02    0.110836050050044914E+02    0.661295345574030302E-01   -0.151507505825715860E+02    0.898810006412164575E+00    0.240571890539517597E+01    0.552653241267232320E-02    0.155723403556975404E+01   -0.167945032383031667E+01   -0.217296467408229332E+00   -0.387638457374838041E+00   -0.379102525079922981E+00    0.632843651938578278E-01    0.886886951602477297E-01   -0.244563824813971264E+00   -0.106938334129137935E+01
    0.894981499529970068E-02    0.110829849092145629E+02    0.666164338953997570E-01   -0.151914015793552082E+02    0.895015597720573597E+00    0.234601951378019224E+01    0.550343280523885297E-02    0.154264251035448940E+01   -0.192703609967233613E+01   -0.216027424532604873E+00   -0.431265621032665192E+00   -0.379624849803586462E+00    0.362815197431655134E-01    0.907636294182804226E-01   -0.221358615736048009E+00   -0.106473485373919075E+01
    0.877280803370966006E-02    0.110829367486897610E+02    0.674298036924472766E-01   -0.152130525368354785E+02    0.895129640822152073E+00    0.240734868913797584E+01    0.550299026472855085E-02    0.145713500107499727E+01   -0.147845017331642659E+01   -0.215556084853235463E+00   -0.349248259382291537E+00   -0.379149942401083684E+00    0.591113648260710028E-01    0.901592956981738247E-01   -0.275162509184516735E+00   -0.106039160602987415E+01
    0.859996781398730814E-02    0.110827337101426497E+02    0.679221759207941506E-01   -0.150389619337465152E+02    0.893269414562961606E+00    0.248046799682827590E+01    0.552653721511940123E-02    0.151587963346711208E+01   -0.164294603793460547E+01   -0.215792640610634717E+00   -0.373223294427004804E+00   -0.380488813613026888E+00    0.600776550172379062E-01    0.904063691788622031E-01   -0.176555795485294653E+00   -0.106154493844636910E+01
    0.843912753705577424E-02    0.110804927697727020E+02    0.665723967965529267E-01   -0.150862104671005728E+02    0.902607065484646753E+00    0.237683417362715899E+01    0.552234537578197380E-02    0.154412964752713489E+01   -0.198255994088905707E+01   -0.218047531550903895E+00   -0.363478071624235399E+00   -0.379570715215928556E+00    0.604690253026990143E-01    0.916408463821821312E-01   -0.205940304828755388E+00   -0.106032483292861190E+01
    0.827666237004685314E-02    0.110793710480735204E+02    0.675982481413080483E-01   -0.151375262443753442E+02    0.900966847227714585E+00    0.243965754830526915E+01    0.557263220778507398E-02    0.155111881519539896E+01   -0.178731933116096742E+01   -0.216750258802159923E+00   -0.468756373065166987E+00   -0.380924138281461100E+00    0.627632781676950857E-01    0.889554806049469848E-01   -0.276642505220399570E+00   -0.105895911702080947E+01
    0.811485267612662917E-02    0.110788585389509056E+02    0.674281965719687321E-01   -0.150927099268909188E+02    0.898970410952096621E+00    0.240106544857358140E+01    0.549347707895633808E-02    0.155886203599217010E+01   -0.172888284910178625E+01   -0.217521622895777339E+00   -0.499519035568398551E+00   -0.376344678686974576E+00    0.830857004554955147E-01    0.894793441208704965E-01   -0.242722019949372925E+00   -0.105994870574704914E+01
    0.796004278398755941E-02    0.110773818820990186E+02    0.668336256523706790E-01   -0.151626682560268708E+02    0.898243303187213349E+00    0.233978199368929385E+01    0.549757254711871670E-02    0.145281990163509356E+01   -0.183674479225470066E+01   -0.214695491035520991E+00   -0.386571513168541270E+00   -0.379442945615798666E+00    0.483580733801424953E-01    0.879932541136895369E-01   -0.231269492886156558E+00   -0.105926799585244291E+01
    0.780542250076364345E-02    0.110766132623946572E+02    0.658144449386030839E-01   -0.150511114627276186E+02    0.903956611158964529E+00    0.239017254885944697E+01    0.552023822776603716E-02    0.155507030378874878E+01   -0.155315599126285431E+01   -0.214552141293762849E+00   -0.382770862118646804E+00   -0.385070588948757508E+00    0.793245303025259113E-01    0.929358347618545605E-01   -0.236600528802296234E+00   -0.106642219336936406E+01
    0.765420084964147686E-02    0.110757413759414156E+02    0.663653958101519253E-01   -0.150935468121182037E+02    0.897993204016451774E+00    0.245487199415354373E+01    0.553922276015567702E-02    0.155293310980329147E+01   -0.172748058184741859E+01   -0.215748040941307478E+00   -0.403950345006422129E+00   -0.379883118633501993E+00    0.519607391749792244E-01    0.885252913939649916E-01   -0.232138686757831753E+00   -0.106594094971810405E+01
    0.750451429313209791E-02    0.110752411410871385E+02    0.665957069085530706E-01   -0.151699164818092953E+02    0.897127368668674929E+00    0.246790030935458393E+01    0.549094693777957624E-02    0.153536757301059978E+01   -0.169014982943236913E+01   -0.217349104718714214E+00   -0.385338218228659712E+00   -0.384699566796887715E+00    0.976625720896044103E-01    0.912810475441221680E-01   -0.253495518633319206E+00   -0.105323634060773408E+01
    0.736254251455625928E-02    0.110734399846605953E+02    0.685105374992045907E-01   -0.151095174413241491E+02    0.896458824216183947E+00    0.247222877193399038E+01    0.550048923250943868E-02    0.158557791332033782E+01   -0.191802647610578725E+01   -0.217994897390846987E+00   -0.437316710463718339E+00   -0.381141685788311757E+00    0.531596118216280111E-01    0.885449370043609324E-01   -0.211068548741780493E+00   -0.105856684519900845E+01
    0.721996464658122405E-02    0.110725505189336388E+02    0.671596614490536231E-01   -0.151039764685049374E+02    0.902940014577519601E+00    0.239013483388494485E+01    0.553084287028257886E-02    0.150339534225480054E+01   -0.157400899647528436E+01   -0.215844392033348598E+00   -0.330572748066815247E+00   -0.370888486595993438E+00    0.576169190377312720E-01    0.896066031267236385E-01   -0.147224916824084145E+00   -0.106109477825217313E+01
    0.707825032403926191E-02    0.110721971359460358E+02    0.661354813451601187E-01   -0.151717818472628849E+02    0.900203841216436484E+00    0.234130510098147493E+01    0.552284501745807510E-02    0.151621850159960636E+01   -0.176458079268226009E+01   -0.214435130590479972E+00   -0.451058162440888089E+00   -0.381270540692409454E+00    0.550361836030368035E-01    0.914650082111762713E-01   -0.287723922130796672E+00   -0.105914766623937129E+01
    0.693960344323053466E-02    0.110717613672458555E+02    0.660073127461285880E-01   -0.151070486823100083E+02    0.899696412493069309E+00    0.234204875242767363E+01    0.553514727195253322E-02    0.150574266004536006E+01   -0.146125428135267033E+01   -0.215696773215321852E+00   -0.401779616518418148E+00   -0.384320101447840567E+00    0.683614128163687745E-01    0.894089217855020268E-01   -0.198044353876466517E+00   -0.105725001753961090E+01
    0.680361770165382584E-02    0.110713416602055901E+02    0.662845613534112921E-01   -0.150355238989585960E+02    0.897669914275652792E+00    0.246673450798916161E+01    0.550727837434324304E-02    0.142891501998858561E+01   -0.167575796550227074E+01   -0.216130863307319815E+00   -0.439025493298683622E+00   -0.382348578467706646E+00    0.840609274541072871E-01    0.883414169601602489E-01   -0.255817803270005972E+00   -0.106010341688788401E+01
    0.666897462198563599E-02    0.110713183949830327E+02    0.657623775215199075E-01   -0.151777813904874055E+02    0.901734948030049610E+00    0.241364099264092813E+01    0.552698061527783727E-02    0.142010828554746027E+01   -0.154305787313506237E+01   -0.215203498635419516E+00   -0.451161457760806961E+00   -0.383521389609698393E+00    0.706681102482529383E-01    0.872455186018299411E-01   -0.276073615369803904E+00   -0.106711402204354644E+01
    0.654010766118398937E-02    0.110703433769516355E+02    0.662314043396652202E-01   -0.152392322118944623E+02    0.896107559212770632E+00    0.245023436469006128E+01    0.549939403429879330E-02    0.150135736563671629E+01   -0.187991875363337901E+01   -0.215433799812440735E+00   -0.412591921007759210E+00   -0.386414075725855621E+00    0.281871259486870876E-01    0.896420901063858105E-01   -0.242120244412149715E+00   -0.106018338299035442E+01
    0.641086856196250183E-02    0.110702611058496672E+02    0.667699626537804070E-01   -0.150920484977311737E+02    0.897499572184299876E+00    0.241540704935431627E+01    0.552174096156157149E-02    0.148727009429847179E+01   -0.184093826800005234E+01   -0.215837813384350180E+00   -0.444523060515912227E+00   -0.379508181932298683E+00    0.519121099833184246E-01    0.937857553738631333E-01   -0.254511192093308469E+00   -0.106372905866142786E+01
    0.650225441855492321E-02    0.110418193991876308E+02    0.676526871865621438E-01   -0.152183037583630494E+02    0.898922026374341043E+00    0.247303262199851970E+01    0.554254302975161397E-02    0.147126753698402335E+01   -0.171608858334025904E+01   -0.215912236746031744E+00   -0.344536823395218794E+00   -0.381074740308106563E+00    0.620237058267912103E-01    0.866934046580688789E-01   -0.231575058491601538E+00   -0.105803591002107522E+01
    0.641954207946259913E-02    0.110674237240298172E+02    0.661940929436291153E-01   -0.152110909509520891E+02    0.898183261696470225E+00    0.242200228146089280E+01    0.552141056108029684E-02    0.149650798326548173E+01   -0.194576212622728217E+01   -0.217215886477591463E+00   -0.490808901969841727E+00   -0.387054342056628031E+00    0.687419669449667731E-01    0.899237757776415320E-01   -0.173316071496983276E+00   -0.106182797998381195E+01
    0.651220553178106978E-02    0.110387609195570029E+02    0.668778157369069870E-01   -0.151219772718076424E+02    0.901019899221021880E+00    0.242231633056313855E+01    0.552269282659017830E-02    0.148041989230862581E+01   -0.144619622086524724E+01   -0.214778241166340478E+00   -0.437488466752427418E+00   -0.379383274293458084E+00    0.816439823221472849E-01    0.889004096628349116E-01   -0.146107207571230524E+00   -0.106320746888860995E+01
    0.650338934513392409E-02    0.110414703425465284E+02    0.675247185311716319E-01   -0.150355552572855427E+02    0.898426564297595043E+00    0.245120084884260026E+01    0.551868351274732889E-02    0.149397916869275660E+01   -0.147040056348139903E+01   -0.217198280658343096E+00   -0.411276417499059632E+00   -0.382901511395857541E+00    0.697286829821794213E-01    0.875782852038059917E-01   -0.200469486705580707E+00   -0.107183103119902112E+01
    0.648021496374634118E-02    0.110486099335095194E+02    0.670863620877040351E-01   -0.151981781153510394E+02    0.902799108131660311E+00    0.229217019873963324E+01    0.554563009292458487E-02    0.156070887834289329E+01   -0.186553050822435873E+01   -0.217201107397090115E+00   -0.452745110046089638E+00   -0.382135388772036011E+00    0.617518886575962322E-01    0.882254874051298932E-01   -0.232234891949771094E+00   -0.106702958323630370E+01
    0.651092180847738858E-02    0.110391552098912058E+02    0.676552767457911791E-01   -0.150902077677521422E+02    0.898074591345257356E+00    0.239942906650691157E+01    0.553074778052258485E-02    0.148858107312285526E+01   -0.211748005848377030E+01   -0.213993358338881307E+00   -0.453810899456943861E+00   -0.382757964040022047E+00    0.598121293611725766E-01    0.941814938307782290E-01   -0.218536040700767487E+00   -0.106561375239961786E+01
    0.649148899780374686E-02    0.110451334320631265E+02    0.675031050942962868E-01   -0.151815143625248048E+02    0.899966105267036798E+00    0.241412436242117945E+01    0.552081338932676295E-02    0.150289938224985753E+01   -0.167279437480980242E+01   -0.217194870313061228E+00   -0.450312199645086730E+00   -0.377796293528731675E+00    0.856896045892825559E-01    0.894752341673146490E-01   -0.224378930897047135E+00   -0.105977220257608873E+01
    0.643842539990901498E-02    0.110615492857711626E+02    0.671270306441075076E-01   -0.151199406017503826E+02    0.897674809968916465E+00    0.251228451626274163E+01    0.550487807902524072E-02    0.154369600125997475E+01   -0.171322372440162063E+01   -0.215041894479873708E+00   -0.368582499644526940E+00   -0.381988833168293740E+00    0.470516804128998933E-01    0.886044840749902612E-01   -0.212595496122462396E+00   -0.106131591337859499E+01
    0.654618602326614320E-02    0.110283521129161830E+02    0.680660499054041301E-01   -0.151176066375846450E+02    0.902771825365266123E+00    0.238713025765198728E+01    0.553526222129978405E-02    0.147441251216457347E+01   -0.186448193935366890E+01   -0.215267445773093619E+00   -0.459482228514830837E+00   -0.380664704758928163E+00    0.706951465948342656E-01    0.947647132366010725E-01   -0.267133116196911991E+00   -0.106134606174772572E+01
    0.648324041545425295E-02    0.110476764009985242E+02    0.675027799090898162E-01   -0.151008274996591627E+02    0.898578017560433651E+00    0.245888410415614311E+01    0.555219582518074340E-02    0.152138130333140453E+01   -0.171101795836752713E+01   -0.215392744842288569E+00   -0.453543079198402310E+00   -0.378131693560618987E+00    0.693936811976058332E-01    0.884417490784249888E-01   -0.198795486186355563E+00   -0.105710445560127231E+01
    0.647474039842832472E-02    0.110503002722226551E+02    0.671061625745587170E-01   -0.151996689797718307E+02    0.898923459930753732E+00    0.247328168456034136E+01    0.550950383803434311E-02    0.151667249802738402E+01   -0.200922513963337668E+01   -0.215594059759576046E+00   -0.454269684839667898E+00   -0.383276975475639325E+00    0.762794910093943790E-01    0.922004899075166140E-01   -0.244077454577269620E+00   -0.105685181813328199E+01
    0.645099665894107409E-02    0.110576480206994585E+02    0.676252474609193022E-01   -0.151288105632217853E+02    0.895015283482942237E+00    0.238565344355376130E+01    0.551068879397123915E-02    0.148598925245777114E+01   -0.173050065749283921E+01   -0.217507521796554332E+00   -0.505771897049925534E+00   -0.382974001620135729E+00    0.510413742941937254E-01    0.916729742521203150E-01   -0.247318334154374486E+00   -0.106426565452858046E+01
    0.641191583959240669E-02    0.110698010815573156E+02    0.672090415718859108E-01   -0.151470055477077903E+02    0.898370152053999171E+00    0.237220018675551847E+01    0.554867191623108907E-02    0.148111077064945529E+01   -0.175760723780655503E+01   -0.214508782654965369E+00   -0.432124099976542442E+00   -0.380828457908142126E+00    0.640308813748306088E-01    0.923346520764660172E-01   -0.169702190369823896E+00   -0.105791475499242571E+01
    0.651973775761477501E-02    0.110364489921628515E+02    0.661154089088295677E-01   -0.151048557818232680E+02    0.907256539444786458E+00    0.237076824756516924E+01    0.549990777900943688E-02    0.146844807646179221E+01   -0.168711110125986830E+01   -0.214566373537093624E+00   -0.443539164143209375E+00   -0.387963032999575019E+00    0.464751117946419559E-01    0.865536636898707190E-01   -0.204752768322565781E+00   -0.105980205076686640E+01
    0.652457028674202806E-02    0.110349671107684806E+02    0.666277188533828529E-01   -0.150161743987172365E+02    0.901661266867654243E+00    0.235993618215352363E+01    0.551293147821793790E-02    0.148944816914193523E+01   -0.172230085449425219E+01   -0.216570178540057834E+00   -0.500092118190549773E+00   -0.384163138351313993E+00    0.713796546420194522E-01    0.913396554836183178E-01   -0.153598610678190750E+00   -0.106337599504183911E+01
    0.644046719011674967E-02    0.110609151349043628E+02    0.660895999703155351E-01   -0.150731321522157238E+02    0.897626208445142071E+00    0.231839232379069182E+01    0.552489022629101476E-02    0.150475945695652080E+01   -0.188745819616397825E+01   -0.214789202041434868E+00   -0.418779205825277667E+00   -0.386613187624151033E+00    0.548517358221265322E-01    0.904391626585760444E-01   -0.259129366547587003E+00   -0.105254214055564632E+01
    0.642549027075115745E-02    0.110655714307691877E+02    0.680333676758020089E-01   -0.150942260711764558E+02    0.898904504954284866E+00    0.243742764286173186E+01    0.553765600258627165E-02    0.150278334595691265E+01   -0.171623851411526607E+01   -0.216342751605103106E+00   -0.285752793766188840E+00   -0.376915947248594341E+00    0.509875605070027188E-01    0.857192565353782493E-01   -0.280111864075290762E+00   -0.106452309627266550E+01
    0.648823203828647558E-02    0.110461371391771923E+02    0.671866176428303347E-01   -0.150599946901962181E+02    0.904233827936646972E+00    0.235239797188655109E+01    0.552049173991851945E-02    0.152959402883345374E+01   -0.191071502787929504E+01   -0.216130185663785279E+00   -0.318780593670473622E+00   -0.382145778890872645E+00    0.647898726195515473E-01    0.915832785301200630E-01   -0.204870527625024224E+00   -0.106213911002549488E+01
    0.641425165043988787E-02    0.110690726298588284E+02    0.658770209224028985E-01   -0.151618365601115084E+02    0.900761489617507682E+00    0.246979155081490998E+01    0.549223555423950308E-02    0.147867810201482608E+01   -0.181349331104714873E+01   -0.216494126522369601E+00   -0.399651560637647507E+00   -0.384233226535237060E+00    0.625407122416239969E-01    0.905777985289992899E-01   -0.260623855125101611E+00   -0.106512107295019121E+01
    0.646556740754025520E-02    0.110531357511191608E+02    0.670345423581286126E-01   -0.151431163673186369E+02    0.900622725467119856E+00    0.236522813202026683E+01    0.552369827153267705E-02    0.152099385914695273E+01   -0.184032034943493206E+01   -0.216778117340169607E+00   -0.409019020321628624E+00   -0.380589486917822684E+00    0.626171318599425264E-01    0.932593486423190510E-01   -0.258547251181266147E+00   -0.105796662675687148E+01
    0.641412096174221683E-02    0.110691133797502204E+02    0.659385117965699541E-01   -0.150656863862979105E+02    0.899556500436871409E+00    0.237609453433347140E+01    0.551827704750105195E-02    0.152833208658899888E+01   -0.163627004741638338E+01   -0.216847665950020502E+00   -0.485935349186587706E+00   -0.381262504726492202E+00    0.503433135475810922E-01    0.897376941082843743E-01   -0.214342335743292173E+00   -0.106630972913094091E+01
    0.659023453626892113E-02    0.110149394247662080E+02    0.687960743587437418E-01   -0.151291045676239051E+02    0.900799304176412852E+00    0.239087725726484734E+01    0.554222855795718367E-02    0.151890632705755779E+01   -0.179958427081705485E+01   -0.215381945244460637E+00   -0.390056594446037741E+00   -0.381094345864266271E+00    0.713693909501547930E-01    0.925835743898670155E-01   -0.251138948189333799E+00   -0.105765046051345157E+01
    0.646362266024516283E-02    0.110537374121047467E+02    0.671443264910183274E-01   -0.150108144278444104E+02    0.900591129063260554E+00    0.242769431487475407E+01    0.550991593335824030E-02    0.151608796455892625E+01   -0.153893956535171372E+01   -0.214628695293504396E+00   -0.411296463559564118E+00   -0.382707404746452651E+00    0.632385060148283884E-01    0.888205511403580839E-01   -0.213524412918885076E+00   -0.106315497168227746E+01
    0.655202090176117396E-02    0.110265702266123871E+02    0.680457222509361082E-01   -0.152115339196107762E+02    0.898776012822493309E+00    0.244854049173037502E+01    0.553179303960653432E-02    0.150933477893866530E+01   -0.180982347277565236E+01   -0.216785906095816827E+00   -0.448256054875339593E+00   -0.385272964347421920E+00    0.586954485515399776E-01    0.907268222077956404E-01   -0.212208923406359773E+00   -0.106055025860149588E+01
    0.646224792538546700E-02    0.110541628333112421E+02    0.674389981487175938E-01   -0.151385844892411008E+02    0.898500437852243206E+00    0.244058771673243058E+01    0.551769661958251018E-02    0.156124076124837430E+01   -0.167901988591318085E+01   -0.216529926966436026E+00   -0.431117727328352962E+00   -0.375324846034340853E+00    0.651713137281994398E-01    0.872623656644228168E-01   -0.198774363348933947E+00   -0.106412731976316821E+01
    0.643832631833036930E-02    0.110615800642099522E+02    0.661773053329988425E-01   -0.151785468403940769E+02    0.900305839273938036E+00    0.238361952266049171E+01    0.550210235352923804E-02    0.148122056157337911E+01   -0.184768493820436164E+01   -0.214770461782226196E+00   -0.336771814738107245E+00   -0.383227480277693766E+00    0.662593353982602190E-01    0.913700619319904872E-01   -0.265478527830408539E+00   -0.106751518384383082E+01
    0.644474299587413386E-02    0.110595877818064725E+02    0.674484335850463468E-01   -0.149857081531960254E+02    0.899768361266744976E+00    0.237920092823277951E+01    0.551622033640048956E-02    0.155742913911532477E+01   -0.170692298142115950E+01   -0.215463715262068867E+00   -0.393030048908642460E+00   -0.382268918603748842E+00    0.628992183335751187E-01    0.898620042707355959E-01   -0.227418222396397252E+00   -0.105927131311687228E+01
    0.644618462049373082E-02    0.110591404518179708E+02    0.681518401938946000E-01   -0.150363926849881899E+02    0.896059390176598858E+00    0.234555252973687178E+01    0.553575031339585862E-02    0.147772433321532337E+01   -0.168074865523466199E+01   -0.217858243179718802E+00   -0.424553993090085957E+00   -0.376124461672853849E+00    0.444063899131017931E-01    0.903831061920041673E-01   -0.215131989631740350E+00   -0.105950351100065454E+01
    0.656127029293327238E-02    0.110237488471223255E+02    0.667079494937223988E-01   -0.151050449515760761E+02    0.900030823177994876E+00    0.239893572260803278E+01    0.552447504523991082E-02    0.154905798174026410E+01   -0.182952587058291383E+01   -0.215236671341270946E+00   -0.410481891081142802E+00   -0.386881494205909671E+00    0.617806804617615085E-01    0.888522050760197774E-01   -0.163858635869316732E+00   -0.106002925658017033E+01
    0.643522344735971818E-02    0.110625441715734087E+02    0.664375712813570357E-01   -0.151059408908807384E+02    0.906067839092727589E+00    0.240325237278743487E+01    0.549899426792645196E-02    0.146636389280232682E+01   -0.166614247816426952E+01   -0.216816174324744065E+00   -0.362859908224987759E+00   -0.380783695919761633E+00    0.622936573062516583E-01    0.916837815680428131E-01   -0.213870758895610663E+00   -0.106292857254425344E+01
    0.645218151136094879E-02    0.110572807150922436E+02    0.667188236699197273E-01   -0.152082585214143418E+02    0.899160968741597566E+00    0.244635596951909884E+01    0.548910374594792274E-02    0.146131051807618362E+01   -0.169393250404512008E+01   -0.215822604184988026E+00   -0.425130031058435220E+00   -0.386185231949107144E+00    0.488075760492194741E-01    0.901806207986207836E-01   -0.202482761513321757E+00   -0.106588468388953084E+01
    0.649373342739312850E-02    0.110444420524199494E+02    0.668785295810172542E-01   -0.150705036041511562E+02    0.902216029239140793E+00    0.241849939358314492E+01    0.552096894759968471E-02    0.150702223601147534E+01   -0.179170946637388151E+01   -0.215898251585302847E+00   -0.452316725720071255E+00   -0.376440672649066888E+00    0.775249231713280862E-01    0.893663938167753163E-01   -0.227233144269341214E+00   -0.106133976617062897E+01
    0.656670948918216570E-02    0.110220915634730776E+02    0.681242476591987639E-01   -0.150242177447653535E+02    0.899470044883057152E+00    0.254459493548866167E+01    0.553342522764308474E-02    0.150274645520759442E+01   -0.163539183033813540E+01   -0.217305054428946848E+00   -0.488884128921437566E+00   -0.377802833801038185E+00    0.513968372673267448E-01    0.903360416541687805E-01   -0.246487439872080383E+00   -0.106151839095740086E+01
    0.643757226996739904E-02    0.110618143153136419E+02    0.668680544601358007E-01   -0.151150874276892750E+02    0.898486236482508249E+00    0.250164620026262519E+01    0.550092237259126003E-02    0.154850498331237674E+01   -0.172590243786283870E+01   -0.214913514117602067E+00   -0.418423268683849992E+00   -0.379886392904500436E+00    0.578621392671667331E-01    0.905775897920155226E-01   -0.184523400977705032E+00   -0.106027437555632176E+01
    0.648114652511825630E-02    0.110483224447686741E+02    0.664512101536152283E-01   -0.151764832162700340E+02    0.900637114315793963E+00    0.239226790825343461E+01    0.552058496240304813E-02    0.149971716272673627E+01   -0.164532686927881544E+01   -0.216778482841929049E+00   -0.373019715550388820E+00   -0.381900094785702027E+00    0.612456197831012794E-01    0.876728525779526119E-01   -0.146360499379692810E+00   -0.106228377220627945E+01
    0.644989434435595810E-02    0.110579898000657089E+02    0.674950638292630273E-01   -0.149962616393347048E+02    0.902069765586337668E+00    0.244785254812011832E+01    0.549964862813970452E-02    0.142046664902807040E+01   -0.170834591824022541E+01   -0.216936321534877075E+00   -0.430542135070846876E+00   -0.383253678927467478E+00    0.396951431520787407E-01    0.917963428537634657E-01   -0.188552726676644855E+00   -0.106402312739543858E+01
    0.650597005783045117E-02    0.110406768483703921E+02    0.666527586522133036E-01   -0.150603265856784514E+02    0.897355522792758653E+00    0.241798099956652779E+01    0.552160977919389714E-02    0.153626823231548593E+01   -0.184813481998181017E+01   -0.214466635688839058E+00   -0.480541270864741632E+00   -0.384828391538399817E+00    0.472746955789831794E-01    0.914729703866466876E-01   -0.271373550197221869E+00   -0.106216729878114768E+01
    0.647594057260456133E-02    0.110499295815439602E+02    0.682693702363281751E-01   -0.150646894006037169E+02    0.900746082560413108E+00    0.238964872674504614E+01    0.551918850032687407E-02    0.153483626200281842E+01   -0.188325362980644462E+01   -0.213535942694655589E+00   -0.362362526718670253E+00   -0.378045873790868014E+00    0.846153394123575903E-01    0.912208710569260423E-01   -0.199406739117976350E+00   -0.106820425725537960E+01
    0.643143829069476366E-02    0.110637209047000624E+02    0.672535687144389799E-01   -0.150611349358330706E+02    0.898027546130796606E+00    0.242810744968281789E+01    0.551003649606880957E-02    0.146803101419857995E+01   -0.184373342376937588E+01   -0.217882720184065515E+00   -0.406192070903397318E+00   -0.380786632803180702E+00    0.810127950364488703E-01    0.908060638070900539E-01   -0.196862494688483380E+00   -0.106313394340058331E+01
    0.656566205405632528E-02    0.110224106026122346E+02    0.671289699976592158E-01   -0.151788163826343450E+02    0.906012398479833836E+00    0.246208278461499352E+01    0.550645320310411482E-02    0.150373461074134918E+01   -0.157987884265723677E+01   -0.215533565614449640E+00   -0.379714537644215755E+00   -0.383415608789388129E+00    0.670258321416677405E-01    0.861056656381106317E-01   -0.193030763954819162E+00   -0.106340766985009294E+01
    0.645249720646319611E-02    0.110571828606290037E+02    0.665475339598177729E-01   -0.151387581138369391E+02    0.900915380815437428E+00    0.237656508994894233E+01    0.552482291654982516E-02    0.149721038249095284E+01   -0.175429900790044080E+01   -0.217252941458924709E+00   -0.381957590486485032E+00   -0.382438167306883514E+00    0.702042291728364881E-01    0.911753661925962661E-01   -0.231137896930011966E+00   -0.105945008322962853E+01
    0.643734488306269611E-02    0.110618849602434803E+02    0.669094659863599950E-01   -0.150760227665678794E+02    0.897140900539201258E+00    0.241767644606857512E+01    0.549773010715406095E-02    0.145729212266176877E+01   -0.181511854154048469E+01   -0.218006911608858461E+00   -0.490559667857938253E+00   -0.382750978021890453E+00    0.655229485180371662E-01    0.895605442834998267E-01   -0.242084436574393408E+00   -0.106386559139016912E+01
    0.643947968612993901E-02    0.110612218144266414E+02    0.669088695479446299E-01   -0.151090749086097844E+02    0.901068436132920980E+00    0.250327130245123541E+01    0.549923701589631088E-02    0.152478499900411668E+01   -0.179312202499680984E+01   -0.215822726415112992E+00   -0.374765196065688699E+00   -0.379067212391812181E+00    0.632459956594342010E-01    0.908004539149932788E-01   -0.234983758882422428E+00   -0.106614800867579573E+01
    0.645799049832283551E-02    0.110554808979094670E+02    0.678570792822024565E-01   -0.149500731057035665E+02    0.900642853462845006E+00    0.236026450038657698E+01    0.552849836983704268E-02    0.156467798540798730E+01   -0.193425066750132180E+01   -0.216798537423778248E+00   -0.396105066330739664E+00   -0.384660266654669958E+00    0.625463505712428730E-01    0.916927663421928663E-01   -0.191881379224924931E+00   -0.106326647397662355E+01
    0.647929098613473590E-02    0.110488951226569299E+02    0.668405886102839408E-01   -0.151124436866863192E+02    0.907891774000976981E+00    0.246140000249200419E+01    0.549009026573546444E-02    0.150305125622663516E+01   -0.187969499940696605E+01   -0.217310477920187956E+00   -0.406978185905029932E+00   -0.381941683150762656E+00    0.628147651484881192E-01    0.914371780469258322E-01   -0.261178598128194273E+00   -0.106925586901884384E+01
    0.651850920131212715E-02    0.110368259005954492E+02    0.675604338644957975E-01   -0.150874053919836069E+02    0.896787786192438374E+00    0.239351278665618361E+01    0.552011130539311386E-02    0.153525164365637035E+01   -0.172876556694049865E+01   -0.215509411313886207E+00   -0.390020479932267738E+00   -0.385755509148111853E+00    0.576951467900599230E-01    0.904122659689802488E-01   -0.194262903676883480E+00   -0.106443863317231635E+01
    0.651947445461591342E-02    0.110365297648336558E+02    0.667211482339766793E-01   -0.151380495751726212E+02    0.905271416174907362E+00    0.239705168802059498E+01    0.551303567805752018E-02    0.155167005008930392E+01   -0.164326862923290551E+01   -0.213157252607957592E+00   -0.324360956555737601E+00   -0.383000828042748265E+00    0.676921606065914450E-01    0.912008138885112840E-01   -0.189549049939695957E+00   -0.105664635876333080E+01
    0.641300346459618923E-02    0.110694618591480065E+02    0.673015876356538451E-01   -0.151047075261634642E+02    0.896090897641830697E+00    0.247332951091415554E+01    0.553633992357334317E-02    0.152679889448155426E+01   -0.165474008931125827E+01   -0.215078414065045742E+00   -0.417186445093417291E+00   -0.377902214223188537E+00    0.430057803890262630E-01    0.928594972979134431E-01   -0.203939279296880827E+00   -0.106254973629673044E+01
    0.642943668281941317E-02    0.110643434464464487E+02    0.664412029527517850E-01   -0.151073259182786028E+02    0.900783912075918236E+00    0.239617916136511999E+01    0.553090869129581417E-02    0.148243837563009873E+01   -0.146384155780421699E+01   -0.217317742640158934E+00   -0.403513131862663577E+00   -0.382205099521267411E+00    0.623416227586803678E-01    0.906410139579423291E-01   -0.187318906065059576E+00   -0.105733802177508052E+01
    0.656806401996607326E-02    0.110216790612589346E+02    0.680847033617251601E-01   -0.150980676521808181E+02    0.902833449443268266E+00    0.251157844948437070E+01    0.551232927093290095E-02    0.155289524105275900E+01   -0.197307899320953228E+01   -0.217427272551167755E+00   -0.369993695326553240E+00   -0.381794219509617450E+00    0.504956896158377869E-01    0.913698022886392930E-01   -0.232701327446081851E+00   -0.106515804467604558E+01
