    0.159833509448451400E-01   -0.300662176180221792E+02    0.903705635234796967E+00    0.207794917577192750E+01    0.731475477443931446E-02    0.654435967329628276E+00   -0.173744848460246493E+01   -0.117976256809855670E+00   -0.616831396871107973E+01   -0.397991543403600545E+00    0.631043895706720481E-02   -0.118527600014361162E+00   -0.152829344362519937E+00   -0.105442451713882024E+01   -0.447114062866070938E+02
    0.159833509448451400E-01   -0.300662176180221792E+02    0.903705635234796967E+00    0.207794917577192750E+01    0.731475477443931446E-02    0.654435967329628276E+00   -0.173744848460246493E+01   -0.117976256809855670E+00   -0.616831396871107973E+01   -0.397991543403600545E+00    0.631043895706720481E-02   -0.118527600014361162E+00   -0.152829344362519937E+00   -0.105442451713882024E+01   -0.447114062866070938E+02
    0.150355112404895568E-01   -0.300360167735745947E+02    0.910750751995903607E+00    0.207723623147696257E+01    0.730162165908012153E-02    0.659746787563979531E+00   -0.161573262775510451E+01   -0.119785508130831331E+00   -0.611341695815506725E+01   -0.396230394314891043E+00   -0.732403882733766165E-02   -0.117480584147975076E+00   -0.163436015331735546E+00   -0.105537639372552849E+01   -0.446771039741179621E+02
    0.168102798229246182E-01   -0.300674828613374139E+02    0.898639725552550894E+00    0.212090445627652757E+01    0.728904195271218563E-02    0.606737705801108751E+00   -0.215303377761772197E+01   -0.118645971419804333E+00   -0.611219803266566508E+01   -0.396892056860988163E+00   -0.808991356745155862E-02   -0.125021930245120733E+00   -0.175474798923611786E+00   -0.105964411738057818E+01   -0.446328289626951218E+02
    0.145293439958504890E-01   -0.300469513023940600E+02    0.901415996827042987E+00    0.211590964348201949E+01    0.735424738111437482E-02    0.671932958090534216E+00   -0.167370996201535904E+01   -0.119376169873605872E+00   -0.613416964717190005E+01   -0.402826045950558875E+00   -0.402467658030295355E-01   -0.122345557188676776E+00   -0.178633686389429946E+00   -0.106397239733986426E+01   -0.446106047081068908E+02
    0.145293439958504890E-01   -0.300469513023940600E+02    0.901415996827042987E+00    0.211590964348201949E+01    0.735424738111437482E-02    0.671932958090534216E+00   -0.167370996201535904E+01   -0.119376169873605872E+00   -0.613416964717190005E+01   -0.402826045950558875E+00   -0.402467658030295355E-01   -0.122345557188676776E+00   -0.178633686389429946E+00   -0.106397239733986426E+01   -0.446106047081068908E+02
    0.170043808523940368E-01   -0.300550853684728807E+02    0.908477122926402036E+00    0.212166341994985208E+01    0.732198090268530114E-02    0.661584208505725524E+00   -0.166539121027809101E+01   -0.119566085912734307E+00   -0.613041070880121275E+01   -0.400178252362800080E+00   -0.182655541076266886E-01   -0.126936355264675282E+00   -0.196774563180066364E+00   -0.106867842767273302E+01   -0.446025639248181633E+02
    0.156454018097230557E-01   -0.300181492235935252E+02    0.898330345218453230E+00    0.211516937277125505E+01    0.731548594693450394E-02    0.663491275762647437E+00   -0.160454672635610884E+01   -0.119938361518590969E+00   -0.617396579484086594E+01   -0.396114572155936262E+00   -0.517177972940784589E-01   -0.124499660361008208E+00   -0.158434671465399690E+00   -0.108105237846967683E+01   -0.446009057996488494E+02
    0.138945290123430685E-01   -0.300362501620435616E+02    0.902804855427379205E+00    0.212131753053863381E+01    0.727884056554841882E-02    0.641559411068846508E+00   -0.161389570207654054E+01   -0.119179676374785534E+00   -0.612185035061857707E+01   -0.411559599852138969E+00   -0.140897414785197579E-01   -0.122972191745892842E+00   -0.194680917546335902E+00   -0.105134015179806051E+01   -0.445984398093423025E+02
    0.138945290123430685E-01   -0.300362501620435616E+02    0.902804855427379205E+00    0.212131753053863381E+01    0.727884056554841882E-02    0.641559411068846508E+00   -0.161389570207654054E+01   -0.119179676374785534E+00   -0.612185035061857707E+01   -0.411559599852138969E+00   -0.140897414785197579E-01   -0.122972191745892842E+00   -0.194680917546335902E+00   -0.105134015179806051E+01   -0.445984398093423025E+02
    0.160129139938057254E-01   -0.300518640980024827E+02    0.900785039141444366E+00    0.211189192192698227E+01    0.731200969022547959E-02    0.681476800213833722E+00   -0.166482487511884103E+01   -0.119365158782727521E+00   -0.623097724821268351E+01   -0.403677070561485163E+00   -0.577804881060977465E-02   -0.124468967642586317E+00   -0.150024790370445277E+00   -0.105562558276677754E+01   -0.445959453854797943E+02
    0.152900315833836946E-01   -0.300533891028246849E+02    0.912870501334090423E+00    0.208591758676749306E+01    0.732590423107656180E-02    0.661086002346157553E+00   -0.187086297817414460E+01   -0.118633846989060002E+00   -0.611676766116092807E+01   -0.403195408144096268E+00   -0.750431345976079189E-01   -0.122825526736061258E+00   -0.162764443276748050E+00   -0.105846766530051983E+01   -0.445871836350017432E+02
    0.150556468985958043E-01   -0.300306363564031109E+02    0.907406551161314967E+00    0.211262896544456114E+01    0.732760587125264561E-02    0.693323435042607294E+00   -0.159841690946684412E+01   -0.119055477997494955E+00   -0.616989353292372034E+01   -0.395611648509450631E+00   -0.282278164154183241E-01   -0.126576651196024209E+00   -0.158576856038256025E+00   -0.106000845088078721E+01   -0.445851223406710417E+02
    0.165365793645484843E-01   -0.300405143309566363E+02    0.909732869396393307E+00    0.211337467506236143E+01    0.731976375873964660E-02    0.688375936099552721E+00   -0.162762819214281507E+01   -0.118916968690677805E+00   -0.618635097727599881E+01   -0.399295434197675214E+00   -0.536837140320904765E-01   -0.123083627293113479E+00   -0.224737745363648961E+00   -0.105719482693673417E+01   -0.445842125280407586E+02
    0.151791208481717663E-01   -0.300477754193461806E+02    0.906558270172565739E+00    0.211889663184894994E+01    0.732681259254137733E-02    0.621231087705452545E+00   -0.185774582554928780E+01   -0.118790855381132612E+00   -0.615233536521614255E+01   -0.384103063021873359E+00   -0.485424051841190293E-01   -0.126244573449243697E+00   -0.164945037596534533E+00   -0.107395179993459933E+01   -0.445818663981246246E+02
    0.151791208481717663E-01   -0.300477754193461806E+02    0.906558270172565739E+00    0.211889663184894994E+01    0.732681259254137733E-02    0.621231087705452545E+00   -0.185774582554928780E+01   -0.118790855381132612E+00   -0.615233536521614255E+01   -0.384103063021873359E+00   -0.485424051841190293E-01   -0.126244573449243697E+00   -0.164945037596534533E+00   -0.107395179993459933E+01   -0.445818663981246246E+02
    0.149998106760119640E-01   -0.300790166599185191E+02    0.906005570412610650E+00    0.212000965794863783E+01    0.732034673321559515E-02    0.627384237062667882E+00   -0.178371425341334566E+01   -0.119014228754485529E+00   -0.617589160448793617E+01   -0.399140593513270914E+00   -0.552901760300020806E-01   -0.127400436888987278E+00   -0.223055388049193115E+00   -0.105740127297791942E+01   -0.445783052500654193E+02
    0.158125657306685298E-01   -0.300511802703295103E+02    0.902159810838959242E+00    0.208961339691674652E+01    0.732300259559507793E-02    0.641517468770785193E+00   -0.175657525480706322E+01   -0.119020064474083725E+00   -0.616581551350537271E+01   -0.404456283427692131E+00   -0.350311281349282785E-01   -0.126059671455506894E+00   -0.191386987229539396E+00   -0.105733857241380469E+01   -0.445769098198441469E+02
    0.158125657306685298E-01   -0.300511802703295103E+02    0.902159810838959242E+00    0.208961339691674652E+01    0.732300259559507793E-02    0.641517468770785193E+00   -0.175657525480706322E+01   -0.119020064474083725E+00   -0.616581551350537271E+01   -0.404456283427692131E+00   -0.350311281349282785E-01   -0.126059671455506894E+00   -0.191386987229539396E+00   -0.105733857241380469E+01   -0.445769098198441469E+02
    0.147749280829785681E-01   -0.300632341293954646E+02    0.899529825227835533E+00    0.211406107970534496E+01    0.731334272482041595E-02    0.641064754704846695E+00   -0.166684110023566801E+01   -0.120795448585265461E+00   -0.605544760136508575E+01   -0.400561947987901457E+00   -0.652059262019019648E-01   -0.125259956893545049E+00   -0.161649648954045377E+00   -0.107134957861840330E+01   -0.445768054779686693E+02
    0.147749280829785681E-01   -0.300632341293954646E+02    0.899529825227835533E+00    0.211406107970534496E+01    0.731334272482041595E-02    0.641064754704846695E+00   -0.166684110023566801E+01   -0.120795448585265461E+00   -0.605544760136508575E+01   -0.400561947987901457E+00   -0.652059262019019648E-01   -0.125259956893545049E+00   -0.161649648954045377E+00   -0.107134957861840330E+01   -0.445768054779686693E+02
    0.150200227380307000E-01   -0.300673309452064181E+02    0.904940662839684107E+00    0.212551446848590109E+01    0.729787080127694728E-02    0.640577877447159549E+00   -0.175430573722745264E+01   -0.119983561283830906E+00   -0.607307739610821784E+01   -0.404254966468944932E+00   -0.374464756894403242E-01   -0.119969859176538809E+00   -0.161664304644412976E+00   -0.106479935817200988E+01   -0.445757918474820514E+02
    0.170656943685367733E-01   -0.300487262023102133E+02    0.906940579243213141E+00    0.212932072087811886E+01    0.730775313841431490E-02    0.640239359584117151E+00   -0.195040827031392316E+01   -0.118758285831771573E+00   -0.609439621073742011E+01   -0.398530826240335756E+00   -0.209198544812729398E-01   -0.118726000687595215E+00   -0.171725867852031172E+00   -0.105826913995463245E+01   -0.445736583328951568E+02
    0.170656943685367733E-01   -0.300487262023102133E+02    0.906940579243213141E+00    0.212932072087811886E+01    0.730775313841431490E-02    0.640239359584117151E+00   -0.195040827031392316E+01   -0.118758285831771573E+00   -0.609439621073742011E+01   -0.398530826240335756E+00   -0.209198544812729398E-01   -0.118726000687595215E+00   -0.171725867852031172E+00   -0.105826913995463245E+01   -0.445736583328951568E+02
    0.149969958069476692E-01   -0.300515832588062430E+02    0.911975712435282304E+00    0.208782146825785375E+01    0.732272616985867649E-02    0.569499536546945406E+00   -0.172250673061646453E+01   -0.119554978967879005E+00   -0.614850741101982212E+01   -0.407616551682561779E+00   -0.407515599561284955E-01   -0.123894914957645846E+00   -0.171392134422303000E+00   -0.106251008788834023E+01   -0.445734956130225228E+02
    0.149969958069476692E-01   -0.300515832588062430E+02    0.911975712435282304E+00    0.208782146825785375E+01    0.732272616985867649E-02    0.569499536546945406E+00   -0.172250673061646453E+01   -0.119554978967879005E+00   -0.614850741101982212E+01   -0.407616551682561779E+00   -0.407515599561284955E-01   -0.123894914957645846E+00   -0.171392134422303000E+00   -0.106251008788834023E+01   -0.445734956130225228E+02
    0.166499734439730408E-01   -0.300631107262126882E+02    0.909206768665352993E+00    0.211849159177889579E+01    0.730625427619022768E-02    0.610592471726377428E+00   -0.177903356530700485E+01   -0.118813112627392234E+00   -0.612401156183002104E+01   -0.405064332841543306E+00    0.672202407276017988E-02   -0.124400821399358652E+00   -0.167342868603015893E+00   -0.106242264334537584E+01   -0.445717865612016837E+02
    0.155279222407167985E-01   -0.300485836980594918E+02    0.905857217785914326E+00    0.208906434231413662E+01    0.732110102757770401E-02    0.601175696813444516E+00   -0.173988984939376290E+01   -0.119270253857243491E+00   -0.613581706388416404E+01   -0.403603209014476327E+00   -0.328189765507672024E-01   -0.127772975325056409E+00   -0.194777157727350270E+00   -0.106522260527855051E+01   -0.445717842667425614E+02
    0.155279222407167985E-01   -0.300485836980594918E+02    0.905857217785914326E+00    0.208906434231413662E+01    0.732110102757770401E-02    0.601175696813444516E+00   -0.173988984939376290E+01   -0.119270253857243491E+00   -0.613581706388416404E+01   -0.403603209014476327E+00   -0.328189765507672024E-01   -0.127772975325056409E+00   -0.194777157727350270E+00   -0.106522260527855051E+01   -0.445717842667425614E+02
    0.137546057995099318E-01   -0.300441224645300586E+02    0.904876997261157556E+00    0.212505858936048542E+01    0.732737815248069805E-02    0.631081377833002000E+00   -0.178074503005160412E+01   -0.119187021512825092E+00   -0.608377055890539786E+01   -0.394929798931529963E+00   -0.353834226541290403E-01   -0.120845221421757409E+00   -0.139517154909798324E+00   -0.106707454201622709E+01   -0.445699172931881975E+02
    0.137546057995099318E-01   -0.300441224645300586E+02    0.904876997261157556E+00    0.212505858936048542E+01    0.732737815248069805E-02    0.631081377833002000E+00   -0.178074503005160412E+01   -0.119187021512825092E+00   -0.608377055890539786E+01   -0.394929798931529963E+00   -0.353834226541290403E-01   -0.120845221421757409E+00   -0.139517154909798324E+00   -0.106707454201622709E+01   -0.445699172931881975E+02
    0.154352529054494602E-01   -0.300768389646015812E+02    0.907700508652765636E+00    0.211964010470569297E+01    0.734350485358809240E-02    0.623146296600794458E+00   -0.163815822869405436E+01   -0.119690449968259532E+00   -0.614670554323443508E+01   -0.401728465516283995E+00   -0.446506652101789844E-01   -0.123433359835417561E+00   -0.177026355032084359E+00   -0.107360584950775717E+01   -0.445697288575059574E+02
    0.154352529054494602E-01   -0.300768389646015812E+02    0.907700508652765636E+00    0.211964010470569297E+01    0.734350485358809240E-02    0.623146296600794458E+00   -0.163815822869405436E+01   -0.119690449968259532E+00   -0.614670554323443508E+01   -0.401728465516283995E+00   -0.446506652101789844E-01   -0.123433359835417561E+00   -0.177026355032084359E+00   -0.107360584950775717E+01   -0.445697288575059574E+02
    0.138939002759278073E-01   -0.300474610153687500E+02    0.912112331063432369E+00    0.210576622873847175E+01    0.734348160326738029E-02    0.713136258215685492E+00   -0.177019977337741774E+01   -0.118796486441650459E+00   -0.608221645597972049E+01   -0.403668801310719971E+00   -0.318509456428851534E-01   -0.124907118800819214E+00   -0.202629237112528698E+00   -0.106960800297690550E+01   -0.445696880467846412E+02
    0.138939002759278073E-01   -0.300474610153687500E+02    0.912112331063432369E+00    0.210576622873847175E+01    0.734348160326738029E-02    0.713136258215685492E+00   -0.177019977337741774E+01   -0.118796486441650459E+00   -0.608221645597972049E+01   -0.403668801310719971E+00   -0.318509456428851534E-01   -0.124907118800819214E+00   -0.202629237112528698E+00   -0.106960800297690550E+01   -0.445696880467846412E+02
    0.153256816835227513E-01   -0.300809224630621692E+02    0.911701877632819624E+00    0.212108513311710034E+01    0.730394312685631909E-02    0.663426249798923062E+00   -0.153376113601383879E+01   -0.118948171811891115E+00   -0.612607439580526680E+01   -0.397957464939575956E+00   -0.219290590022491808E-01   -0.117921471916937678E+00   -0.191063009832521585E+00   -0.106478441740393071E+01   -0.445693603149443902E+02
    0.148300776478899124E-01   -0.300639698584949677E+02    0.905470387834617862E+00    0.211142493843519308E+01    0.731114693890382375E-02    0.684156581221940230E+00   -0.178796363654989121E+01   -0.118446228645536680E+00   -0.613575628592363032E+01   -0.408652020909783198E+00   -0.609162102536389555E-01   -0.121734833222644973E+00   -0.191791522558264094E+00   -0.107594242252316552E+01   -0.445664785637850045E+02
    0.148300776478899124E-01   -0.300639698584949677E+02    0.905470387834617862E+00    0.211142493843519308E+01    0.731114693890382375E-02    0.684156581221940230E+00   -0.178796363654989121E+01   -0.118446228645536680E+00   -0.613575628592363032E+01   -0.408652020909783198E+00   -0.609162102536389555E-01   -0.121734833222644973E+00   -0.191791522558264094E+00   -0.107594242252316552E+01   -0.445664785637850045E+02
    0.141241656204467800E-01   -0.300651940822733792E+02    0.901087158718651526E+00    0.211271372183381789E+01    0.732310943800184699E-02    0.636998497468344027E+00   -0.193986930012364622E+01   -0.119930503623238649E+00   -0.611619950389116429E+01   -0.407736137600259063E+00   -0.118802438164596069E-02   -0.126593479546499549E+00   -0.201967167233388672E+00   -0.107834096682551506E+01   -0.445664371006680042E+02
    0.141241656204467800E-01   -0.300651940822733792E+02    0.901087158718651526E+00    0.211271372183381789E+01    0.732310943800184699E-02    0.636998497468344027E+00   -0.193986930012364622E+01   -0.119930503623238649E+00   -0.611619950389116429E+01   -0.407736137600259063E+00   -0.118802438164596069E-02   -0.126593479546499549E+00   -0.201967167233388672E+00   -0.107834096682551506E+01   -0.445664371006680042E+02
    0.141152092338605005E-01   -0.300705971507076164E+02    0.907064220235958230E+00    0.212278842058100059E+01    0.730502303596715797E-02    0.625153038217931223E+00   -0.177906285936691089E+01   -0.120060208682178010E+00   -0.613401249403358495E+01   -0.405974542065953181E+00   -0.527333914236131907E-01   -0.124054790731522646E+00   -0.191954532418418367E+00   -0.106757077911904430E+01   -0.445653883010580287E+02
    0.145487574012978550E-01   -0.300611745534949648E+02    0.904600807715779220E+00    0.212612718199642758E+01    0.735021310363621720E-02    0.674209839140803457E+00   -0.185366495448915902E+01   -0.119862538100834470E+00   -0.616754208393786740E+01   -0.393699538640992441E+00   -0.413668724980112631E-01   -0.123242593080813798E+00   -0.214246978721658182E+00   -0.106512879261052973E+01   -0.445652783888654298E+02
    0.152547641429532435E-01   -0.300257276375073516E+02    0.906240740533800881E+00    0.212425657778596166E+01    0.735446723261733680E-02    0.605690427242716156E+00   -0.173706812309595171E+01   -0.119952134976746630E+00   -0.620180650451170212E+01   -0.397836058504494994E+00   -0.148166095059798514E-01   -0.124642021260889677E+00   -0.170711256535504369E+00   -0.105206595642662704E+01   -0.445646557120037912E+02
    0.160918611783703244E-01   -0.300713337617659349E+02    0.903815374144477435E+00    0.214157540638601107E+01    0.733655392347936589E-02    0.658325052435278502E+00   -0.174935381274006363E+01   -0.120814294383408377E+00   -0.607178534259353420E+01   -0.403849579212084087E+00   -0.857431502000758350E-01   -0.126640834637844452E+00   -0.142152212346684570E+00   -0.105242528935087831E+01   -0.445645402470510490E+02
    0.154333582945140324E-01   -0.300669978830389439E+02    0.907236758928935072E+00    0.211851312248255574E+01    0.732525293477467778E-02    0.621783208957967570E+00   -0.168739469081423077E+01   -0.119530307863798493E+00   -0.611389304198821559E+01   -0.404811713605501611E+00    0.353016053795951676E-01   -0.122530379855441129E+00   -0.158829655009748327E+00   -0.106711110845169865E+01   -0.445644007651955505E+02
    0.154333582945140324E-01   -0.300669978830389439E+02    0.907236758928935072E+00    0.211851312248255574E+01    0.732525293477467778E-02    0.621783208957967570E+00   -0.168739469081423077E+01   -0.119530307863798493E+00   -0.611389304198821559E+01   -0.404811713605501611E+00    0.353016053795951676E-01   -0.122530379855441129E+00   -0.158829655009748327E+00   -0.106711110845169865E+01   -0.445644007651955505E+02
    0.161573097861350164E-01   -0.300502816363861385E+02    0.909017657634099696E+00    0.212027994682097942E+01    0.731845813109151255E-02    0.613069395573619946E+00   -0.173484670277653774E+01   -0.120750778597859473E+00   -0.615433342482845447E+01   -0.401305130567828239E+00   -0.165024108714617659E-01   -0.125521591175493774E+00   -0.159761663033114676E+00   -0.105976650699638797E+01   -0.445626775321554760E+02
    0.148288070949597426E-01   -0.300526748175713259E+02    0.904200803254896934E+00    0.213242011457548974E+01    0.728986989645222152E-02    0.623725581494852910E+00   -0.195527320288180739E+01   -0.119780189757995995E+00   -0.607691246550868325E+01   -0.398358546834110760E+00   -0.379389077129470079E-01   -0.123672660392244921E+00   -0.196760069027559270E+00   -0.105873126990030153E+01   -0.445604789137029300E+02
    0.164908526225067478E-01   -0.300466105437848938E+02    0.905752189196828872E+00    0.213209736886155055E+01    0.732084277591299286E-02    0.664296953802696932E+00   -0.207509455849034818E+01   -0.119208024556200720E+00   -0.617738547819072625E+01   -0.404661328907042983E+00    0.298627076073209458E-02   -0.125070827909787741E+00   -0.178915270012469818E+00   -0.106025919627440235E+01   -0.445595417053979048E+02
    0.167390965582329687E-01   -0.300736054854215276E+02    0.907532365395112506E+00    0.211815204707904670E+01    0.730974964080302256E-02    0.603729866410058880E+00   -0.170715816774378637E+01   -0.119936060183435375E+00   -0.612314685173418560E+01   -0.404159928907775190E+00   -0.267603160647959942E-01   -0.119205894884522365E+00   -0.169092150704133054E+00   -0.106629674333327107E+01   -0.445570288523426683E+02
    0.159423478961527830E-01   -0.300521785692668608E+02    0.910646128929336829E+00    0.212919331771983567E+01    0.731061196392767277E-02    0.628047008628783821E+00   -0.171209059754216741E+01   -0.118197001259228399E+00   -0.608830980559692136E+01   -0.391203023153304186E+00   -0.447388528622238782E-01   -0.119916265441932970E+00   -0.208457613773496309E+00   -0.105617475937156757E+01   -0.445534087922924940E+02
    0.151679138795549912E-01   -0.300568243423002173E+02    0.904202397659273793E+00    0.210514657506564618E+01    0.731086071015196824E-02    0.707893578262264622E+00   -0.177974317288877804E+01   -0.118061401845848360E+00   -0.612780084798962932E+01   -0.393849532466298113E+00   -0.349010550300051584E-01   -0.122042211688653882E+00   -0.199883398772958520E+00   -0.107585420158116274E+01   -0.445528972440827005E+02
    0.140151448191959058E-01   -0.300383307754625193E+02    0.910249421687764682E+00    0.214260650194091795E+01    0.732226481921261288E-02    0.712934346432238630E+00   -0.169978828761263401E+01   -0.120594431495157708E+00   -0.605679804063437288E+01   -0.402675712421908694E+00   -0.546879613846782547E-02   -0.124045910247167671E+00   -0.166307710815619986E+00   -0.106250936394573992E+01   -0.445526032553118512E+02
    0.147951698200765869E-01   -0.300679728271102817E+02    0.907712098102758103E+00    0.214112482713344443E+01    0.733910655038708636E-02    0.655982485942951610E+00   -0.169003928897215117E+01   -0.118190880581843530E+00   -0.623852842463573154E+01   -0.400557778687567478E+00   -0.115147277700340861E+00   -0.117664324070121395E+00   -0.179892269930573279E+00   -0.107315473879786971E+01   -0.445506080029618587E+02
    0.129712529518312483E-01   -0.300711652947973320E+02    0.902567996238266224E+00    0.208955934397610799E+01    0.730990801196568923E-02    0.673709340751222463E+00   -0.165479098889217968E+01   -0.118904531579257344E+00   -0.616897973522298582E+01   -0.400457329167822007E+00   -0.177797108163656389E-01   -0.120968512033428774E+00   -0.178277233675387087E+00   -0.106567405782109681E+01   -0.445499257504645030E+02
    0.149863940573943689E-01   -0.301005355607895595E+02    0.914542225624977667E+00    0.210246942409280413E+01    0.735339917988665250E-02    0.694419535907474406E+00   -0.180416490395958329E+01   -0.119257955374694344E+00   -0.616861730326713609E+01   -0.400201233190238759E+00   -0.372206748443361102E-01   -0.115830313417561018E+00   -0.161507785465308307E+00   -0.106747784816104918E+01   -0.445490347894542538E+02
    0.160448627763491621E-01   -0.300421617706476667E+02    0.909172503498362983E+00    0.211328526211488432E+01    0.730587461604724226E-02    0.651545997335841398E+00   -0.153919431744036328E+01   -0.120110490457455893E+00   -0.610138461492349116E+01   -0.398004083049291080E+00   -0.158438131792478509E-01   -0.121626453389207911E+00   -0.144345549215651320E+00   -0.105356051897779923E+01   -0.445464388431622638E+02
    0.149825951251236680E-01   -0.300541025309095673E+02    0.907233245860143978E+00    0.212723521388386017E+01    0.733353008638939607E-02    0.576054196714230193E+00   -0.180659458890596047E+01   -0.119942936165967171E+00   -0.611229280205772163E+01   -0.399371470521932281E+00   -0.521450710219963226E-01   -0.120032717208359729E+00   -0.163161890244365559E+00   -0.107643244469844768E+01   -0.445462127316949221E+02
    0.147257601271950003E-01   -0.300594920196007429E+02    0.906037802559260363E+00    0.211466355944729933E+01    0.731860475137517414E-02    0.621886022734239430E+00   -0.174694354795279883E+01   -0.120298926893281907E+00   -0.619335815003609724E+01   -0.404442230364259303E+00   -0.498834007096194201E-02   -0.126089128375055259E+00   -0.205681145289207556E+00   -0.105824565551499972E+01   -0.445449029262987182E+02
    0.150959431121588782E-01   -0.300631696867486617E+02    0.904424852844003868E+00    0.211298154940254745E+01    0.732186279004790313E-02    0.622625592228582936E+00   -0.170746020687559374E+01   -0.119737524225813449E+00   -0.615083585901903085E+01   -0.406041199695057420E+00   -0.138419603255512356E-01   -0.119509059010700275E+00   -0.173240298087186440E+00   -0.106000329635884927E+01   -0.445431441955411529E+02
    0.146302886567568347E-01   -0.300380694077418156E+02    0.910575455025969593E+00    0.211482987260407196E+01    0.732385143384750494E-02    0.623357938864611216E+00   -0.180708394077272305E+01   -0.119061161179483149E+00   -0.613511346612954345E+01   -0.409204978615404114E+00   -0.496767333760627997E-01   -0.123015599127525174E+00   -0.136149935775652542E+00   -0.106357746721146351E+01   -0.445420977909026803E+02
    0.158302390439782614E-01   -0.300626053253359693E+02    0.907758540804770031E+00    0.209201175248672255E+01    0.733056716457172308E-02    0.665950991458048258E+00   -0.168325143919636333E+01   -0.119076071300699041E+00   -0.611718524069529312E+01   -0.398389212797798209E+00   -0.599323360270229283E-01   -0.126206628726271586E+00   -0.176180214240854283E+00   -0.106542867037896749E+01   -0.445384154443122853E+02
    0.156417194013574908E-01   -0.300454882777858359E+02    0.905410584938599050E+00    0.213671893752541031E+01    0.735333266284695242E-02    0.610463222575851283E+00   -0.168760513256020039E+01   -0.120502772003568889E+00   -0.623944501730175904E+01   -0.404673748784050658E+00   -0.198607991915133245E-01   -0.119564385390749567E+00   -0.148823374830509447E+00   -0.107428374991043274E+01   -0.445353817892912858E+02
    0.173606199094181110E-01   -0.300648409603141431E+02    0.908719403045885721E+00    0.210129035216313964E+01    0.731797427685856525E-02    0.694591426482270680E+00   -0.162207086521472021E+01   -0.119206270325055125E+00   -0.612131277271928731E+01   -0.403215462801232161E+00   -0.336427961824912886E-01   -0.122887391763571385E+00   -0.152102297820029153E+00   -0.106482338108795171E+01   -0.445340160627771269E+02
    0.134938951856586452E-01   -0.300608759456917660E+02    0.901182114383795141E+00    0.209085933854247852E+01    0.731072885200145621E-02    0.582348852984207577E+00   -0.178161764916054199E+01   -0.120367482436788381E+00   -0.616305812676347387E+01   -0.404584973519446278E+00   -0.219868597268693435E-01   -0.124551462153558140E+00   -0.174418133800672254E+00   -0.106604642691828677E+01   -0.445318352662830605E+02
    0.168732923146511435E-01   -0.300468351560265425E+02    0.908020284542718104E+00    0.211396267226783197E+01    0.731812141112501372E-02    0.580138358146374156E+00   -0.178701039036071907E+01   -0.120075691932412548E+00   -0.612976382096071148E+01   -0.405433287864270187E+00   -0.277328282147451637E-01   -0.122832426024489183E+00   -0.197366136409440812E+00   -0.107104699695652594E+01   -0.445302565071683389E+02
    0.154862434635624473E-01   -0.300822097054364441E+02    0.908475671028878828E+00    0.210883676124287023E+01    0.732397216411484909E-02    0.651473163354063578E+00   -0.168375474349267629E+01   -0.119322121867000197E+00   -0.608761425899282660E+01   -0.392280932369421798E+00   -0.861949309398292590E-01   -0.121363284005323757E+00   -0.182154846526850961E+00   -0.106093555685499319E+01   -0.445289084105970474E+02
    0.146818821371923654E-01   -0.300603291514978608E+02    0.902786909966289297E+00    0.209859396629554817E+01    0.733186187012286033E-02    0.672248907513061433E+00   -0.181447928272724379E+01   -0.118874176759586100E+00   -0.615496095964174206E+01   -0.394927230756350500E+00   -0.475472022872079347E-01   -0.120244379852704156E+00   -0.190346402155077726E+00   -0.106059679133505647E+01   -0.445070350579414722E+02
    0.156046629388152166E-01   -0.300578133440989888E+02    0.911151481458320811E+00    0.210812403988600572E+01    0.729698467469512470E-02    0.675728162457435166E+00   -0.184904928813244518E+01   -0.119745136441764211E+00   -0.614316752132688304E+01   -0.400207495068162444E+00   -0.304043715129810321E-01   -0.122443674446328879E+00   -0.187705549026351060E+00   -0.106415971188739489E+01   -0.445186509465938656E+02
    0.148443148822510352E-01   -0.300725290498430802E+02    0.902786878480558608E+00    0.215805525203599302E+01    0.730376762396696844E-02    0.710913196896735711E+00   -0.179367457553443033E+01   -0.119393404716322218E+00   -0.620229346279518090E+01   -0.406845175528025238E+00   -0.208058935576963047E-01   -0.124598562731780813E+00   -0.233227461724790475E+00   -0.107089093327388718E+01   -0.444479943570275609E+02
    0.151212520634673424E-01   -0.300297075839655498E+02    0.904997672885543669E+00    0.210552738047160348E+01    0.729652706394986420E-02    0.681218501400589482E+00   -0.180188530375083311E+01   -0.119130124690951120E+00   -0.617167395376934813E+01   -0.395233824064361139E+00   -0.451149877309128533E-01   -0.123863576782388768E+00   -0.186041902189943986E+00   -0.107043851622502695E+01   -0.445247180382869701E+02
    0.149410274207812926E-01   -0.300424580391067657E+02    0.905904959408055821E+00    0.210767776982810684E+01    0.731628526233498062E-02    0.653017033151087722E+00   -0.175212387308256679E+01   -0.119643300830671248E+00   -0.620038906272547763E+01   -0.397319659736296238E+00   -0.170600324406272215E-01   -0.123673814085250952E+00   -0.182659737683023876E+00   -0.106896505474884718E+01   -0.445228255622144857E+02
    0.144828019408504618E-01   -0.300375805047651134E+02    0.903149366381875485E+00    0.209922451858628145E+01    0.732201249016797926E-02    0.636870970084696286E+00   -0.155428371975614033E+01   -0.120574539525775210E+00   -0.614025956563525455E+01   -0.397128698889513021E+00   -0.352642205935544545E-01   -0.124831080743476874E+00   -0.188631021971712498E+00   -0.106379298830169344E+01   -0.444791210428897088E+02
    0.150196105654800804E-01   -0.300348045244554775E+02    0.905668704134150682E+00    0.210236037442956469E+01    0.731105217132000697E-02    0.656763229058954345E+00   -0.169588073077857104E+01   -0.118890960699314846E+00   -0.613812947584401236E+01   -0.403666803191255696E+00    0.475549318371159616E-01   -0.122498345710294096E+00   -0.181420083561396800E+00   -0.105501101181888401E+01   -0.444964306071645836E+02
    0.140530755386691769E-01   -0.300408322210110725E+02    0.905898052811973442E+00    0.211023505444334303E+01    0.731094513137683661E-02    0.609108012703452495E+00   -0.174313022911108706E+01   -0.120023658949344664E+00   -0.618924198772870415E+01   -0.404995434193287984E+00   -0.269567093703091329E-01   -0.126667331785187881E+00   -0.185900302406832862E+00   -0.106596625175592452E+01   -0.445092756760501160E+02
    0.142519137551857748E-01   -0.300562236246660568E+02    0.902264942784525736E+00    0.210307879726804536E+01    0.730594189535792218E-02    0.578144566541883509E+00   -0.181985590224191762E+01   -0.119383761136149943E+00   -0.616491357037440135E+01   -0.404111128443782386E+00   -0.257532293451040346E-01   -0.124797694906005285E+00   -0.208963704313625709E+00   -0.107440055532424439E+01   -0.444583074972562144E+02
    0.156563130465759565E-01   -0.300450428111393109E+02    0.904079312285359538E+00    0.210394669387269362E+01    0.731087491909953625E-02    0.643256403040933011E+00   -0.166692313540116799E+01   -0.118969538203878081E+00   -0.617319243622477476E+01   -0.403384179415397837E+00   -0.548735620193633866E-01   -0.123005064825757710E+00   -0.157582485192456601E+00   -0.106965879103071049E+01   -0.445053769250525875E+02
    0.143173998213053967E-01   -0.300692498339064365E+02    0.903774047669129610E+00    0.209602307462473192E+01    0.732249330291856026E-02    0.635410659643467213E+00   -0.188689994560928209E+01   -0.118916137111619302E+00   -0.622933069156189667E+01   -0.403576792757654401E+00   -0.507121432498787925E-01   -0.121035064084994426E+00   -0.234598396640409712E+00   -0.106562135717702788E+01   -0.444772438186661603E+02
    0.144988375668516946E-01   -0.300625414807699407E+02    0.907527249190559160E+00    0.210480914058809843E+01    0.730990801807240593E-02    0.628859291885640825E+00   -0.177021733366902345E+01   -0.120156887339231189E+00   -0.611641838784139491E+01   -0.403924702779157541E+00   -0.777196287355423621E-01   -0.123969116025673912E+00   -0.226619725452646387E+00   -0.106000602372879649E+01   -0.444810262497731088E+02
    0.135388737758095519E-01   -0.300371221916475477E+02    0.902212204459386435E+00    0.209794862079616040E+01    0.731878328918986534E-02    0.672575935378459944E+00   -0.176231267707378003E+01   -0.120101446518807886E+00   -0.616142615180371767E+01   -0.404100510578174865E+00   -0.399346591640840493E-01   -0.118919433720520940E+00   -0.184079630448856363E+00   -0.106544886502096992E+01   -0.444997557099825727E+02
    0.165570679210199148E-01   -0.300581268574450782E+02    0.906516539828564616E+00    0.209839521127357331E+01    0.730606456303637200E-02    0.609939878915918166E+00   -0.175047367776543572E+01   -0.120363062406303511E+00   -0.616555869860571182E+01   -0.403399936197107900E+00   -0.459486735811510394E-01   -0.125482159646219255E+00   -0.183972085764811777E+00   -0.106367647864810766E+01   -0.444553391835762426E+02
    0.155230712144980437E-01   -0.300552844073961332E+02    0.904886792653512129E+00    0.209658844167109226E+01    0.729650032868769342E-02    0.688226656462556097E+00   -0.177565643232952031E+01   -0.120278740555041799E+00   -0.614889035574436082E+01   -0.394338535160227710E+00    0.164899407922983188E-02   -0.125281348825268757E+00   -0.161206372302196421E+00   -0.105875209919041802E+01   -0.444805073190372440E+02
    0.149318751011088338E-01   -0.300803568408346642E+02    0.907649253818473944E+00    0.210118832424290813E+01    0.733495429001387086E-02    0.655166074866832648E+00   -0.190183690145539730E+01   -0.119702170190109383E+00   -0.611785171046958265E+01   -0.401449394389641223E+00   -0.159644551284173070E-01   -0.128991628584760709E+00   -0.212662321757987827E+00   -0.105531784157626363E+01   -0.445072888423833319E+02
    0.150586062166946678E-01   -0.300679633036663816E+02    0.908340596449082271E+00    0.210762085540162536E+01    0.730796095048241029E-02    0.634426710316957521E+00   -0.171011629404779431E+01   -0.118873626528551241E+00   -0.616017575899543157E+01   -0.410452349878771439E+00   -0.418652918324914983E-01   -0.125361069463992864E+00   -0.178344970870264630E+00   -0.106816151848180496E+01   -0.445077791166935057E+02
    0.159036502949306061E-01   -0.300739549464318898E+02    0.901057707673680874E+00    0.209877424822935010E+01    0.731665417504853959E-02    0.615356556212235728E+00   -0.185976902064650829E+01   -0.118335464733986651E+00   -0.613344162734067133E+01   -0.395513561058055796E+00    0.245697880024046689E-01   -0.124493104813887492E+00   -0.228939442454907549E+00   -0.107836342906373117E+01   -0.444863376186026827E+02
    0.163659131731317062E-01   -0.300550530667096112E+02    0.906898903373170029E+00    0.209715612741347179E+01    0.731262894478423506E-02    0.606989109123536985E+00   -0.183262581828954363E+01   -0.120289324185225532E+00   -0.607959942659865860E+01   -0.409910477307962651E+00   -0.532998700321726804E-01   -0.119047968098382626E+00   -0.190788860761266277E+00   -0.106229012584329885E+01   -0.444495689910342122E+02
    0.160866501442510045E-01   -0.300556811227827758E+02    0.902293233148221629E+00    0.210202536231741499E+01    0.733634011540282814E-02    0.614669077939050790E+00   -0.177075572249215818E+01   -0.119487979684646195E+00   -0.618308850347178574E+01   -0.404628555432254067E+00   -0.392737025812965185E-01   -0.122131085935311079E+00   -0.180907463071711655E+00   -0.106580811066597225E+01   -0.445065967277102104E+02
    0.147150098721305217E-01   -0.300747426809598899E+02    0.910790891441569217E+00    0.211093399622510125E+01    0.729898930432033074E-02    0.621305398162008693E+00   -0.165950271864308663E+01   -0.118948322976738782E+00   -0.612095201301128711E+01   -0.401850052958534043E+00   -0.104140902723027610E-01   -0.124035029771756650E+00   -0.170199628916728463E+00   -0.108562471036821773E+01   -0.445022868613796305E+02
    0.160758274619081029E-01   -0.300615544768263732E+02    0.912990569606701663E+00    0.209896701715634970E+01    0.734165212770457321E-02    0.627901191926656832E+00   -0.196011083517475604E+01   -0.120367942116349713E+00   -0.613480224785369721E+01   -0.402885548294651286E+00   -0.347310399368158801E-01   -0.125272911293806966E+00   -0.190912802437023077E+00   -0.105405444784468516E+01   -0.444710735733818154E+02
    0.163527596065782682E-01   -0.300733473569090748E+02    0.907163023189164974E+00    0.209531095838376924E+01    0.732153576766383235E-02    0.621410009843030742E+00   -0.186524802202119178E+01   -0.119178786094754088E+00   -0.612440792373679166E+01   -0.405208318705019721E+00   -0.537825343913037879E-01   -0.125792537791275111E+00   -0.232212580236298233E+00   -0.105324148313733801E+01   -0.444855674942425097E+02
    0.138500293391212448E-01   -0.300783762634811787E+02    0.911793829979023474E+00    0.210909880640793812E+01    0.730738532318846428E-02    0.655805993484644856E+00   -0.152896180312885055E+01   -0.119799673346563496E+00   -0.611003576771266843E+01   -0.405354466496137156E+00   -0.540502512750880293E-02   -0.125381246843931815E+00   -0.180931076936014290E+00   -0.106314533119391230E+01   -0.445129988700834787E+02
    0.155762933711287768E-01   -0.300424598982996116E+02    0.904173490793007240E+00    0.210336576669353725E+01    0.730406721817794015E-02    0.619020716183558029E+00   -0.171294531794189853E+01   -0.119881823343268884E+00   -0.610157505841808412E+01   -0.394839124481973169E+00    0.383996908937455986E-01   -0.124001663199583459E+00   -0.163629573525141070E+00   -0.105860635576242834E+01   -0.444812089736916860E+02
    0.129664398632971245E-01   -0.300749240781170428E+02    0.905347228490736122E+00    0.210499838410257700E+01    0.733501622025066295E-02    0.604800780318992648E+00   -0.174863264135364060E+01   -0.118694773792893074E+00   -0.608665791694684888E+01   -0.399179994116394432E+00   -0.528964116218823346E-01   -0.124771837801674529E+00   -0.148754138335120356E+00   -0.106132663340521183E+01   -0.445068849150421997E+02
    0.142736786218242914E-01   -0.300567096293079601E+02    0.912467637540589793E+00    0.209603429341492564E+01    0.732630205173260673E-02    0.699809185103592024E+00   -0.165739760645643153E+01   -0.119658215374736601E+00   -0.613576594228052574E+01   -0.397285991931884241E+00   -0.125522478003908533E-01   -0.125756722764539058E+00   -0.169531283197835392E+00   -0.107221421826275276E+01   -0.444973768547483672E+02
    0.155014720229484856E-01   -0.300740790736333921E+02    0.909283714076420058E+00    0.210992574924998477E+01    0.731870700939516068E-02    0.594990329967104215E+00   -0.163213135693459499E+01   -0.120706087294520772E+00   -0.606532454870962390E+01   -0.399518262336671759E+00   -0.450443714227950071E-02   -0.122062460791512783E+00   -0.164824550025246014E+00   -0.106121324524198868E+01   -0.444961288455076058E+02
    0.145767689899166247E-01   -0.300559916615507881E+02    0.909543736837259975E+00    0.210672522323802047E+01    0.733144400967167872E-02    0.628832359427844989E+00   -0.168083560844959456E+01   -0.119257975098152100E+00   -0.614409341232438866E+01   -0.398080805131652948E+00   -0.195405403614829637E-01   -0.123629780293205413E+00   -0.165185453189047732E+00   -0.106975295766795386E+01   -0.445067823282711146E+02
    0.155125024509887421E-01   -0.300699788301498288E+02    0.909490106988490865E+00    0.213353109639505556E+01    0.732843302314698745E-02    0.603293842301990346E+00   -0.167532968474317179E+01   -0.120284673367517553E+00   -0.617046964498443096E+01   -0.401066656111319197E+00   -0.370245853467657468E-01   -0.121059474982541992E+00   -0.190909608627749972E+00   -0.105634005793168706E+01   -0.445179748874828149E+02
