    0.130768749887200178E-01    0.290996558454569776E+01    0.104702460957190699E+00   -0.120738866925366271E+02    0.909181004434437168E+00    0.127968840850611620E+01    0.964832048280436956E-02    0.183249872495476573E+01   -0.175086579560347499E+01   -0.305869110487956702E-01   -0.906109702317967614E-01   -0.129086586597852687E+00    0.707731170727844555E-01   -0.319947324164070124E+00   -0.124476816766796589E+00   -0.107702723778263820E+01
    0.162880608658693207E-01    0.243079163461408143E+01    0.101486674616742004E+00   -0.121310612928061925E+02    0.909501424502202949E+00    0.127751858050299250E+01    0.994826782749180447E-02    0.183759870587112450E+01   -0.185419301108780576E+01   -0.303695773210758725E-01   -0.259500867363674059E+00   -0.120897853770949887E+00    0.168874730842009622E-01   -0.330978435543889782E+00   -0.113213242377394163E+00   -0.106080715303461282E+01
    0.173877193005164063E-01    0.226012804962586289E+01    0.101114070781888735E+00   -0.126647742056629937E+02    0.911043741013808028E+00    0.126638824081779244E+01    0.956881591424901118E-02    0.182870870876023228E+01   -0.176633888225775393E+01   -0.304370790508357615E-01   -0.206949170061287602E+00   -0.126057344862629900E+00   -0.601769996596313098E-01   -0.346030344661096834E+00   -0.118057025224180476E+00   -0.106164929516272721E+01
    0.171147098592818840E-01    0.225177975021219234E+01    0.105861789622361882E+00   -0.121909316343318697E+02    0.911349236502084104E+00    0.124905726840299258E+01    0.950783607677766276E-02    0.183212807723498927E+01   -0.188812424608919960E+01   -0.301149084416946211E-01    0.123945031518106819E+00   -0.635690139834318713E-01   -0.411511049194258818E-02   -0.280021666843535300E+00   -0.130295296698940521E+00   -0.108151433059825397E+01
    0.168504386576490799E-01    0.224290300993444580E+01    0.102408333555378706E+00   -0.125837530617265294E+02    0.900431842390043480E+00    0.124116651203215023E+01    0.977582856293360281E-02    0.183463984234700095E+01   -0.200525250104431985E+01   -0.276311778751313041E-01   -0.921747609590818140E+00   -0.119939964513488428E+00   -0.280456518820077529E-01   -0.330701922181063923E+00   -0.120726888290961482E+00   -0.107534087866946604E+01
    0.165498540701772383E-01    0.223890182049878605E+01    0.104084468264125984E+00   -0.125460183658938167E+02    0.919025707008293558E+00    0.126231316289969175E+01    0.964433194757888940E-02    0.183201170661396651E+01   -0.175410409873953554E+01   -0.281079350967849972E-01   -0.307434798217493366E+00   -0.107910500591420669E+00   -0.327868586340268608E-01   -0.253643205812450145E+00   -0.123264308338007417E+00   -0.107420875499863899E+01
    0.162277392719901818E-01    0.223821223171750683E+01    0.101899096428841388E+00   -0.127709395931648668E+02    0.914117670655377190E+00    0.127393156048782719E+01    0.967070108012085296E-02    0.183209197070473451E+01   -0.179120526472269170E+01   -0.269564707402353866E-01   -0.539357880782605825E+00   -0.966837182358454561E-01   -0.987220490626396045E-02   -0.285563653998188283E+00   -0.114573098053927083E+00   -0.107327111544825660E+01
    0.159815737610754585E-01    0.222878355172295972E+01    0.106050351103082238E+00   -0.124750771149072222E+02    0.881934738719840183E+00    0.125942207085135438E+01    0.996233444351877530E-02    0.183158405185264872E+01   -0.205700015027067895E+01   -0.295596139924144408E-01    0.199483720135288034E+00   -0.118953895788195624E+00   -0.169992269276379275E-01   -0.279419751325387378E+00   -0.119908867229201535E+00   -0.107270295245723224E+01
    0.156760945557604808E-01    0.222738256464366513E+01    0.109218879439077710E+00   -0.123743452326951466E+02    0.911241261790177615E+00    0.125551670704538543E+01    0.923275812372786192E-02    0.183224130616159409E+01   -0.168557442393561363E+01   -0.300093317115304251E-01    0.260420681271144816E+00   -0.101045552017404117E+00    0.115328825046577734E-01   -0.285049209677992021E+00   -0.115672455439379859E+00   -0.107222042579880150E+01
    0.154434127612277702E-01    0.221729128118219121E+01    0.103873629924267602E+00   -0.126359203981338304E+02    0.892642422992237172E+00    0.125461304875298385E+01    0.942305186996642528E-02    0.182776959635530267E+01   -0.181379651765663752E+01   -0.301333113524434489E-01   -0.645976358147964502E+00   -0.102623807618369922E+00   -0.335099520369751052E-02   -0.269911738110165389E+00   -0.126848430866825956E+00   -0.108759220385637723E+01
    0.153633943576916582E-01    0.218768100877444382E+01    0.108779374305353074E+00   -0.124862346044962873E+02    0.896697899785890207E+00    0.127540574840437482E+01    0.907736785447036884E-02    0.183224861155836449E+01   -0.170591426135101254E+01   -0.311069171945405794E-01   -0.149125143960442658E+00   -0.132628478032273178E+00   -0.343006096884806225E-01   -0.256332201739092325E+00   -0.122536320634839199E+00   -0.107245628106528534E+01
    0.150930736966068679E-01    0.218318450304542822E+01    0.105332428725460572E+00   -0.126502442120526446E+02    0.908407495778886243E+00    0.125632402282660260E+01    0.949772150893984750E-02    0.183290688363423726E+01   -0.182072516895509029E+01   -0.301802383429750735E-01   -0.509894551907998261E+00   -0.115287832917351757E+00   -0.221332007283495391E-01   -0.256608484090425915E+00   -0.123963583114433756E+00   -0.107239930061214839E+01
    0.149064623150185951E-01    0.216806672635782816E+01    0.109035733486378669E+00   -0.123817668215023620E+02    0.897931013302672443E+00    0.126510455253116394E+01    0.953052519600645562E-02    0.183336680312275258E+01   -0.167170076092751652E+01   -0.310643830562561743E-01   -0.261668786101891315E+00   -0.113316954484480065E+00    0.244821081879511571E-01   -0.329362246885144150E+00   -0.122865693181363533E+00   -0.106851893180391189E+01
    0.146673201841320110E-01    0.216041258451032414E+01    0.976766491296331973E-01   -0.125866370965516978E+02    0.909524647077811110E+00    0.128586972597074567E+01    0.970789922210800460E-02    0.183550269486807860E+01   -0.190119854089736751E+01   -0.302494320560359221E-01   -0.281943558648894088E+00   -0.137655765082731640E+00   -0.187640978700912876E-01   -0.282915168362470770E+00   -0.117704181245669795E+00   -0.107609208752771135E+01
    0.144017243300481341E-01    0.215696049993265282E+01    0.105375881149023229E+00   -0.126112688622069609E+02    0.903079689516571582E+00    0.125677150382056668E+01    0.963769817384588223E-02    0.183380772674197279E+01   -0.161374050422698812E+01   -0.303498615625305557E-01   -0.148757376134626085E+00   -0.791788258207084539E-01    0.426337173569141747E-03   -0.242568945092964700E+00   -0.120036967759822338E+00   -0.107983675657784373E+01
    0.141640890116661450E-01    0.215023675186470653E+01    0.102992718738721137E+00   -0.123593377995245781E+02    0.900014629380875175E+00    0.126359068750966475E+01    0.964774577012071297E-02    0.183628529032318144E+01   -0.197302436554299976E+01   -0.318069797911379043E-01   -0.101904608384345785E+00   -0.989413165929624028E-01   -0.315786633468644051E-01   -0.266243845622727571E+00   -0.113933576497850478E+00   -0.108056353960550600E+01
    0.138916366848577579E-01    0.214908242562762197E+01    0.106563429773534973E+00   -0.125061167916591138E+02    0.894581755633784503E+00    0.128229835093866984E+01    0.986488224864837983E-02    0.183473417275248396E+01   -0.180855107882806276E+01   -0.321078477882090971E-01   -0.155149319999670604E+00   -0.142397440990947477E+00    0.218901556053538379E-01   -0.253625768929324147E+00   -0.122066556126029069E+00   -0.106981673021324020E+01
    0.136206097220816415E-01    0.214848825625922490E+01    0.108748044906675903E+00   -0.123343492465422546E+02    0.898142856646678367E+00    0.126676630770202214E+01    0.950014994814147792E-02    0.183328893366393153E+01   -0.183707983615903969E+01   -0.295395236635639692E-01   -0.399988040368389697E+00   -0.122860055843243776E+00   -0.143847551314099809E-01   -0.325167059514023693E+00   -0.113010619059465953E+00   -0.107227694716275868E+01
    0.134350132470458673E-01    0.213592793288910832E+01    0.107788770295665345E+00   -0.124210620141271750E+02    0.891654698981743876E+00    0.126033623581888121E+01    0.951185124980602828E-02    0.183648940891764645E+01   -0.187201926054391854E+01   -0.322539591476116091E-01   -0.120259443395430377E+00   -0.119450944913278720E+00   -0.362593470735445150E-01   -0.312152434760657127E+00   -0.117260119745708394E+00   -0.107751013823915276E+01
    0.131713436883117846E-01    0.213556931504686043E+01    0.107612741116600477E+00   -0.125700577084812881E+02    0.899737120315706740E+00    0.124072694388730920E+01    0.943689914408863371E-02    0.183892670023547367E+01   -0.184036317904693614E+01   -0.285030710826302790E-01   -0.282488202256541698E+00   -0.101108912576998639E+00    0.529778490912687638E-01   -0.271686791882782164E+00   -0.121081172030941431E+00   -0.107126085639981605E+01
    0.129776084026794140E-01    0.212520550542460596E+01    0.105375872821999686E+00   -0.122402451750425776E+02    0.913244868140857702E+00    0.126133645619996138E+01    0.961027129669781745E-02    0.183637740119134341E+01   -0.169889394198707655E+01   -0.309314345157800756E-01   -0.541344499134608470E+00   -0.988429926320851665E-01   -0.124846144101752321E-01   -0.256276923389538447E+00   -0.124573423863845831E+00   -0.108089373969002223E+01
    0.127752260248720252E-01    0.211664073167821964E+01    0.102352134053627947E+00   -0.124034627458392581E+02    0.908126656767664908E+00    0.126103107610806098E+01    0.943819040139977534E-02    0.183159969009606916E+01   -0.183531645998034998E+01   -0.282511754118976652E-01   -0.583784110043023552E-01   -0.127688188389104618E+00    0.448043078714915818E-01   -0.271420308138621502E+00   -0.119498200757667775E+00   -0.107537960169950542E+01
    0.125285838073667787E-01    0.211563091230813294E+01    0.102901791832819875E+00   -0.128689121663892614E+02    0.907871193380848207E+00    0.126233482894550786E+01    0.950521684171986604E-02    0.183055799114031736E+01   -0.186974780540303609E+01   -0.289894129839352067E-01   -0.525233907839441239E+00   -0.999164824534985313E-01    0.218539958011529575E-01   -0.284752905755556729E+00   -0.115009900119565939E+00   -0.106273201859530864E+01
    0.123333172339326249E-01    0.210704775180638260E+01    0.997331845565239544E-01   -0.125774155836061095E+02    0.910649661756621320E+00    0.127430959129476595E+01    0.939882462430750333E-02    0.183239058015562284E+01   -0.177994198781909319E+01   -0.308916606503688539E-01   -0.287920052612540500E+00   -0.956759116532252540E-01    0.384730297011553557E-02   -0.273992311459281601E+00   -0.120675738908420788E+00   -0.106659289107430211E+01
    0.121349676779650920E-01    0.209947403776944919E+01    0.104158516907765286E+00   -0.123616853512182363E+02    0.897276898025905822E+00    0.125077096615847805E+01    0.965733510294892669E-02    0.183261879454493948E+01   -0.177281710027895922E+01   -0.300658652016415548E-01   -0.351310205411171694E+00   -0.133160460351881532E+00   -0.364314942205110331E-02   -0.322448422501635468E+00   -0.112059462425393358E+00   -0.106863417559903917E+01
    0.119295572849049316E-01    0.209361813699289412E+01    0.102595155682666833E+00   -0.122787747358695256E+02    0.908816291750907390E+00    0.124557809354755555E+01    0.978722236503659117E-02    0.183363379186457420E+01   -0.180887098263688517E+01   -0.305686586502830100E-01   -0.537655122300808364E+00   -0.923676771080754327E-01    0.106274879848190767E-01   -0.304551543915296430E+00   -0.118723157883701455E+00   -0.107253890181225597E+01
    0.116970943715194592E-01    0.209297545575011945E+01    0.102982457149394593E+00   -0.122552301228248943E+02    0.898401002927918690E+00    0.126408293912736114E+01    0.961115885937888215E-02    0.183170655305161389E+01   -0.201183691906237705E+01   -0.317989592750017175E-01   -0.308160558081931157E+00   -0.107515272281854646E+00    0.375161292585151421E-01   -0.248590015689029914E+00   -0.110975565483526384E+00   -0.106381958076183447E+01
    0.114790844521277420E-01    0.209060311673472032E+01    0.101997420793137505E+00   -0.121582367584723325E+02    0.908348430180030419E+00    0.127812383265971241E+01    0.967054000619450328E-02    0.183058353523200878E+01   -0.174157618171880579E+01   -0.286628074990876829E-01   -0.251609551823158140E+00   -0.126477262635441262E+00    0.305295686378151800E-02   -0.253673864028912288E+00   -0.116035169786494363E+00   -0.107785174931514871E+01
    0.112567097833024161E-01    0.208972763695915908E+01    0.105387991327647590E+00   -0.124964396451734441E+02    0.908677845881181057E+00    0.125596751357119740E+01    0.960299863426389809E-02    0.183196144677134565E+01   -0.192727949394001108E+01   -0.312861750977402320E-01    0.517566128451785512E+00   -0.104618609674696300E+00    0.611059906813144448E-02   -0.269128978372917771E+00   -0.125262601846494931E+00   -0.108456168355079807E+01
    0.110742619044302843E-01    0.208240905201899551E+01    0.107725044799752728E+00   -0.123029515532457712E+02    0.909588256329494360E+00    0.127786864184486393E+01    0.980152032540356107E-02    0.183085106338595249E+01   -0.178036726229770070E+01   -0.307407740888491210E-01   -0.169396177839699985E+00   -0.141116624919821104E+00   -0.798132982272940598E-02   -0.276750394673685784E+00   -0.116360553865635638E+00   -0.107628293037125577E+01
    0.108662790255864439E-01    0.208032773589081987E+01    0.101127683335839200E+00   -0.124672813422854052E+02    0.901322427042389407E+00    0.125282761726673075E+01    0.972433040539913418E-02    0.183450912483372597E+01   -0.171582695855093825E+01   -0.302661303929449427E-01   -0.286925521931654937E+00   -0.124145541765736445E+00   -0.187782343280485445E-01   -0.342390855636412972E+00   -0.120472065797965072E+00   -0.107650855965556591E+01
    0.106512618527469238E-01    0.208029965111770698E+01    0.105908975853451631E+00   -0.126087204987922519E+02    0.912903266894097398E+00    0.127017264657796880E+01    0.987306709729684692E-02    0.182973359556628878E+01   -0.190756213465868685E+01   -0.288539446196168607E-01   -0.452535658221953740E+00   -0.100927410378878174E+00    0.148711714223224243E-01   -0.233343573516812841E+00   -0.117858268021126242E+00   -0.108534861564738128E+01
    0.104936466043422764E-01    0.207011641159377513E+01    0.108337637562069586E+00   -0.123589603537600201E+02    0.901729081433537361E+00    0.126074980811538739E+01    0.970408047742200679E-02    0.183311820299972772E+01   -0.175221855815992922E+01   -0.289713656420551580E-01   -0.404646958782832356E+00   -0.106964627509131160E+00    0.282760676835580108E-01   -0.269297634535013319E+00   -0.114222664994601306E+00   -0.106163075794859774E+01
    0.102863929916560473E-01    0.207001248287587591E+01    0.107102471644785355E+00   -0.125189887483174775E+02    0.904496534526875173E+00    0.125500040343325825E+01    0.954309731836874321E-02    0.182564446646544121E+01   -0.180634394719548408E+01   -0.283384818634126248E-01   -0.926525796381793554E-01   -0.117458914396909489E+00    0.511255146669873720E-01   -0.291155083646088053E+00   -0.117999252724886608E+00   -0.107345705988830886E+01
    0.101175232331809691E-01    0.206311860084048471E+01    0.109105923227969873E+00   -0.121732427170331690E+02    0.899054891713022775E+00    0.126079185562651364E+01    0.956371164157047114E-02    0.183584331120722988E+01   -0.172855669458047689E+01   -0.303608712911560101E-01   -0.865689663860352066E+00   -0.115132402217335519E+00   -0.128977840070911235E-01   -0.292799296642169193E+00   -0.112752692798461590E+00   -0.107892935789049749E+01
    0.994216525670315460E-02    0.205808672981785801E+01    0.107500848180588124E+00   -0.125530681808403042E+02    0.894734780661398887E+00    0.125394538219427543E+01    0.982334247117210187E-02    0.183625079780993183E+01   -0.184644246830583980E+01   -0.323133240482393266E-01   -0.164237986170565842E+00   -0.937596705000454389E-01   -0.127281854270749721E-01   -0.262763693639724849E+00   -0.124620203541032995E+00   -0.106416260378870420E+01
    0.976968500957966363E-02    0.205308793912389387E+01    0.108386271638085230E+00   -0.123465956435568867E+02    0.902331909493345408E+00    0.127092112400554069E+01    0.971084442616149297E-02    0.183555524197083497E+01   -0.184498340976702879E+01   -0.304306692366773969E-01   -0.272719359301381303E+00   -0.135979555189417844E+00   -0.171614222068898065E-01   -0.259280285324562820E+00   -0.129138612735771985E+00   -0.107604597636084209E+01
    0.957716060019095719E-02    0.205289406951920084E+01    0.105831767945856650E+00   -0.128793864524284913E+02    0.895151438523908438E+00    0.128515992317848937E+01    0.929541588797883588E-02    0.182923210526776958E+01   -0.167616696475676208E+01   -0.294577614198464829E-01   -0.369667495906645605E+00   -0.112049426023030030E+00    0.418497810377207666E-02   -0.332540874047451918E+00   -0.117390628011255577E+00   -0.107709547525215221E+01
    0.940032777886527261E-02    0.205016727152315692E+01    0.100252545953997879E+00   -0.125069211257855812E+02    0.899773537637844512E+00    0.126504371937677096E+01    0.964015247140363393E-02    0.183380589912970882E+01   -0.180066343637115511E+01   -0.311905902908984935E-01   -0.412174744867138232E+00   -0.117000464831818529E+00   -0.139156087541348929E-01   -0.321185529508493606E+00   -0.120459898356339121E+00   -0.108220057326000307E+01
    0.922327469138599365E-02    0.204819609482095455E+01    0.102693139927466787E+00   -0.125442474214244069E+02    0.905912253325420802E+00    0.126298233642147451E+01    0.949984479777061380E-02    0.182931853731512928E+01   -0.176214143117417410E+01   -0.302718062773098262E-01   -0.249507112506894113E+00   -0.109528312418138665E+00   -0.834505432336457749E-02   -0.277009969407635503E+00   -0.124083888270642359E+00   -0.106996789634346978E+01
    0.905053870458541986E-02    0.204600782642562207E+01    0.106540178208029981E+00   -0.127030363333264074E+02    0.897640127638861252E+00    0.125076996985808742E+01    0.976918561501168362E-02    0.183287471905314026E+01   -0.188419492706973890E+01   -0.312281242121732749E-01   -0.277779713706861109E+00   -0.907021982362958140E-01    0.150895102065072180E-01   -0.252043383752958761E+00   -0.111235659192364972E+00   -0.108388901239194713E+01
    0.888276491033159095E-02    0.204343064441023747E+01    0.109072568285813146E+00   -0.127921265922036032E+02    0.914203989562753283E+00    0.124835405947020917E+01    0.963428633797571571E-02    0.183580743410151248E+01   -0.169483646773349617E+01   -0.300766059032964023E-01   -0.420423457582353943E+00   -0.120355525049759424E+00   -0.105232555893816273E-01   -0.289539459136415378E+00   -0.114063652121239728E+00   -0.107611786836399426E+01
    0.872305732964613265E-02    0.203971681370508762E+01    0.103274801671178723E+00   -0.123373355265383271E+02    0.911120968318661073E+00    0.128124378074998968E+01    0.967679333072710493E-02    0.183270607909253336E+01   -0.187752622084563470E+01   -0.306869326269239226E-01   -0.232629114552155181E+00   -0.112478740322978069E+00   -0.110109634465663901E-01   -0.254824001471422479E+00   -0.112581484989646791E+00   -0.106681187657148024E+01
    0.855259079421212369E-02    0.203918788121278682E+01    0.104301759148420325E+00   -0.125716486191324019E+02    0.903377588841514312E+00    0.125324807438032915E+01    0.976458216718916958E-02    0.183240448846533366E+01   -0.181236656939608154E+01   -0.279589636878029776E-01   -0.590404637240447783E+00   -0.154302583273457833E+00    0.346155334930518602E-01   -0.280655167688768470E+00   -0.119178432827518055E+00   -0.106664672139631023E+01
    0.840135468869427846E-02    0.203487045842354286E+01    0.103178988078049816E+00   -0.122096838990735943E+02    0.900629155990770425E+00    0.127255722526288961E+01    0.957312250069248735E-02    0.183667931435486009E+01   -0.176272076124545252E+01   -0.297695250981447022E-01   -0.533050624555895025E+00   -0.931136878953239544E-01   -0.291048827024415133E-01   -0.320657962809814845E+00   -0.117312019434297449E+00   -0.105971542612365544E+01
    0.825954773443359110E-02    0.202891672437664461E+01    0.106804716016336482E+00   -0.126124362906086969E+02    0.899823711513004776E+00    0.127352026988599287E+01    0.918706624170144252E-02    0.183449319992253335E+01   -0.184409753284026734E+01   -0.320119170592987889E-01   -0.523282416927233762E+00   -0.116113809398430384E+00    0.304135601838777074E-01   -0.256885563240639936E+00   -0.119297415991224329E+00   -0.107505513572802647E+01
    0.812620289641466376E-02    0.202146885694895406E+01    0.104170038718840605E+00   -0.127901252924226370E+02    0.904492635192962746E+00    0.126992809976153942E+01    0.946513546717297864E-02    0.183009583512387874E+01   -0.175176008533286987E+01   -0.299248937069654872E-01   -0.187826673650715953E+00   -0.953867341397074270E-01    0.255079299417559947E-01   -0.290492500385366004E+00   -0.116804743955815096E+00   -0.108071835410022499E+01
    0.797144878035386042E-02    0.201992387804611573E+01    0.105589843967999031E+00   -0.123877082781339904E+02    0.905169920559742769E+00    0.126363817761363517E+01    0.994896228567571095E-02    0.183562751479300346E+01   -0.183909843262265427E+01   -0.309729170722510029E-01   -0.208459244252108045E+00   -0.132440622480974324E+00    0.449864152270180659E-02   -0.258647067374610184E+00   -0.121089475730270443E+00   -0.107245146714488526E+01
    0.782334480394178064E-02    0.201743201424629115E+01    0.102359389662188105E+00   -0.122415670649099368E+02    0.915239537080134946E+00    0.129783385996812006E+01    0.952726776069276124E-02    0.183198570802255367E+01   -0.180110030085492578E+01   -0.304837138351438143E-01   -0.671196745538942707E+00   -0.146306748090731187E+00   -0.352720629638564598E-01   -0.301331824251269087E+00   -0.122636881360338290E+00   -0.107768860846820380E+01
    0.767130717944756665E-02    0.201668233219094173E+01    0.105482089058127254E+00   -0.126536575735499017E+02    0.896745841548914902E+00    0.125747786735260481E+01    0.947115733071155971E-02    0.183237898555601997E+01   -0.173613731880316013E+01   -0.314115875438736938E-01   -0.491228219758605755E+00   -0.931558540064704038E-01    0.959122210116581699E-02   -0.274933647756541999E+00   -0.113878155960300570E+00   -0.107142678307129646E+01
    0.752121313207882326E-02    0.201620149763104184E+01    0.107124770124853830E+00   -0.123577956473283770E+02    0.911012346382882421E+00    0.126074431230249906E+01    0.929248283984245201E-02    0.183063924939017886E+01   -0.191271044304822779E+01   -0.302735824216962442E-01   -0.610286559946545681E+00   -0.115800681482566198E+00   -0.144605890703858059E-01   -0.281789220010476460E+00   -0.105656244323489440E+00   -0.106605613621039641E+01
    0.739111663876865221E-02    0.201109873930861527E+01    0.108924890356823553E+00   -0.125155250170612842E+02    0.916400232150735627E+00    0.125738193566500067E+01    0.962834021982020456E-02    0.183036861274330298E+01   -0.199559306264651592E+01   -0.305539555421568548E-01   -0.126323623463941520E+00   -0.119978658027271631E+00   -0.561326484616262930E-01   -0.317732579388724123E+00   -0.116902641379525343E+00   -0.107115713640503718E+01
    0.724547856340614777E-02    0.201090113326023090E+01    0.106805442953792878E+00   -0.124345694770548043E+02    0.899460895868219201E+00    0.125060079141362612E+01    0.949589685630034853E-02    0.182739117035893139E+01   -0.175876617989959283E+01   -0.282708918561710917E-01   -0.260626754031022478E+00   -0.927538711363610352E-01   -0.447930929735623068E-01   -0.321397443051522236E+00   -0.116260267965980019E+00   -0.106210254429860784E+01
    0.710349836886174733E-02    0.201048160763251227E+01    0.109436823561322921E+00   -0.125940199022580046E+02    0.907864383559928045E+00    0.124657271440466033E+01    0.918240022747199638E-02    0.183608350249117613E+01   -0.165647712525412905E+01   -0.285591678570891114E-01   -0.234190151643532518E+00   -0.101919932319887691E+00    0.104768639842034474E-01   -0.261285510930079345E+00   -0.126586056788393769E+00   -0.106709425964526794E+01
    0.696922716110382617E-02    0.200864771331356895E+01    0.100395942259069129E+00   -0.126512762012292814E+02    0.908506423804619656E+00    0.125422237079673904E+01    0.949088658847829954E-02    0.183384937575333384E+01   -0.182689599626769272E+01   -0.286229594853807737E-01   -0.478580497971390129E+00   -0.120031939333847787E+00    0.138441915795236986E-01   -0.268523564671491577E+00   -0.120357447068930978E+00   -0.107262086248342459E+01
    0.683835042579367634E-02    0.200656331558394374E+01    0.103030532035143702E+00   -0.125031794989473646E+02    0.893932758874925959E+00    0.127366251520532359E+01    0.956445700920712134E-02    0.183329151876205310E+01   -0.191218628456009698E+01   -0.281714413901193936E-01   -0.705595945215953257E+00   -0.102222094072249733E+00   -0.168625075770759067E-01   -0.290976293723113510E+00   -0.110393251354046484E+00   -0.106329616231998858E+01
    0.670357936331408399E-02    0.200637315489215640E+01    0.102817498196987503E+00   -0.123976986127677158E+02    0.900760992002377914E+00    0.123132100633871122E+01    0.961059348698672065E-02    0.183770929429992957E+01   -0.194600576688887950E+01   -0.310144351701729798E-01   -0.403163247501372501E+00   -0.112002461800196434E+00    0.277671902798761654E-02   -0.340476980803597229E+00   -0.115782330931505625E+00   -0.107781270265409490E+01
    0.657299698044437435E-02    0.200571660925608564E+01    0.107892053277990757E+00   -0.123331208494479192E+02    0.904805524435638220E+00    0.127766112845428759E+01    0.968590172615919898E-02    0.183076396492581051E+01   -0.179809945796078430E+01   -0.290610710881678107E-01   -0.585127798658360732E+00   -0.132329216242589087E+00   -0.621703296578734951E-01   -0.324807612382626232E+00   -0.113877224866528404E+00   -0.107269379060846215E+01
    0.645185349069687854E-02    0.200292148419204619E+01    0.105759938076962226E+00   -0.125739014392253647E+02    0.893383958189177707E+00    0.126217830361893824E+01    0.968310061110610500E-02    0.183205874309290051E+01   -0.181950100361953693E+01   -0.324843546495737351E-01   -0.199710072221051332E+00   -0.124795151751181346E+00    0.768467366010208968E-02   -0.292370093245798157E+00   -0.117526346564208850E+00   -0.106496951979614152E+01
    0.633127869512642525E-02    0.200065194643345201E+01    0.107212964607282898E+00   -0.120995240887154853E+02    0.908395829060105742E+00    0.125031666213565718E+01    0.954774165075853755E-02    0.183387918322693855E+01   -0.194301807172623975E+01   -0.294066190984090189E-01   -0.241854640482592254E+00   -0.935935392042446246E-01    0.295196942503840563E-01   -0.305080271402441483E+00   -0.129565342244862103E+00   -0.107582981422689961E+01
    0.620967860738796257E-02    0.199943810791867760E+01    0.104791012227308133E+00   -0.124276428346670880E+02    0.896743842534582836E+00    0.126713624420478621E+01    0.976587052181973961E-02    0.183031814560356576E+01   -0.181288438273494945E+01   -0.290335781161769717E-01   -0.196696515176793457E+00   -0.103053745339020578E+00    0.309580548875103313E-01   -0.265487606310944535E+00   -0.116084417677627172E+00   -0.106769429880836308E+01
    0.639413729066211790E-02    0.194076001308187052E+01    0.108033687399565648E+00   -0.126462776450965588E+02    0.906317191002394384E+00    0.125000435280701216E+01    0.949439630496972525E-02    0.183143422332596351E+01   -0.188348903291607206E+01   -0.315072438349650111E-01   -0.277063415141667935E+00   -0.121928145322603140E+00    0.164826822894137588E-01   -0.226120209927586302E+00   -0.114415438722351298E+00   -0.108203997076617076E+01
    0.622010376080589424E-02    0.199594988066058932E+01    0.104414400494537346E+00   -0.124458265354184672E+02    0.897952979167368603E+00    0.126666015192864978E+01    0.941704063338012591E-02    0.183454254231851865E+01   -0.191309490664029735E+01   -0.305104038190702961E-01   -0.357413789192641551E+00   -0.134490673143302153E+00    0.322914345727490157E-01   -0.221070595187650820E+00   -0.123324020757134556E+00   -0.107991056180366929E+01
    0.626138477322085805E-02    0.198272031663082515E+01    0.104333713266279535E+00   -0.127065712621765794E+02    0.904400851393109217E+00    0.126996640185033449E+01    0.947927751591705336E-02    0.183251453849196122E+01   -0.188345771705135823E+01   -0.316800511546673283E-01   -0.409324750295088857E+00   -0.139374697967405731E+00   -0.536802173065607183E-02   -0.265732315782863937E+00   -0.112853834229033972E+00   -0.108026993370752278E+01
    0.636068555401881654E-02    0.195125073137699689E+01    0.105834933717678645E+00   -0.123839736258511017E+02    0.905558085558663128E+00    0.125514150890959320E+01    0.958721823015884315E-02    0.183489776650634995E+01   -0.187336383133552942E+01   -0.288972526578268711E-01   -0.229579561086503181E+00   -0.109612220384972328E+00    0.662088467425788873E-02   -0.241024858573481965E+00   -0.119468066480393251E+00   -0.108342021472339667E+01
    0.624734574575479609E-02    0.198720967175427066E+01    0.102281823896576154E+00   -0.125518097536417841E+02    0.894044481787008016E+00    0.126731308807803611E+01    0.926172355291632506E-02    0.183178814370021592E+01   -0.179169052485825531E+01   -0.306176515163829183E-01   -0.416658632128508066E+00   -0.107052642304778636E+00    0.859019321978213464E-02   -0.239133508186007177E+00   -0.110001551688973534E+00   -0.107430607573951709E+01
    0.632219625099725725E-02    0.196338974576565195E+01    0.107183135676055613E+00   -0.124578956130393372E+02    0.905441955531360532E+00    0.124709084042543439E+01    0.949975404835861660E-02    0.183679863792041709E+01   -0.198780837844128366E+01   -0.296561603559106352E-01   -0.203655095050984641E+00   -0.975190608850314000E-01    0.336391229141098855E-01   -0.256150139003505140E+00   -0.125448949117646563E+00   -0.106513370635024174E+01
    0.644305667688848619E-02    0.192551692392952134E+01    0.102653070967220567E+00   -0.124768997262105046E+02    0.911752767177122836E+00    0.126381958822941076E+01    0.945745128885407474E-02    0.183056976114684034E+01   -0.192323697036475094E+01   -0.317135934629759961E-01   -0.439845937917171637E+00   -0.115254666185325830E+00    0.357438205978948334E-01   -0.270505468582641906E+00   -0.123795327689187759E+00   -0.108541118747217369E+01
    0.632563307098165262E-02    0.196230281773033566E+01    0.106540225544687714E+00   -0.122508968705198846E+02    0.902694786124769610E+00    0.125061003892984601E+01    0.963202544996999074E-02    0.183115656778384306E+01   -0.183307323559445390E+01   -0.294245671342664335E-01   -0.598313484931413564E+00   -0.103743709853952537E+00    0.541299322606280872E-02   -0.286314178033105993E+00   -0.111755677760044941E+00   -0.106763767628916084E+01
    0.632375468258223727E-02    0.196289680328910499E+01    0.107179206330276305E+00   -0.123332464656267433E+02    0.905507190515623339E+00    0.124404657123049400E+01    0.931957039130184954E-02    0.183213400412973160E+01   -0.181168922991652059E+01   -0.295857187155711063E-01   -0.459620780981262744E+00   -0.101489501154128803E+00    0.909921275600101068E-02   -0.268306516435518283E+00   -0.116159634792236080E+00   -0.106303050203772109E+01
    0.642434331335907296E-02    0.193133422244729180E+01    0.104422370425715103E+00   -0.127627722982369782E+02    0.909215671095593758E+00    0.125998028112982063E+01    0.964376522926647071E-02    0.182998294059663480E+01   -0.173929032975159870E+01   -0.257616404430766714E-01    0.734779081773513365E-01   -0.115733872893360193E+00    0.449105431200488084E-01   -0.218788874798349964E+00   -0.119632068101637928E+00   -0.107376625223898192E+01
    0.648728171295435193E-02    0.191183585629343944E+01    0.104719915678986059E+00   -0.124193266775827595E+02    0.903747215961164807E+00    0.124405737457242349E+01    0.948396180127075022E-02    0.183355953355491219E+01   -0.169216877433381918E+01   -0.288206720600990215E-01   -0.575884311429106455E+00   -0.111762378961369618E+00    0.188999350713529336E-01   -0.290561476119447992E+00   -0.120798983600232238E+00   -0.107711418381817237E+01
    0.622426675366221597E-02    0.199461176781453564E+01    0.102653371340187552E+00   -0.127566549968470380E+02    0.900099298689129967E+00    0.126167884668265873E+01    0.946849796454086144E-02    0.183337145107793709E+01   -0.172403218320990170E+01   -0.296112500179197859E-01   -0.408018674325931752E+00   -0.112692039753991585E+00    0.442725686124758600E-01   -0.253919298097477208E+00   -0.113554093001693751E+00   -0.106711172996373671E+01
    0.622026579936466734E-02    0.199589777977789451E+01    0.104384221102852365E+00   -0.122889849493121854E+02    0.912510768769052460E+00    0.124139568891352292E+01    0.942551827097898483E-02    0.183204700739637572E+01   -0.166507901546048198E+01   -0.275907735329562961E-01   -0.366406115223400830E+00   -0.109827907043003659E+00   -0.269446440103750934E-02   -0.350557894349562860E+00   -0.112737803477568566E+00   -0.107938158637848125E+01
    0.630873820107101958E-02    0.196765168064310103E+01    0.106873955233525678E+00   -0.125286905935220734E+02    0.892550302812737728E+00    0.126492932906259514E+01    0.952589144428115861E-02    0.183074434170200240E+01   -0.166987280933133397E+01   -0.286605068861262649E-01   -0.488108334712814340E+00   -0.122216438060120156E+00    0.104986314829611013E-01   -0.286188766087758062E+00   -0.118066727039285113E+00   -0.107679987651022402E+01
    0.640562548386594977E-02    0.193716988520496436E+01    0.108635933354442465E+00   -0.125280912163703544E+02    0.903832670361958690E+00    0.124935621111036688E+01    0.956657716845782033E-02    0.183096612698150452E+01   -0.172302067120623836E+01   -0.294194360232402259E-01   -0.316516029640261320E+00   -0.120208358370725465E+00   -0.840552958430430992E-02   -0.271348115593202210E+00   -0.121476574729152978E+00   -0.108200239427042422E+01
    0.652956485997577447E-02    0.189884244947855274E+01    0.103423429475423587E+00   -0.126104058701221113E+02    0.912076750129942493E+00    0.125866743032988171E+01    0.941109037711872383E-02    0.183091150803728198E+01   -0.189488493090929233E+01   -0.288056816544469164E-01   -0.494981612258135195E+00   -0.124286223322882361E+00    0.230119346226388931E-01   -0.278894572916157546E+00   -0.123311410100448327E+00   -0.107041890501027348E+01
    0.646868545168165915E-02    0.191757723362394339E+01    0.105517326119212537E+00   -0.125158082642603485E+02    0.893500156612718199E+00    0.127593392484373780E+01    0.955800896902943460E-02    0.183188532627501122E+01   -0.183018736096377022E+01   -0.292348298255357686E-01   -0.560678634946088050E+00   -0.118332495084833358E+00    0.149359716878099593E-01   -0.284005947024604855E+00   -0.123688683855986720E+00   -0.107158067650461208E+01
    0.637393229431334595E-02    0.194708986994238886E+01    0.106080914389990871E+00   -0.123970872424408043E+02    0.902476191841282582E+00    0.125461536415168795E+01    0.961645052674370282E-02    0.183173879879758750E+01   -0.174500622929312499E+01   -0.274374693088375761E-01   -0.536560602154166899E+00   -0.115521561762198507E+00   -0.816061534930271823E-02   -0.249687492521226184E+00   -0.118473937054322409E+00   -0.107630228916500537E+01
    0.650627548518537945E-02    0.190598871667797876E+01    0.106765846816560872E+00   -0.120803007394643167E+02    0.907651744223063495E+00    0.126108840516039011E+01    0.966604990479322072E-02    0.183066696489723513E+01   -0.186716888478104082E+01   -0.297223285362937899E-01   -0.671236706294257468E+00   -0.113679076720790112E+00    0.139067888058815783E-01   -0.265696942866774477E+00   -0.125707450894038009E+00   -0.107520919296639161E+01
    0.640429652823957477E-02    0.193758486216731884E+01    0.105021970657409203E+00   -0.123837587140620364E+02    0.906834563093118273E+00    0.126853284078375550E+01    0.976179187456317765E-02    0.183251580034870543E+01   -0.166212440382109850E+01   -0.291540160013696453E-01   -0.381487536119840043E+00   -0.118087536454602224E+00    0.368719999687513456E-01   -0.266159520095078428E+00   -0.122339613180809076E+00   -0.107015816207453907E+01
    0.634051832381595393E-02    0.195760201818263302E+01    0.106598606454473874E+00   -0.125786309418391884E+02    0.911974283172006905E+00    0.127266006076530558E+01    0.926506377482757409E-02    0.183013572103919464E+01   -0.173508982628333208E+01   -0.277456344883322374E-01   -0.664190324242002639E+00   -0.124841340900850542E+00   -0.966345299223948101E-02   -0.283906638780754839E+00   -0.117611444261142478E+00   -0.108532046940615445E+01
    0.622759608961000188E-02    0.199354226164697557E+01    0.103287068534784948E+00   -0.125014015485316374E+02    0.895305319107204789E+00    0.127696959658019349E+01    0.957373964525048797E-02    0.183184054109604721E+01   -0.166695821405627909E+01   -0.327580596364075993E-01   -0.715210170495490849E+00   -0.105435170053667385E+00    0.532573821906286160E-02   -0.263157928378518757E+00   -0.120223157894531210E+00   -0.108179296731098407E+01
    0.640908408604324523E-02    0.193609031262709008E+01    0.109263999016387281E+00   -0.123319571527871474E+02    0.916650790812601812E+00    0.125924496437349398E+01    0.927233685934382261E-02    0.182979422478018749E+01   -0.179976933873732903E+01   -0.320047029631196356E-01   -0.517844392581199964E+00   -0.127102992830984196E+00   -0.184984792466126916E-02   -0.288509713065700113E+00   -0.118400418958816867E+00   -0.107300343146780430E+01
    0.621472225224455142E-02    0.199768098936823835E+01    0.106570379299264259E+00   -0.123218462035851886E+02    0.895032564725304791E+00    0.126113613422808735E+01    0.969114693546917032E-02    0.183156458750670392E+01   -0.170591032732499293E+01   -0.288378448178849590E-01   -0.675942498655430768E+00   -0.921062909078224218E-01    0.660364740776045282E-02   -0.249930172515440530E+00   -0.125245783670713484E+00   -0.105529706074844087E+01
    0.639107968693898142E-02    0.194171661907042248E+01    0.103927692673134203E+00   -0.127066629311413024E+02    0.899701922589287051E+00    0.126040073474941106E+01    0.952865504252541073E-02    0.182768569636519085E+01   -0.188501416826982204E+01   -0.292950486436446382E-01   -0.253335604738082365E+00   -0.977455530407945195E-01    0.222430481494169559E-01   -0.295157975986776455E+00   -0.117895957955011274E+00   -0.107944942620198092E+01
    0.648918931743731539E-02    0.191124783679499832E+01    0.103988444766415417E+00   -0.124591013473572811E+02    0.901923692827355850E+00    0.126816453470871937E+01    0.946176712759012190E-02    0.182631159383986019E+01   -0.172337775978763408E+01   -0.305373664364618110E-01   -0.534082510676947786E+00   -0.115819510195534423E+00    0.194724425522110438E-01   -0.293533986830420701E+00   -0.115411602778487637E+00   -0.106881303690490825E+01
    0.640024648160013223E-02    0.193885005273956734E+01    0.104011347434753404E+00   -0.126773420710944364E+02    0.904438329314376399E+00    0.127687168381338889E+01    0.948515824470527388E-02    0.182978858710659131E+01   -0.161728597982583877E+01   -0.284536535118737194E-01   -0.266136715155388226E+00   -0.125535640106527069E+00   -0.171080542233312122E-01   -0.335857523963499160E+00   -0.117589035636120887E+00   -0.108020559208324629E+01
    0.631741004884109423E-02    0.196490441395115778E+01    0.105152283485747733E+00   -0.126157624937060753E+02    0.909046819156954067E+00    0.125223707181942268E+01    0.984077586636014807E-02    0.183506904406634441E+01   -0.173590551388497483E+01   -0.302878618413605291E-01   -0.162704129341789738E+00   -0.120266691869130124E+00    0.333673702188105742E-01   -0.300651249674868115E+00   -0.121247424170688761E+00   -0.107013560889205150E+01
    0.637254110793987472E-02    0.194752644132494823E+01    0.104946908177507195E+00   -0.125371455044019307E+02    0.896818080137250950E+00    0.125015756774812781E+01    0.946408532398713281E-02    0.183315108553012607E+01   -0.174403152191688715E+01   -0.300805130088903638E-01   -0.592062815988068980E+00   -0.110083876215306894E+00    0.802800845693121216E-03   -0.298078487207844467E+00   -0.119425954374346208E+00   -0.106602849823632506E+01
    0.633698889986310764E-02    0.195871562008614997E+01    0.106537090874351828E+00   -0.125260228239702585E+02    0.910606725916211834E+00    0.125260564828701182E+01    0.974466735898846248E-02    0.183205626869438087E+01   -0.204121401528713076E+01   -0.306809278292636996E-01   -0.924500084416947643E-01   -0.113195173637932106E+00    0.356401175083977187E-01   -0.286055850659315436E+00   -0.120287915671669146E+00   -0.106931279592634865E+01
    0.632423472108372374E-02    0.196274498832898958E+01    0.104289321298244267E+00   -0.126308931032123706E+02    0.902721360966732722E+00    0.128099382989594135E+01    0.935366080253967509E-02    0.183015591182106885E+01   -0.176494221697851206E+01   -0.293293745022758824E-01   -0.879201849972340299E-01   -0.106518570038182409E+00   -0.368624589953943094E-01   -0.296727194675093175E+00   -0.123122360804604369E+00   -0.106633596626547145E+01
    0.632032530022237637E-02    0.196398170071101807E+01    0.106922092820615655E+00   -0.124608156665642031E+02    0.897519163601171233E+00    0.126342989958091589E+01    0.966426713834299574E-02    0.183405310632631613E+01   -0.175451381973725473E+01   -0.305880557757977761E-01   -0.332108191415613152E+00   -0.120871085313353055E+00    0.171062553914987057E-01   -0.284989857063212504E+00   -0.121101587857439519E+00   -0.106443693351373536E+01
    0.634758987671960907E-02    0.195537266971741319E+01    0.105185171848170819E+00   -0.125921405444616035E+02    0.904304993037049032E+00    0.127230090466309753E+01    0.973051530264710390E-02    0.183270453840188519E+01   -0.166683760779579426E+01   -0.305481488766955189E-01    0.449945839460980657E-01   -0.101574256566966448E+00    0.364813450573276115E-02   -0.272592346473052916E+00   -0.121345100224631394E+00   -0.106758926640363550E+01
    0.635695114388275771E-02    0.195242529244745255E+01    0.106307423983007576E+00   -0.125095412320458710E+02    0.884119691770044125E+00    0.127214799404454526E+01    0.958530735779569709E-02    0.183413445536866160E+01   -0.165961047879729051E+01   -0.324918734321472807E-01   -0.636817694075259566E+00   -0.111471098668974561E+00    0.107143781554251798E-01   -0.289641800105491121E+00   -0.123364659776159707E+00   -0.106894070032199773E+01
    0.646814325807262315E-02    0.191774487706161012E+01    0.106563889485831315E+00   -0.123991804057527322E+02    0.893634685983319188E+00    0.127006714196482218E+01    0.952774596370854938E-02    0.183238632079051689E+01   -0.187185962080840373E+01   -0.313136631301818222E-01   -0.418388832221242235E+00   -0.106060354748834143E+00    0.149391655460452150E-01   -0.281553558157045469E+00   -0.125533083082359859E+00   -0.106876269730521178E+01
    0.621915251302818019E-02    0.199625576640122548E+01    0.109565895958046305E+00   -0.125054949611000641E+02    0.898077145960921586E+00    0.125550316187103306E+01    0.960451875744705239E-02    0.183459992466267297E+01   -0.178221834877234619E+01   -0.305097196991476124E-01   -0.138558771718378354E+00   -0.942877678591476642E-01    0.179756188557980250E-01   -0.285416671062436067E+00   -0.121986852658014303E+00   -0.106237860597873413E+01
    0.622136629186335541E-02    0.199554397008685558E+01    0.108116743583010752E+00   -0.124790019084444790E+02    0.895316669552635891E+00    0.124708812154480397E+01    0.975182667807255807E-02    0.183114834994663633E+01   -0.180216016850662264E+01   -0.307350706403092741E-01   -0.183734406365405695E+00   -0.119603629210361800E+00    0.230038618547913805E-01   -0.336664883839664197E+00   -0.122982788130140977E+00   -0.107922840967685385E+01
    0.638336783434377466E-02    0.194413139388372458E+01    0.106213831125210281E+00   -0.127112715152936140E+02    0.899136548425319759E+00    0.123648569943788833E+01    0.936527791329021947E-02    0.183432716448818578E+01   -0.171523897314420681E+01   -0.306314649778461970E-01   -0.203853593076962436E+00   -0.120265458579256773E+00    0.119475791022670436E-01   -0.320064347700229346E+00   -0.119813766116313461E+00   -0.106337631505239694E+01
    0.656847495044644326E-02    0.188695969282359699E+01    0.106002146430449057E+00   -0.126955720105960630E+02    0.907337358900510704E+00    0.128138238727099307E+01    0.959080226944450040E-02    0.183030044622702825E+01   -0.196917069055662219E+01   -0.296447828884148432E-01   -0.190062328786347573E+00   -0.117602617635866366E+00   -0.607540364896906257E-02   -0.309340611329410209E+00   -0.125887035554323734E+00   -0.106199474186836262E+01
    0.627908265191091768E-02    0.197707526694025781E+01    0.105806275425006369E+00   -0.125308920263989680E+02    0.899841225875556372E+00    0.126321150615652900E+01    0.964453472809150177E-02    0.183147912041878413E+01   -0.174936099966859304E+01   -0.302914998678335615E-01   -0.501478683749285725E+00   -0.107129880774120556E+00   -0.169498931722873933E-01   -0.290523480538625090E+00   -0.120669809183527058E+00   -0.105875090572765052E+01
    0.621809326833475205E-02    0.199659643497515416E+01    0.104999312285246990E+00   -0.127382570120114824E+02    0.893629128610575307E+00    0.125652322132590344E+01    0.941870126877245549E-02    0.183450194856913318E+01   -0.178243722030984797E+01   -0.316606515086844884E-01   -0.317501352640633283E+00   -0.100239199333070531E+00    0.857996905291847538E-03   -0.265433972222374526E+00   -0.119010548873999727E+00   -0.107427575822715937E+01
    0.639325618323014714E-02    0.194103563060632234E+01    0.105956263352575256E+00   -0.123631222403682717E+02    0.906286880278808993E+00    0.127652866445405677E+01    0.100426855773366689E-01    0.183507102789780907E+01   -0.173895400920254595E+01   -0.305767661483286358E-01   -0.494299851977391014E+00   -0.107271014042592525E+00   -0.179706360271368847E-01   -0.333825848904208800E+00   -0.121050227736974464E+00   -0.107439988975809286E+01
    0.633935384227460579E-02    0.195796936622190954E+01    0.105992922186381441E+00   -0.125284118372293989E+02    0.893551912244243574E+00    0.125055871925974804E+01    0.924582499468747272E-02    0.183421811209303320E+01   -0.193604141375363570E+01   -0.301395014679339338E-01   -0.304907593994802717E+00   -0.100417375593498739E+00   -0.134470138702292067E-02   -0.319620589991136406E+00   -0.120556714221053435E+00   -0.108144728281450719E+01
    0.626596345886092868E-02    0.198125833576811394E+01    0.105591736536053762E+00   -0.126736290388845205E+02    0.895371898050337123E+00    0.123818627959146443E+01    0.967907402910688115E-02    0.183540526993801656E+01   -0.180714745340657990E+01   -0.303780239359885268E-01   -0.249599216188047035E+00   -0.980111484725900706E-01    0.185793761361140938E-01   -0.279303167732086965E+00   -0.113652009194476433E+00   -0.107509287446382751E+01
    0.623656470717904102E-02    0.199066405130835444E+01    0.102724857210529041E+00   -0.126509381277156248E+02    0.894790847172524439E+00    0.127739968475063703E+01    0.967643118526300902E-02    0.183371586983568369E+01   -0.175999923859706642E+01   -0.307049126858648172E-01   -0.232157917692734805E+00   -0.118531169651187623E+00   -0.124111427789575582E-01   -0.311624150172074565E+00   -0.115159940067928721E+00   -0.107180293944783345E+01
    0.623374173591322283E-02    0.199156955313444706E+01    0.108600007180922026E+00   -0.124806968156492246E+02    0.892480506303545806E+00    0.126141812688100741E+01    0.977855927699927685E-02    0.183180567458439891E+01   -0.175128512196101349E+01   -0.331446762840222064E-01   -0.424605125995696719E+00   -0.116750059534645137E+00    0.409347742233854145E-01   -0.259571859091587143E+00   -0.115329377338697206E+00   -0.107072814757756185E+01
    0.637871215213346200E-02    0.194559061759076246E+01    0.105953852545019489E+00   -0.124724359904107533E+02    0.903300646719401912E+00    0.124686581211632630E+01    0.954171571623114306E-02    0.183357083431066403E+01   -0.185831300531806165E+01   -0.302023817072619508E-01   -0.560005407360366969E+00   -0.114536202275925245E+00   -0.843710564516032997E-02   -0.319947073395448534E+00   -0.121556880817873816E+00   -0.106836616373572313E+01
    0.630015473048368534E-02    0.197037467050742499E+01    0.107785457469060611E+00   -0.124619256071378430E+02    0.912295336074130825E+00    0.126011578214535458E+01    0.974365170101667601E-02    0.183292106410761946E+01   -0.180385331808242677E+01   -0.289496556901459347E-01   -0.370829160543378389E+00   -0.101009244165966086E+00   -0.133790368502179520E-01   -0.322201900044346068E+00   -0.118757978869385189E+00   -0.107901803050622247E+01
    0.633653951888522859E-02    0.195885745303533931E+01    0.104897077080555221E+00   -0.127136286037984831E+02    0.905988932742418873E+00    0.126575243684044669E+01    0.964419400409263425E-02    0.183440269299296377E+01   -0.179332464439014250E+01   -0.313140910020202334E-01   -0.217227988220636520E+00   -0.104839144971517514E+00    0.152321580384420525E-01   -0.285968478183977470E+00   -0.119450505015488539E+00   -0.107716724854235535E+01
    0.643227931110053764E-02    0.192886514515344842E+01    0.107219943470402049E+00   -0.125269240097974617E+02    0.899873949149695762E+00    0.127287227244395185E+01    0.979514497146069009E-02    0.183231201567502477E+01   -0.183877598913829776E+01   -0.304831197190198813E-01   -0.386690108043351910E+00   -0.960904339866618662E-01   -0.186837022990998412E-02   -0.293192766064640287E+00   -0.123194051848875025E+00   -0.107675442548988953E+01
