    0.189081194783153571E-01    0.837159948090796080E+00    0.846805055107367755E-01   -0.121318362847478713E+02    0.708193879807288540E+00    0.130037063445743750E+01    0.906712696147900232E-02    0.129064304971791977E+01   -0.264812088536709966E+01   -0.212754922989272198E-01   -0.332678109809978562E+01   -0.221978647658453321E+00    0.836989862274157420E-01   -0.208188204224908274E+00   -0.697235529354392203E-01   -0.114162706640463285E+01
    0.186928325744116115E-01    0.820062480576814079E+00    0.852456595305266379E-01   -0.124425298157561102E+02    0.696972290266365757E+00    0.129241724684240067E+01    0.897676080607208958E-02    0.129533253635695678E+01   -0.268691746322520197E+01   -0.375358639172030384E-01   -0.372742439756221877E+01   -0.276881172396476194E+00    0.502534842789860853E-01   -0.187101373745977378E+00   -0.934962755300981635E-01   -0.113230302436858077E+01
    0.183982024776582521E-01    0.811836874949062093E+00    0.839038157201777018E-01   -0.121475493927418228E+02    0.714209485305178471E+00    0.130263179240329730E+01    0.899100660528983839E-02    0.129240143445312938E+01   -0.270227593128409627E+01   -0.555436594702328340E-01   -0.318294626554036952E+01   -0.212744549948330419E+00    0.650564241899057455E-01   -0.151395061634634398E+00   -0.856694291982706413E-01   -0.114820284245938198E+01
    0.180579777656899275E-01    0.809167674546443116E+00    0.857077590688854751E-01   -0.119033571162115521E+02    0.706888659141100995E+00    0.129973622569177194E+01    0.961498305991387997E-02    0.129248151239045073E+01   -0.268767694526298095E+01   -0.227616474033064745E-01   -0.345527006959195582E+01   -0.375342914173706077E+00    0.731829173703790054E-01   -0.167890908064815519E+00   -0.778446643635279656E-01   -0.114855878505315978E+01
    0.177288581446373820E-01    0.805955380638526231E+00    0.836448499248763910E-01   -0.121949719078338852E+02    0.731929085910624222E+00    0.129548919741722224E+01    0.927642853741362551E-02    0.128837753309727332E+01   -0.268658781996205631E+01   -0.126499211899867396E-01   -0.280269513907883372E+01   -0.310849663601045767E+00    0.905470081164556212E-01   -0.217576973585570072E+00   -0.662791450329848625E-01   -0.115252950576638202E+01
    0.174138088831880707E-01    0.801815800867968109E+00    0.823132180001323738E-01   -0.121808114638412732E+02    0.725262536158958526E+00    0.128738124304922064E+01    0.944608904801728759E-02    0.128541152248790569E+01   -0.260670876880369651E+01   -0.217790713745907236E-01   -0.335298432554863091E+01   -0.214227389819356545E+00    0.605896536655265022E-01   -0.969114017778578418E-01   -0.159360649867570869E+00   -0.116256886170843177E+01
    0.170918690004277056E-01    0.799137105025408245E+00    0.828228010791735303E-01   -0.125317210802124421E+02    0.718700358274653617E+00    0.128804304621517374E+01    0.954713418924131585E-02    0.129017170303502837E+01   -0.275455086706361296E+01   -0.400252558065900751E-01   -0.308704604951430017E+01   -0.302367933738118877E+00    0.886627047482194536E-01   -0.218253651798191450E+00   -0.114838684597584020E+00   -0.114320660770609650E+01
    0.167865779925486895E-01    0.795183535610696879E+00    0.814923953180708843E-01   -0.121849819961571164E+02    0.722269221651224647E+00    0.128484579004119626E+01    0.963351121338870339E-02    0.129228198413806705E+01   -0.271348216531280917E+01   -0.294622446780728603E-01   -0.253650913126133482E+01   -0.329040881409319530E+00    0.947467797999608785E-01   -0.222243346803674080E+00   -0.888286531214228792E-01   -0.113004748466711114E+01
    0.165049201550247424E-01    0.789025756431481651E+00    0.820181592125258513E-01   -0.120595734793874758E+02    0.735927656145365039E+00    0.129618301261159119E+01    0.998432556786014481E-02    0.129377017094604385E+01   -0.274237599391312115E+01   -0.287351525941304912E-01   -0.329006543855395517E+01   -0.221754223528345312E+00    0.830220219216619426E-01   -0.196126366441730399E+00   -0.952052899059972063E-01   -0.114530766980402499E+01
    0.162514737713563527E-01    0.779975615200950378E+00    0.815549400074480346E-01   -0.123210897340824772E+02    0.713878204922470005E+00    0.129384519815089982E+01    0.943337820169528295E-02    0.128453930200541744E+01   -0.265646639663919126E+01   -0.419871710822363187E-01   -0.334125100454346979E+01   -0.341000003245960970E+00    0.718439275929782933E-01   -0.166696504028746445E+00   -0.916018816188654827E-01   -0.114723304968278961E+01
    0.159597036151696223E-01    0.776208769029196444E+00    0.856785240215493515E-01   -0.121739921741833044E+02    0.712579004732904253E+00    0.129461623692455818E+01    0.941935073126041501E-02    0.128392176870085328E+01   -0.264762283533042941E+01   -0.303086302865195577E-01   -0.215550532650696169E+01   -0.294604228979957194E+00    0.820452612838371564E-01   -0.161568875212446506E+00   -0.751568557629462286E-01   -0.113658453673504423E+01
    0.156569248612024349E-01    0.774516207244889898E+00    0.841647514270073421E-01   -0.121742989921843634E+02    0.718596448971327462E+00    0.128523403868328190E+01    0.941542309796631650E-02    0.128757930803189935E+01   -0.271762600598232185E+01   -0.710690023112087732E-01   -0.313620951459509367E+01   -0.327283427370974322E+00    0.643151373148275751E-01   -0.219142706736716514E+00   -0.146273597486444751E+00   -0.114754053042009119E+01
    0.153508153226599442E-01    0.774005635560741645E+00    0.835311822238724855E-01   -0.121173471212119352E+02    0.705691975904188751E+00    0.129472082248385512E+01    0.866342991759381370E-02    0.129188110194167605E+01   -0.277747670235901234E+01   -0.454146386186658965E-01   -0.332162563018033419E+01   -0.271474725875447576E+00    0.767065841025938305E-01   -0.212550375224170612E+00   -0.833922520678647000E-01   -0.114256144338018872E+01
    0.150748027374287292E-01    0.770293497538248717E+00    0.849119130808915767E-01   -0.119515653151682049E+02    0.722621354695673679E+00    0.129473291272598345E+01    0.942017639243489420E-02    0.129632323227271473E+01   -0.270298807324475154E+01   -0.469032299838552449E-01   -0.327716479473362465E+01   -0.226450300737459864E+00    0.852153739790626197E-01   -0.187062435984581721E+00   -0.887980955608893424E-01   -0.114365596281566040E+01
    0.147800914011190013E-01    0.769780612553218280E+00    0.861172408983855442E-01   -0.121256965328161908E+02    0.733913270639306337E+00    0.130081115845912332E+01    0.973263788328859562E-02    0.128823475934576170E+01   -0.268363973576472148E+01   -0.569745442559518450E-01   -0.236011254477908494E+01   -0.318457826165835789E+00    0.785007135075531659E-01   -0.124099821589461604E+00   -0.578810093370704035E-01   -0.114561475183976302E+01
    0.144880874935299983E-01    0.769689292576959727E+00    0.848403505366840810E-01   -0.121484412148840484E+02    0.698652144921987017E+00    0.129512440221147007E+01    0.883522423778926314E-02    0.128776487083417734E+01   -0.272675020717141114E+01   -0.367111919741115941E-01   -0.288814815893012344E+01   -0.256310765366496829E+00    0.964413506402085341E-01   -0.140350792382932660E+00   -0.129917447357899951E+00   -0.114331447076071524E+01
    0.142210023882777294E-01    0.766902985109957358E+00    0.848864095619029785E-01   -0.122139409802613521E+02    0.697721644799596752E+00    0.129854037255930366E+01    0.931397330155592749E-02    0.129436160026707836E+01   -0.275116005853345991E+01   -0.474796866256572830E-01   -0.250215692282519697E+01   -0.296324421931321358E+00    0.762632056304018285E-01   -0.177449837264204990E+00   -0.111418278013013239E+00   -0.113971530919061226E+01
    0.139438560541322171E-01    0.766264841723120926E+00    0.833066108621078466E-01   -0.122525373339892489E+02    0.727350788049460850E+00    0.129104556317625252E+01    0.947516834216117522E-02    0.129163860397375796E+01   -0.270600859174957220E+01   -0.639376369021997237E-01   -0.285426312218752987E+01   -0.142445243151578832E+00    0.774495932454685593E-01   -0.155317748280135892E+00   -0.118508993544293423E+00   -0.114771739666933881E+01
    0.136751128117110730E-01    0.765187616252882896E+00    0.843456010058845629E-01   -0.120282066116470805E+02    0.713652905489830736E+00    0.128838083810085524E+01    0.883902506249414216E-02    0.129500083999701543E+01   -0.270832880302300660E+01   -0.195078645652411765E-01   -0.365857689593387336E+01   -0.259000044554074327E+00    0.695504668024709422E-01   -0.146681445506485097E+00   -0.681873339321762695E-01   -0.114193640473725755E+01
    0.134209287555619120E-01    0.762712139828169766E+00    0.861209363939715450E-01   -0.122292731479907530E+02    0.708336554931868867E+00    0.129503625464782668E+01    0.945083796416148168E-02    0.129334320001394643E+01   -0.269415665442189445E+01   -0.566793112816987507E-01   -0.295980041593801824E+01   -0.277559987073890679E+00    0.711739820391682904E-01   -0.107690627812135092E+00   -0.108274454112141469E+00   -0.114488233985826859E+01
    0.131579549659267634E-01    0.762289779579944260E+00    0.835652222704897779E-01   -0.118767962091519124E+02    0.725051202713381304E+00    0.129311128100111650E+01    0.969958237985523580E-02    0.129069106674811018E+01   -0.267452208898799348E+01   -0.291653638790539127E-01   -0.356880285560727906E+01   -0.343943005571190619E+00    0.466345818110593391E-01   -0.192016587790148435E+00   -0.112343586749962393E+00   -0.113871369911513209E+01
    0.129207455460660908E-01    0.758674408784520526E+00    0.847087578501306976E-01   -0.123370337441915652E+02    0.703236362223114253E+00    0.129582738812705522E+01    0.946274127819060965E-02    0.128618931784857771E+01   -0.268383074999836557E+01   -0.387879840797986444E-01   -0.307476643078207523E+01   -0.230952316035967220E+00    0.105498792079987275E+00   -0.215195131188982564E+00   -0.104336574682149699E+00   -0.115153073618843815E+01
    0.126656502119254482E-01    0.758555568948628078E+00    0.837342447520116329E-01   -0.120998201527443019E+02    0.728483143272023792E+00    0.129277204342881147E+01    0.946151577016831995E-02    0.128843960589422291E+01   -0.275099144255260253E+01   -0.722797548203711893E-01   -0.314294526154903009E+01   -0.225933952903407620E+00    0.538220120992186774E-01   -0.212842821563934470E+00   -0.728318804475146520E-01   -0.113399709925166436E+01
    0.124222507184679840E-01    0.757364257060625934E+00    0.871995763625917214E-01   -0.121710054043729645E+02    0.710446647759072514E+00    0.128986270479896126E+01    0.912886868620992921E-02    0.129200504801488281E+01   -0.263988953183000064E+01   -0.437292946455572623E-01   -0.301017817964158496E+01   -0.195472087921279181E+00    0.782136289324092682E-01   -0.121556096390738444E+00   -0.958764528339598188E-01   -0.114043195445682954E+01
    0.121799271568691844E-01    0.756764248348950841E+00    0.841451686590173192E-01   -0.122480627811965306E+02    0.724393317712395568E+00    0.128284735708288866E+01    0.916379177522799737E-02    0.128820644097465786E+01   -0.265741744659315593E+01   -0.367227812739098422E-01   -0.290678459363705377E+01   -0.318102958949818104E+00    0.635947097231734648E-01   -0.161063723871019721E+00   -0.603806844530782594E-01   -0.113410981594127502E+01
    0.119430812947625350E-01    0.756038532652608453E+00    0.839265887685997775E-01   -0.122435188261879979E+02    0.714372507018797398E+00    0.129992599291094768E+01    0.936500313676914137E-02    0.129154832325969604E+01   -0.272534765441710558E+01   -0.162123856518799209E-01   -0.310340291283388048E+01   -0.271280330000834402E+00    0.812079840919171514E-01   -0.145747153930093798E+00   -0.903739700281779440E-01   -0.114188982501657676E+01
    0.117115351887342959E-01    0.755194272417120560E+00    0.832629224504753268E-01   -0.123116707312142140E+02    0.722482949752803694E+00    0.129572734121043687E+01    0.953454255114113101E-02    0.128699361140823187E+01   -0.272969319307423364E+01   -0.631812589941923713E-01   -0.286010399013028094E+01   -0.315617243508437395E+00    0.850040171205455053E-01   -0.192939600069580441E+00   -0.853163349943709542E-01   -0.113537062441100356E+01
    0.114930334983665613E-01    0.752860673655538215E+00    0.826102533197561884E-01   -0.124163277265684826E+02    0.705334293759572017E+00    0.129384930023729372E+01    0.889426354053103607E-02    0.129197691547335092E+01   -0.269271556612526419E+01   -0.419803843868210153E-01   -0.327184495734817515E+01   -0.280121985862703371E+00    0.514952989453827670E-01   -0.188614649565593040E+00   -0.994015704016226326E-01   -0.114638709536549532E+01
    0.112752709661922725E-01    0.751118976615025025E+00    0.833350781587092054E-01   -0.122483809334706066E+02    0.711864148702814448E+00    0.129692949220922626E+01    0.955154066956291625E-02    0.128434795875758279E+01   -0.276146068645189668E+01   -0.225054974872677255E-01   -0.306600490994496733E+01   -0.227204745370109901E+00    0.810127052847406659E-01   -0.182719209224820545E+00   -0.427290095493981573E-01   -0.115272665210642078E+01
    0.110645958404343540E-01    0.748841917986763583E+00    0.816559494652777246E-01   -0.121590157335183644E+02    0.728712243552656180E+00    0.129246264646412534E+01    0.867398795563376242E-02    0.129142525182723733E+01   -0.272051074553046801E+01   -0.155984365306767042E-01   -0.371079033557442095E+01   -0.330094383192989671E+00    0.787905950565783719E-01   -0.183285875794568620E+00   -0.907744848770976193E-01   -0.113578172207893324E+01
    0.108457253658554523E-01    0.748800758050385262E+00    0.855418276065754574E-01   -0.120396138743600218E+02    0.708663109436428407E+00    0.129424707250683024E+01    0.916434143705989121E-02    0.128979645522238817E+01   -0.272605156337568433E+01   -0.355419261717077398E-01   -0.320352143369973641E+01   -0.248281959021199539E+00    0.975614069713212489E-01   -0.175060637500419947E+00   -0.979401868371383155E-01   -0.114650262419531357E+01
    0.106526585495469468E-01    0.744723831634011124E+00    0.819259610892363876E-01   -0.122879558433863352E+02    0.706708767256701176E+00    0.129614724605485865E+01    0.956531103583881624E-02    0.129176697368441395E+01   -0.267492388511545487E+01   -0.501174195592413024E-01   -0.253528876044635387E+01   -0.311735614090866142E+00    0.774673191615900952E-01   -0.220981199163107461E+00   -0.894401397045743035E-01   -0.113497901600631890E+01
    0.104454785960067121E-01    0.744004382684562593E+00    0.854410160324585166E-01   -0.120221206449765141E+02    0.710207459979962819E+00    0.128847739389399463E+01    0.901581817371745892E-02    0.128960719036735871E+01   -0.270845799800223208E+01   -0.225552312131753474E-01   -0.286350197022817676E+01   -0.293059341055674216E+00    0.768083445232764783E-01   -0.186231643499592647E+00   -0.793520979916808727E-01   -0.115041042326875775E+01
    0.102400532822532701E-01    0.743729165885726462E+00    0.848295436758966931E-01   -0.120336305696517041E+02    0.714821094625064823E+00    0.130035143673815812E+01    0.100173105082809258E-01    0.129011852827518925E+01   -0.272038878542525797E+01   -0.259664717371653614E-01   -0.321171265579077492E+01   -0.300107985279646883E+00    0.553180776059531767E-01   -0.229970791107412031E+00   -0.104649505401074122E+00   -0.113941382055521179E+01
    0.100384935761561375E-01    0.743488690190262203E+00    0.851011673015104747E-01   -0.122812176170577239E+02    0.719872892878423376E+00    0.129314074006916502E+01    0.897382908901061052E-02    0.129641568160195453E+01   -0.275612504636216205E+01   -0.396587984876887248E-01   -0.309206570375783540E+01   -0.189760885548249464E+00    0.745415877281762757E-01   -0.184766601927109642E+00   -0.989540608101498742E-01   -0.114798774961201522E+01
    0.984215734252819746E-02    0.742992953449521987E+00    0.842368567963361486E-01   -0.123991817752730782E+02    0.712142250127347554E+00    0.129146064263458382E+01    0.952263815865990980E-02    0.129564089250420333E+01   -0.271541229535381712E+01   -0.198071518532474018E-01   -0.288697634432459971E+01   -0.294569266132783336E+00    0.662054800887204586E-01   -0.178709741029865032E+00   -0.113340004188969570E+00   -0.114815533671209247E+01
    0.965048019556609751E-02    0.742327461148645118E+00    0.861102553303648433E-01   -0.122422858836684991E+02    0.719104839710074106E+00    0.128785639393063800E+01    0.929054205265614740E-02    0.128399834274345115E+01   -0.270093586229635996E+01   -0.424137019681198532E-01   -0.341017692700840280E+01   -0.327952297895008571E+00    0.766075129781906977E-01   -0.241115511739506988E+00   -0.969779544768198526E-01   -0.114346403540789310E+01
    0.946242361179944723E-02    0.741685719768000462E+00    0.832529017801342253E-01   -0.122120588867937414E+02    0.725433802155742491E+00    0.129778773881217524E+01    0.955252758024305489E-02    0.128929157405518136E+01   -0.277046032627862360E+01   -0.423518361253534953E-01   -0.253851116752193251E+01   -0.327036154929666922E+00    0.878967442033563445E-01   -0.152387156084303338E+00   -0.779144643609128995E-01   -0.113036025300270659E+01
    0.927567064861881986E-02    0.741552985755109639E+00    0.817370573529859895E-01   -0.122919796217991486E+02    0.733615587404051084E+00    0.129349284779630236E+01    0.917032863479783772E-02    0.128747241936617240E+01   -0.269818731560149683E+01   -0.497021307659895120E-01   -0.304752159592671790E+01   -0.240047447175448153E+00    0.706870430192915455E-01   -0.187051790051125183E+00   -0.113078224071578165E+00   -0.113691437887599389E+01
    0.909503895958215132E-02    0.740884620596834909E+00    0.828988343908955289E-01   -0.121884671640713300E+02    0.722106173193600709E+00    0.129861812964266865E+01    0.947563584781647809E-02    0.129313269268844655E+01   -0.269303231115186570E+01   -0.263016901023013575E-01   -0.335839577745348539E+01   -0.262848534012542989E+00    0.676683908727638977E-01   -0.171814421025485220E+00   -0.897731658188773013E-01   -0.114640488357599502E+01
    0.891507022564398156E-02    0.740856554712224558E+00    0.835085770275939832E-01   -0.124286489212506925E+02    0.724547794300649528E+00    0.129717136726735327E+01    0.939926843330020183E-02    0.129630055727061766E+01   -0.268208568272072778E+01   -0.317426556192939649E-01   -0.280632643900170597E+01   -0.229201417050479583E+00    0.802255207535044201E-01   -0.190076311577086654E+00   -0.102319847875745953E+00   -0.114995855894756360E+01
    0.874307335202271531E-02    0.739819271844041615E+00    0.816674524425206466E-01   -0.123285643243695127E+02    0.730319301261624920E+00    0.129317766358152575E+01    0.916705169361739687E-02    0.129120162061310961E+01   -0.270191582913988526E+01   -0.378741353919962651E-01   -0.275541413453895689E+01   -0.276070322606576934E+00    0.902097208762796532E-01   -0.176132241674937767E+00   -0.724259940418533754E-01   -0.114830476808497628E+01
    0.857194894477082518E-02    0.739352568676949540E+00    0.829720195412887856E-01   -0.123646179947968768E+02    0.698963165188437818E+00    0.128992465805744394E+01    0.921199748888446024E-02    0.128868338955952688E+01   -0.270392945867553491E+01   -0.361726981049969032E-01   -0.293204225304483534E+01   -0.155788594836002603E+00    0.656966364864446095E-01   -0.221121920458923982E+00   -0.110372462957643386E+00   -0.113316541040306951E+01
    0.840451980463330708E-02    0.738803545530259842E+00    0.851462842013615967E-01   -0.121892256428902712E+02    0.719414963321686307E+00    0.129928354274466074E+01    0.934447061224903675E-02    0.128505095856224005E+01   -0.269675326751212907E+01   -0.356372682160469301E-01   -0.358730622729246473E+01   -0.256102020333824676E+00    0.632788176521018875E-01   -0.145943216324351116E+00   -0.776855791559867420E-01   -0.113680377579415337E+01
    0.824078953695003662E-02    0.738150497927079874E+00    0.809756313655929233E-01   -0.120119095089699339E+02    0.727433469013584300E+00    0.128587440984090118E+01    0.917856747911328409E-02    0.128563767953095320E+01   -0.273814485409264208E+01   -0.141892197830320414E-01   -0.281401777018423482E+01   -0.268394735251656580E+00    0.615335191111544694E-01   -0.201443489955881988E+00   -0.824049695821075373E-01   -0.113594375779792922E+01
    0.808250747124682374E-02    0.736938501790905587E+00    0.846204359643913939E-01   -0.121543916894926074E+02    0.717810110077858887E+00    0.129406069732203144E+01    0.920322385942446558E-02    0.129348304628450794E+01   -0.276017044270495226E+01   -0.215084397950779799E-01   -0.306304405476751196E+01   -0.184321859126384102E+00    0.726754836676617999E-01   -0.212592953958892522E+00   -0.686682077203015218E-01   -0.114415890823319888E+01
    0.792428131057332057E-02    0.736479553195259928E+00    0.818517119544119459E-01   -0.122316745952903663E+02    0.738676805044371720E+00    0.129530420881000996E+01    0.915358440447639789E-02    0.128648494084232623E+01   -0.271440998934238120E+01   -0.320784257551579091E-01   -0.304326369826642162E+01   -0.204159586495329531E+00    0.935512722683801701E-01   -0.201296332921577115E+00   -0.987557449467719728E-01   -0.114515085481787415E+01
    0.776805759072962676E-02    0.736302522163096773E+00    0.811584922910259104E-01   -0.121539410485981225E+02    0.721062032640669703E+00    0.129421939642041295E+01    0.860440809334595338E-02    0.128980480579142687E+01   -0.273335173230578032E+01   -0.619127983916912886E-01   -0.278181785808105042E+01   -0.361816935621898761E+00    0.663223389352763926E-01   -0.177016502998278424E+00   -0.126492648051692247E+00   -0.113676708702995555E+01
    0.761519249806705094E-02    0.736052282114892154E+00    0.814616746865364783E-01   -0.122764738741716624E+02    0.708202362664616114E+00    0.129961363474221137E+01    0.970552841206105861E-02    0.128888357149260480E+01   -0.276417522648793046E+01   -0.452798062303639628E-01   -0.314914248674657316E+01   -0.263834804240888621E+00    0.722915834253160111E-01   -0.205141147339365865E+00   -0.117062443408980227E+00   -0.114347747553476786E+01
    0.746470730062116089E-02    0.735970370450190314E+00    0.832967108253799410E-01   -0.120304280510906469E+02    0.726113806556179742E+00    0.129307199295270236E+01    0.963289406872328176E-02    0.129104998514592539E+01   -0.272673078465761609E+01   -0.426758516806829691E-01   -0.348118220689164870E+01   -0.250136140953866215E+00    0.660970344190761477E-01   -0.199856526828945086E+00   -0.696868045497704702E-01   -0.112933487344341144E+01
    0.731764961368374430E-02    0.735764441000169911E+00    0.845836398990491428E-01   -0.122904960861572281E+02    0.725556352896798207E+00    0.129767505818428708E+01    0.943999431649569960E-02    0.128737017874801074E+01   -0.273472806041340055E+01   -0.268868298463969813E-01   -0.312551819738462466E+01   -0.244560737120773281E+00    0.820503630437471598E-01   -0.161068798864811930E+00   -0.847804809221876510E-01   -0.112782788024994529E+01
    0.717368745821495794E-02    0.735503187254465618E+00    0.857850347652033690E-01   -0.123342246599247094E+02    0.722323427199121904E+00    0.129822556749494145E+01    0.947080995262587072E-02    0.128817701653575667E+01   -0.273985524701266092E+01   -0.459217188900071377E-01   -0.309178839543862738E+01   -0.352154575865112895E+00    0.648998394063712569E-01   -0.157337467295467326E+00   -0.124785309308356768E+00   -0.114675791893021062E+01
    0.703459598413374611E-02    0.734662292747610524E+00    0.838783785988220093E-01   -0.120655440028088190E+02    0.725651351526391153E+00    0.129661099048272188E+01    0.954798808099775742E-02    0.129447798270388637E+01   -0.268964122402509975E+01   -0.351888483341065358E-01   -0.261266654787697750E+01   -0.237067821043792121E+00    0.528662970382078948E-01   -0.220725142879291875E+00   -0.107982531802391285E+00   -0.115136333315800821E+01
    0.689567803514731185E-02    0.734553124506036714E+00    0.830021572053540602E-01   -0.121516648214149399E+02    0.721677158171780020E+00    0.129473698379712188E+01    0.960491385567588916E-02    0.129366448047487981E+01   -0.274974867655175137E+01   -0.395662032561284044E-01   -0.305534330019136346E+01   -0.264993921456855130E+00    0.828845294973516861E-01   -0.130726441249429282E+00   -0.687935524085479533E-01   -0.114016149288086677E+01
    0.675925976535510838E-02    0.734516047986129017E+00    0.848168277349264366E-01   -0.122526857273749759E+02    0.731876844146912786E+00    0.129976082125504178E+01    0.929232051927190994E-02    0.129072579456221526E+01   -0.273804176139041688E+01   -0.326311679196917975E-01   -0.299580555795150705E+01   -0.237867564133204062E+00    0.571864412291596680E-01   -0.161979139187004600E+00   -0.808313074929125353E-01   -0.114079267462451339E+01
    0.662914260264622478E-02    0.733391861836932835E+00    0.821324472411841533E-01   -0.120786471269322870E+02    0.711627709358352400E+00    0.129424379831662906E+01    0.964992005682259457E-02    0.129669697967006292E+01   -0.279152355832335042E+01   -0.476931540798407327E-01   -0.287750509631690221E+01   -0.257717271569598894E+00    0.703702691019945370E-01   -0.136983262554359997E+00   -0.508427930384258847E-01   -0.114987753986087782E+01
    0.649825784532645067E-02    0.733274577409733230E+00    0.819215896719269754E-01   -0.122870388088569555E+02    0.725078117429447278E+00    0.129379842351512298E+01    0.925950938085587719E-02    0.128525353264032605E+01   -0.275690053509100963E+01   -0.367110554546253715E-01   -0.340764832401108153E+01   -0.267186384007066013E+00    0.620327866957266216E-01   -0.209114799289732034E+00   -0.761251267822348893E-01   -0.115358314138464846E+01
    0.653026259328134181E-02    0.723315168523830598E+00    0.827363266053668389E-01   -0.123016107539410999E+02    0.739746318342119347E+00    0.129612243902998459E+01    0.899154760652583727E-02    0.128622308846821043E+01   -0.268058744960822226E+01   -0.440895002357573687E-01   -0.329942960294563203E+01   -0.198730773988542941E+00    0.820973865984102602E-01   -0.174467472109943289E+00   -0.133475689468693065E+00   -0.114514788176353433E+01
    0.651656715656799904E-02    0.727514025106238527E+00    0.814974510274565772E-01   -0.121942441782541167E+02    0.720032941168912810E+00    0.129345175834464010E+01    0.923699387496900934E-02    0.129075220153272552E+01   -0.268699279179869821E+01   -0.288342503468571390E-01   -0.280061102910852933E+01   -0.304883149281441890E+00    0.523470772449019933E-01   -0.192995647227338391E+00   -0.723927468043572275E-01   -0.114420438610115682E+01
    0.651426324293110249E-02    0.728221244397800782E+00    0.836463748288447245E-01   -0.121945532781990593E+02    0.723253650639738788E+00    0.129100805037739019E+01    0.925397056608190730E-02    0.129316698044027234E+01   -0.265185852731528238E+01   -0.324729906270617014E-01   -0.315069418335352536E+01   -0.278788257215361157E+00    0.632336104290523726E-01   -0.168808764263360944E+00   -0.689254133478176267E-01   -0.115265677959645352E+01
    0.654995696500551301E-02    0.717292521421034279E+00    0.831037775997763711E-01   -0.122145683602473358E+02    0.724701390902684817E+00    0.129190752590866520E+01    0.932663955105162562E-02    0.129199310276419865E+01   -0.272495547076860678E+01   -0.144634087586317829E-01   -0.265470390052936533E+01   -0.250324272826492500E+00    0.497412793689884919E-01   -0.207224331073297352E+00   -0.107261642665331461E+00   -0.115087159825984142E+01
    0.652126201777476940E-02    0.726073643782962241E+00    0.835429630026800069E-01   -0.122239910160792746E+02    0.726251866048340800E+00    0.129630856712626485E+01    0.930994775661254936E-02    0.129071604378451155E+01   -0.266157258550032116E+01   -0.430396170534535841E-01   -0.271994314864139231E+01   -0.216087396538869075E+00    0.658892873524661860E-01   -0.164073313860613357E+00   -0.884059386020880494E-01   -0.115234470756027285E+01
    0.652269790328832439E-02    0.725633321816919530E+00    0.834966084414306420E-01   -0.122016106160316813E+02    0.715876454522904493E+00    0.130029202944993894E+01    0.956595156683849243E-02    0.128406003231584642E+01   -0.272320361909955899E+01   -0.295919143783621198E-01   -0.326838766251503854E+01   -0.213917403687876428E+00    0.636527730562782973E-01   -0.204138976042071124E+00   -0.957444500344544203E-01   -0.114753488254698799E+01
    0.652564613002204127E-02    0.724729536087065251E+00    0.843257456165028840E-01   -0.122288827541980094E+02    0.721301075150963866E+00    0.129467834128620507E+01    0.948936014223770996E-02    0.128941210002423534E+01   -0.272893231804177017E+01   -0.325153498479581471E-01   -0.283267844358955445E+01   -0.284108365972670196E+00    0.744748858382711654E-01   -0.201056361264491695E+00   -0.787565943484985348E-01   -0.114912282787319642E+01
    0.650944019955053237E-02    0.729702556874656683E+00    0.842898320351032210E-01   -0.122121318571208004E+02    0.715006142984854987E+00    0.129485392694916901E+01    0.957138371337409519E-02    0.129029772457290082E+01   -0.272596539653744019E+01   -0.398036816863023765E-01   -0.298325681909208695E+01   -0.252557704616607259E+00    0.905798564976527942E-01   -0.216704747980544177E+00   -0.849296249148650123E-01   -0.114015396385019518E+01
    0.650346208451927591E-02    0.731540153229815582E+00    0.846195891191854344E-01   -0.121201393597682365E+02    0.717745593976137353E+00    0.130016547082106682E+01    0.962818130210277810E-02    0.128973572587501950E+01   -0.271532603178506937E+01   -0.420123005633094571E-01   -0.308399999977311490E+01   -0.234425180667346356E+00    0.584791933189739710E-01   -0.179850625127225772E+00   -0.103222070470818744E+00   -0.114206296339848179E+01
    0.652639592100253633E-02    0.724499751053155783E+00    0.849141030407069286E-01   -0.122112057659907940E+02    0.721261945532170490E+00    0.129410890537466727E+01    0.926849208280681146E-02    0.128530930174248570E+01   -0.267274961914227438E+01   -0.250365841721413192E-01   -0.320002390940242654E+01   -0.162645998719223195E+00    0.686161514081052720E-01   -0.183519621129003913E+00   -0.660623124379636911E-01   -0.114541948906794011E+01
    0.653019833244044331E-02    0.723334849556916848E+00    0.823120530900749575E-01   -0.121682186091601494E+02    0.731871902568612676E+00    0.128784794062337249E+01    0.924050438656524170E-02    0.129033251850007424E+01   -0.270137912098621991E+01   -0.276241104958060146E-01   -0.290332518142538509E+01   -0.268689528339313255E+00    0.591584266862392461E-01   -0.244506181123327337E+00   -0.108004364762002286E+00   -0.113579512897587320E+01
    0.653371775922856335E-02    0.722257247144725611E+00    0.826038473696347475E-01   -0.119321801079356611E+02    0.726456364294670420E+00    0.128988547427563094E+01    0.938724051121896108E-02    0.129165126883328640E+01   -0.269986282201592864E+01   -0.271413296115609916E-01   -0.295707645669965569E+01   -0.211308928028069415E+00    0.643265533277895540E-01   -0.193152975907722679E+00   -0.728482228707953428E-01   -0.114021863492618647E+01
    0.652919309824908853E-02    0.723642745739881854E+00    0.824288759647268249E-01   -0.121631106872164558E+02    0.728616210483845950E+00    0.129155734293607538E+01    0.891798315516686806E-02    0.129344231792746323E+01   -0.273363941753329831E+01   -0.385288505968107917E-01   -0.339649185560742328E+01   -0.241331802966473274E+00    0.536382904872655872E-01   -0.171339176875212579E+00   -0.108249677972704017E+00   -0.114435550313174361E+01
    0.650158507597871013E-02    0.732117470183897168E+00    0.836832798732481536E-01   -0.122119050243187033E+02    0.737529825930402838E+00    0.129096697743541844E+01    0.895221580349419427E-02    0.129259271989597946E+01   -0.270620974253979618E+01   -0.206769188458327119E-01   -0.361451825875799626E+01   -0.220477055220021478E+00    0.613389757146599393E-01   -0.212918667711716220E+00   -0.621375440588750466E-01   -0.113626586482250169E+01
    0.651219896569267629E-02    0.728855116349417131E+00    0.828479319359412963E-01   -0.120841611079985025E+02    0.730355851946371648E+00    0.129239188948038208E+01    0.937165944800138519E-02    0.129119144410571018E+01   -0.270186489006840036E+01   -0.414618609348500339E-01   -0.324035017748853971E+01   -0.198429872969224708E+00    0.662886453708598639E-01   -0.190414560794070958E+00   -0.716220621522179468E-01   -0.113659417799681739E+01
    0.652076291810820084E-02    0.726226718069897803E+00    0.836465161263483803E-01   -0.123334624894758651E+02    0.726345505288283677E+00    0.129741458950235233E+01    0.912277815052050037E-02    0.128658680439837947E+01   -0.274244261597712002E+01   -0.325547900986342259E-01   -0.334669127656828058E+01   -0.319433428407843278E+00    0.529358122143408771E-01   -0.219275254615114878E+00   -0.779729445765046103E-01   -0.115062195382335775E+01
    0.655681510067733161E-02    0.715199515984349610E+00    0.837321088802161773E-01   -0.120707686119871891E+02    0.725517207252417307E+00    0.129497723164602241E+01    0.932285333985560273E-02    0.128756076405985120E+01   -0.271784482549145956E+01   -0.133731433651556042E-01   -0.311293816135992074E+01   -0.201954907879677903E+00    0.690055167012814247E-01   -0.112371981918486963E+00   -0.973218528327054605E-01   -0.114141739843412870E+01
    0.655325077762141522E-02    0.716287023301803494E+00    0.833247362742987885E-01   -0.122956326352493743E+02    0.716200181829737770E+00    0.129278374359946358E+01    0.881590588573023283E-02    0.129005185336483263E+01   -0.278480629105176059E+01   -0.195249891617133124E-01   -0.264892964135191189E+01   -0.280259684092862504E+00    0.690453320988906466E-01   -0.189380030428041052E+00   -0.136695990468985284E+00   -0.114826640236581401E+01
    0.658427658853947932E-02    0.706840536841163547E+00    0.810724959334471890E-01   -0.120491103939283537E+02    0.717871943915874722E+00    0.129401076585801578E+01    0.910908516741043735E-02    0.129180941622885648E+01   -0.282660458236230028E+01   -0.489600822692872403E-01   -0.251600629879010773E+01   -0.312213916372876099E+00    0.702918382428469740E-01   -0.178348162911805386E+00   -0.112894338783812956E+00   -0.114302891581925969E+01
    0.656447061750958620E-02    0.712865745387371019E+00    0.810206885937529014E-01   -0.119763903295970096E+02    0.726865089231517603E+00    0.129384855157353251E+01    0.913843024778570809E-02    0.128757088656625940E+01   -0.274654799987853293E+01   -0.332093551024939537E-01   -0.298889863169829262E+01   -0.228215179126840945E+00    0.595953475982921796E-01   -0.151905176968547301E+00   -0.964614255557086631E-01   -0.114936149537446952E+01
    0.650977542499994125E-02    0.729599562820591019E+00    0.820036733688160463E-01   -0.121732585031890181E+02    0.719907770557201676E+00    0.128998900115484050E+01    0.903333012870210020E-02    0.129120647159482438E+01   -0.276211773316869680E+01   -0.172774488116940496E-01   -0.316996648482037990E+01   -0.274850476810142019E+00    0.779734386702593957E-01   -0.182216845546085748E+00   -0.449075591213968228E-01   -0.114602259710911358E+01
    0.656170542522421883E-02    0.713708395163595410E+00    0.823668107404541688E-01   -0.122161262187445949E+02    0.720025029456658694E+00    0.129447120427214624E+01    0.933727737923095019E-02    0.128888182472187096E+01   -0.280338609663375626E+01   -0.471909700811999691E-01   -0.331044424723271602E+01   -0.258472627115222453E+00    0.599229619007440595E-01   -0.190593433848110283E+00   -0.101700995119580917E+00   -0.115407851727487909E+01
    0.650311974649661964E-02    0.731645434702591135E+00    0.836794381157866390E-01   -0.122340913413041505E+02    0.724898911554544223E+00    0.129693157485669097E+01    0.968060224779630947E-02    0.129109369785725292E+01   -0.275515552863104851E+01   -0.458958915618997709E-01   -0.250611449951036658E+01   -0.274248848964852632E+00    0.746329427616573837E-01   -0.172539924095234998E+00   -0.106041010173402173E+00   -0.113303660914490201E+01
    0.657730012404555715E-02    0.708960788935469766E+00    0.843779892074334598E-01   -0.122136495948481389E+02    0.720692966212973962E+00    0.129052666317213682E+01    0.880236185078219283E-02    0.128940003723532071E+01   -0.274058973000072159E+01   -0.364597361476458048E-01   -0.293791052003020781E+01   -0.214634702867443655E+00    0.774000768697319097E-01   -0.193054847014079822E+00   -0.105327787463041361E+00   -0.114798791746371176E+01
    0.653600291714910315E-02    0.721557872460167227E+00    0.820133057090153134E-01   -0.119991798657805600E+02    0.736994301138056973E+00    0.128638384712769183E+01    0.910245055741468537E-02    0.129060605583816734E+01   -0.270420091078408342E+01   -0.392681655992976886E-01   -0.343402798698995815E+01   -0.294186336088097744E+00    0.772697326978327714E-01   -0.154702046675461780E+00   -0.955436933608747457E-01   -0.114528385127554277E+01
    0.655376704004846222E-02    0.716129470322323658E+00    0.836988773812339659E-01   -0.122061730425867996E+02    0.719868391032523980E+00    0.128951128641939716E+01    0.939502395660059275E-02    0.128699883768377155E+01   -0.278807090724176820E+01   -0.493053605371834153E-01   -0.290545940139555015E+01   -0.295673899498286763E+00    0.809860243573125305E-01   -0.199522719144668653E+00   -0.104982426396861783E+00   -0.115218759820485483E+01
    0.657434947533662700E-02    0.709858212102393749E+00    0.841274594783576607E-01   -0.120221163315222359E+02    0.713524371505183330E+00    0.128924918397245092E+01    0.926076626859375501E-02    0.128668887309027724E+01   -0.271803032866484706E+01   -0.448970776314571302E-01   -0.314561270738044207E+01   -0.273888849696889980E+00    0.643657275404005552E-01   -0.188609287773289058E+00   -0.650397037539817979E-01   -0.114226489665963493E+01
    0.656483291467719905E-02    0.712755367204150780E+00    0.831899423469374261E-01   -0.120242568446321094E+02    0.707677620439451149E+00    0.128723209863959398E+01    0.916942331322337899E-02    0.128354027256094150E+01   -0.271559344308770800E+01   -0.363716013552844927E-01   -0.337584368697528703E+01   -0.265204360420570107E+00    0.810015616455963539E-01   -0.139931863064433060E+00   -0.112273047595045250E+00   -0.114251139953241210E+01
    0.650362069830544981E-02    0.731491375563421919E+00    0.831806176900108662E-01   -0.123047543753756337E+02    0.713958546059105914E+00    0.129221954276577500E+01    0.920182497993908381E-02    0.129575443839935844E+01   -0.272697092347663572E+01   -0.538067994186983006E-01   -0.344566639493670435E+01   -0.280203184038041897E+00    0.802063060003499612E-01   -0.169746883014421174E+00   -0.115074102198054987E+00   -0.114746647068526331E+01
    0.660448475194256712E-02    0.700711627932809611E+00    0.840446258046683575E-01   -0.119128803218525885E+02    0.710389234560004135E+00    0.128779503456330779E+01    0.934914199482924160E-02    0.128720783984326226E+01   -0.277081013683383359E+01   -0.427234232800924527E-01   -0.311478271367343540E+01   -0.191705711719839023E+00    0.816683133790402638E-01   -0.242618503651622963E+00   -0.549936762892420938E-01   -0.114282403583483849E+01
    0.650046532924152941E-02    0.732461953309267444E+00    0.818478543609170023E-01   -0.121035636038765908E+02    0.722219690573994599E+00    0.129054043661119344E+01    0.907741324983500283E-02    0.128846830302001725E+01   -0.259991420169158483E+01   -0.514496735855197729E-01   -0.312447113641509322E+01   -0.185054945786865210E+00    0.863290057637838698E-01   -0.190810841955532856E+00   -0.868414482741360905E-01   -0.114849886087478636E+01
    0.657605287932855071E-02    0.709340082251910475E+00    0.821135804207137193E-01   -0.121049842744499028E+02    0.714693708652971660E+00    0.129104241393388652E+01    0.887899947536442864E-02    0.128981282884659665E+01   -0.276612761784136385E+01   -0.515977058981726341E-01   -0.309403228373885186E+01   -0.257427747882077784E+00    0.748623275434184277E-01   -0.218095902587932516E+00   -0.509979639404598492E-01   -0.114971449951504723E+01
    0.654306936881341068E-02    0.719396724575241842E+00    0.826699078821962474E-01   -0.121905922899022752E+02    0.721778424235214100E+00    0.129283742582399519E+01    0.909324868815014620E-02    0.128295643001973070E+01   -0.283122001172878734E+01   -0.604857166417842318E-01   -0.267394066871639868E+01   -0.395751611017629290E+00    0.833805823482905162E-01   -0.188562399246187229E+00   -0.889037280833152588E-01   -0.113246533358220280E+01
    0.653503064140590392E-02    0.721855408455506664E+00    0.815708686543461237E-01   -0.120401328344985430E+02    0.714298080768714150E+00    0.129060461093382672E+01    0.916494026884386200E-02    0.128821714127354547E+01   -0.273786192574906861E+01   -0.599024103240498457E-01   -0.291363858081692406E+01   -0.206176406359747655E+00    0.542174607869874495E-01   -0.210705170626468680E+00   -0.968303306029377614E-01   -0.113807137733397079E+01
    0.655234642606232140E-02    0.716563043248539366E+00    0.833494456341251494E-01   -0.120990516296614796E+02    0.730267496536839533E+00    0.129185555514227013E+01    0.899209306323052113E-02    0.128549475322519613E+01   -0.269287811703491586E+01   -0.401676593049543201E-01   -0.340318436799531554E+01   -0.272644984978474003E+00    0.721047151455003754E-01   -0.141130679053675823E+00   -0.952763344438142257E-01   -0.114313757125348348E+01
    0.656193109136226065E-02    0.713639613576179888E+00    0.842005227222771824E-01   -0.121963805077672163E+02    0.711176574599047817E+00    0.129045815742331937E+01    0.916773975545754662E-02    0.128834723511930482E+01   -0.271121563295754298E+01   -0.274207831499614016E-01   -0.306883836777236985E+01   -0.226663095898171518E+00    0.777379062204074933E-01   -0.199259315020359540E+00   -0.942174267601123827E-01   -0.115068468109058375E+01
    0.655530662897720138E-02    0.715659692220624088E+00    0.838076259352687480E-01   -0.120352523648292298E+02    0.710530460644188566E+00    0.128952436510271928E+01    0.914653184112234653E-02    0.128790791384016545E+01   -0.277386267467926961E+01   -0.648752950779368370E-01   -0.391720253920641559E+01   -0.256690425532986377E+00    0.811982232390220798E-01   -0.186076390550905774E+00   -0.813476812576512387E-01   -0.114736203047820240E+01
    0.660477104825045198E-02    0.700624932266600386E+00    0.820652128880122872E-01   -0.121078213297287647E+02    0.720917935124774090E+00    0.128947518285035234E+01    0.916114873880798444E-02    0.129131599383798523E+01   -0.272611094006302102E+01   -0.349488099814362491E-01   -0.355366102787507909E+01   -0.263308950953705656E+00    0.889646782226031912E-01   -0.161598801565368072E+00   -0.107372492841831590E+00   -0.115744810892306860E+01
    0.656651607009956471E-02    0.712242653564893913E+00    0.832504738259140231E-01   -0.121646635909434888E+02    0.725387338854675545E+00    0.129219259625521787E+01    0.934779156867938076E-02    0.128962774753117326E+01   -0.269636449247171317E+01   -0.373989129414365601E-01   -0.348976496764054067E+01   -0.184981882474035769E+00    0.885080657311784064E-01   -0.140624224580225526E+00   -0.120141908333134706E+00   -0.114906324976238672E+01
    0.653056404522290787E-02    0.723222846054521695E+00    0.796293336818936909E-01   -0.121027381341408411E+02    0.718812080781540352E+00    0.129258095257328809E+01    0.877811586644987145E-02    0.128996055735256920E+01   -0.270075869158827819E+01   -0.558918765960788738E-01   -0.308216266967092301E+01   -0.212379059126557690E+00    0.844199340346797888E-01   -0.161003542956044327E+00   -0.100838943752302096E+00   -0.113753757109488252E+01
    0.659881524724143832E-02    0.702429230365514967E+00    0.823921713147256068E-01   -0.120524074778511832E+02    0.713409344178586591E+00    0.129434932579962303E+01    0.914533430623531637E-02    0.128863463706873205E+01   -0.274437994409677177E+01   -0.264902979016223318E-01   -0.328486861015133380E+01   -0.226575582321096092E+00    0.748723335467380430E-01   -0.150834381911010423E+00   -0.120183770898780531E+00   -0.115062943052195377E+01
    0.655961159270186493E-02    0.714346694668824278E+00    0.831048905429883356E-01   -0.118509398867093569E+02    0.721976444968298492E+00    0.129509378396427222E+01    0.961204582112758742E-02    0.128263170034388008E+01   -0.272756575825702496E+01   -0.333225787675996699E-01   -0.335707282983990485E+01   -0.202948765833147804E+00    0.769492782928077323E-01   -0.213201581363563653E+00   -0.122741671827996626E+00   -0.116441455091092827E+01
    0.659645569158130544E-02    0.703144503495176099E+00    0.830818185231125134E-01   -0.120872667708968446E+02    0.719363425659745426E+00    0.129556977618485747E+01    0.935982854990973813E-02    0.128437909393085725E+01   -0.276739950418264957E+01   -0.236939976351549925E-01   -0.261131103678605658E+01   -0.177108382589756641E+00    0.624389087847113181E-01   -0.206243316154852668E+00   -0.106892845525777699E+00   -0.115237876113883675E+01
    0.651028971349684217E-02    0.729441564072749848E+00    0.846682040188838775E-01   -0.120931634864328181E+02    0.714342675666137517E+00    0.128731304859318918E+01    0.922132519843847295E-02    0.128412848177327099E+01   -0.274707417923058683E+01   -0.106643242949630186E-01   -0.336583612725455872E+01   -0.262627431573438541E+00    0.720379806119432475E-01   -0.233138516094029469E+00   -0.101229241813440576E+00   -0.115280001394823239E+01
    0.658297790566263977E-02    0.707235055799272039E+00    0.819953670055539596E-01   -0.121662866796150677E+02    0.730262254322122217E+00    0.129169790930365069E+01    0.862127713702895947E-02    0.128703000194330519E+01   -0.273463688049245679E+01   -0.362266562945429624E-01   -0.261769522118165732E+01   -0.293468246518147291E+00    0.691188055642319443E-01   -0.185307849542432984E+00   -0.859704279150581424E-01   -0.114263187620350193E+01
    0.649948491099851429E-02    0.732763621616223437E+00    0.833450777039794338E-01   -0.123455193669174541E+02    0.724805323150597758E+00    0.129762784867360370E+01    0.937744299856761721E-02    0.128954378055317886E+01   -0.277918050755746515E+01   -0.677735640871183626E-01   -0.291827765855226895E+01   -0.275670800521211234E+00    0.722458844758108731E-01   -0.206880382359100418E+00   -0.113694414984482794E+00   -0.115042462592351780E+01
    0.652508664249810966E-02    0.724901016887117500E+00    0.823395644334009164E-01   -0.123849092962946568E+02    0.719781271337832651E+00    0.129611526566664503E+01    0.894853213915263943E-02    0.129277517067467462E+01   -0.276043929809646871E+01   -0.519454512819243069E-01   -0.288213717388007673E+01   -0.230093211892172411E+00    0.907434534557260419E-01   -0.166132594182926002E+00   -0.984364031617842722E-01   -0.114272201924660277E+01
    0.651643220856037379E-02    0.727555442435847799E+00    0.839665034488960155E-01   -0.121510021328256990E+02    0.705025928277284164E+00    0.129183644978263534E+01    0.992407214564065138E-02    0.129297896247962174E+01   -0.280059103592901915E+01   -0.602564069609146519E-01   -0.288960133833346422E+01   -0.228843458817826167E+00    0.727301068309859217E-01   -0.194215848163459215E+00   -0.605391126068498125E-01   -0.115735615915240952E+01
    0.655535089963136565E-02    0.715646185452084360E+00    0.842255642705616592E-01   -0.122168526522294130E+02    0.713933112972754746E+00    0.129056656108147738E+01    0.914785073142107726E-02    0.129289394394169266E+01   -0.273220522617383521E+01   -0.322841852411334396E-01   -0.309817619599980398E+01   -0.252234106834141825E+00    0.614799185972346174E-01   -0.155144233705658718E+00   -0.811256986241424283E-01   -0.115145805455036632E+01
    0.660744915317360709E-02    0.699814135922305347E+00    0.834647368145702701E-01   -0.120763323211465732E+02    0.719237399288791490E+00    0.128972182664136592E+01    0.922814671879146342E-02    0.128901402402088627E+01   -0.272689528617624166E+01   -0.406747722098770859E-01   -0.359829143975895782E+01   -0.221594533631604973E+00    0.882250878326645699E-01   -0.159440678422471255E+00   -0.114680641919423038E+00   -0.114727301004782811E+01
