    0.631904402231571460E-01   -0.306748293768305693E+02    0.826196654933530672E+00    0.137766377376886062E+01    0.948144242402932692E-02    0.223675158382501316E+01   -0.268208973446499233E+01   -0.822414830336824498E-01   -0.419711459251036345E+01   -0.169119979911730195E+00    0.147203215153994399E-01   -0.254911083667054950E+00   -0.265431793467502050E-01   -0.112459937691433498E+01   -0.144408715150001155E+01
    0.694179022083700886E-01   -0.283314155814897930E+02    0.568176343306876497E+00    0.135169466867297161E+01    0.106330976501411364E-01    0.224056439626674075E+01   -0.266302994966139028E+01   -0.521189004933835728E-01   -0.713712265373794885E+01   -0.206455486706960428E+00   -0.102520226216326199E+00   -0.193235242869119750E+00   -0.454461071648123716E-01   -0.113864169417997463E+01   -0.136675724090610418E+01
    0.715744576385769909E-01   -0.306602687728804391E+02    0.665483431797340708E+00    0.118374359408906549E+01    0.832322436247369749E-02    0.225087675209947635E+01   -0.270312914503177604E+01   -0.613617484844569613E-01   -0.691569854856812416E+01   -0.194611499282613648E+00   -0.748437275511659311E-01   -0.198146148798903160E+00    0.374279143254030305E-01   -0.113111967224818111E+01   -0.132039663487247649E+01
    0.715744576385769909E-01   -0.306602687728804391E+02    0.665483431797340708E+00    0.118374359408906549E+01    0.832322436247369749E-02    0.225087675209947635E+01   -0.270312914503177604E+01   -0.613617484844569613E-01   -0.691569854856812416E+01   -0.194611499282613648E+00   -0.748437275511659311E-01   -0.198146148798903160E+00    0.374279143254030305E-01   -0.113111967224818111E+01   -0.132039663487247649E+01
    0.642422267268305119E-01   -0.297183374985553144E+02    0.623833449693656394E+00    0.135310851203575822E+01    0.981953030056537113E-02    0.224491665510542449E+01   -0.270773015688742769E+01   -0.674113947437870176E-01   -0.321760407443022656E+01   -0.163400888477974016E+00   -0.161313650969780731E+00   -0.176584825357976927E+00   -0.200129943534205698E-01   -0.115079096706593065E+01   -0.131430545274127542E+01
    0.552811238469011618E-01   -0.273440723122947986E+02    0.656195319427749113E+00    0.129172550831146427E+01    0.945340080972152663E-02    0.224504524726602339E+01   -0.271065442277551938E+01   -0.855656574255512503E-01   -0.496999841473058357E+01   -0.157882645940148891E+00   -0.216092685737540924E+00   -0.326318654299442290E+00   -0.843771519584368412E-01   -0.112426711453299744E+01   -0.130790312021021715E+01
    0.552811238469011618E-01   -0.273440723122947986E+02    0.656195319427749113E+00    0.129172550831146427E+01    0.945340080972152663E-02    0.224504524726602339E+01   -0.271065442277551938E+01   -0.855656574255512503E-01   -0.496999841473058357E+01   -0.157882645940148891E+00   -0.216092685737540924E+00   -0.326318654299442290E+00   -0.843771519584368412E-01   -0.112426711453299744E+01   -0.130790312021021715E+01
    0.663911770515621807E-01   -0.281999935066227678E+02    0.879672225865636648E+00    0.127816633733912188E+01    0.106911586517740385E-01    0.224452450763444977E+01   -0.269316993055643961E+01   -0.779071134254308295E-01   -0.465747951010140859E+01   -0.178352187939968126E+00   -0.697047334074228087E-01   -0.835274650137881047E-01    0.231615182002925940E-01   -0.118805778834759113E+01   -0.129520395184000625E+01
    0.716282773972558712E-01   -0.294580433959365600E+02    0.757170970291699108E+00    0.130656528971575825E+01    0.927845020951198127E-02    0.224471439212463464E+01   -0.266592651180081619E+01   -0.831471006351482272E-01   -0.597562331706036876E+01   -0.190634383190563500E+00   -0.158194453877280233E+00   -0.177028724246880931E+00   -0.823458686060893064E-01   -0.113738261559729947E+01   -0.129447137674263857E+01
    0.716282773972558712E-01   -0.294580433959365600E+02    0.757170970291699108E+00    0.130656528971575825E+01    0.927845020951198127E-02    0.224471439212463464E+01   -0.266592651180081619E+01   -0.831471006351482272E-01   -0.597562331706036876E+01   -0.190634383190563500E+00   -0.158194453877280233E+00   -0.177028724246880931E+00   -0.823458686060893064E-01   -0.113738261559729947E+01   -0.129447137674263857E+01
    0.615208143954374190E-01   -0.263315120484479444E+02    0.660413269654099855E+00    0.120176596880244180E+01    0.843324367936551175E-02    0.225330246638934550E+01   -0.269127541945925541E+01   -0.477729018510037809E-01   -0.686018762277455529E+01   -0.219622200090620862E+00   -0.950469762205792407E-01   -0.245347586556681874E+00   -0.120562013459345974E+00   -0.115835510107412931E+01   -0.129130811599325912E+01
    0.615208143954374190E-01   -0.263315120484479444E+02    0.660413269654099855E+00    0.120176596880244180E+01    0.843324367936551175E-02    0.225330246638934550E+01   -0.269127541945925541E+01   -0.477729018510037809E-01   -0.686018762277455529E+01   -0.219622200090620862E+00   -0.950469762205792407E-01   -0.245347586556681874E+00   -0.120562013459345974E+00   -0.115835510107412931E+01   -0.129130811599325912E+01
    0.657095243513434735E-01   -0.293243130728356469E+02    0.494266100138898323E+00    0.122973029777034992E+01    0.876554610324746172E-02    0.224506401177144754E+01   -0.269595320672341687E+01   -0.723790870368448830E-01   -0.435649411110537521E+01   -0.215489766535490984E+00   -0.638648419774711928E-01   -0.198084874638856240E+00   -0.738959044976132129E-01   -0.112496575136202570E+01   -0.128932351950682578E+01
    0.657095243513434735E-01   -0.293243130728356469E+02    0.494266100138898323E+00    0.122973029777034992E+01    0.876554610324746172E-02    0.224506401177144754E+01   -0.269595320672341687E+01   -0.723790870368448830E-01   -0.435649411110537521E+01   -0.215489766535490984E+00   -0.638648419774711928E-01   -0.198084874638856240E+00   -0.738959044976132129E-01   -0.112496575136202570E+01   -0.128932351950682578E+01
    0.580748031086297106E-01   -0.319691436573177903E+02    0.498708375133606385E+00    0.120145481141300059E+01    0.101693397965012273E-01    0.224234022790927057E+01   -0.272578072785805947E+01   -0.313386385244590754E-01   -0.395697243500987161E+01   -0.191985536948270585E+00   -0.173370440623365374E+00   -0.283626938046361299E+00    0.293384146524942879E-02   -0.113113061171509455E+01   -0.128862751821273847E+01
    0.614380725279228684E-01   -0.289829772204480314E+02    0.793801027812014448E+00    0.123269115892835512E+01    0.974416584223818105E-02    0.223522268882329156E+01   -0.274563572653521248E+01   -0.410046655635876098E-01   -0.591656492185323035E+01   -0.124729914439481934E+00   -0.147791381233014163E+00   -0.160787925642987745E+00   -0.196269492133532147E-01   -0.111910363577806504E+01   -0.128819419002744628E+01
    0.702202799587458432E-01   -0.294417360263220509E+02    0.673928894389857591E+00    0.129241266952051959E+01    0.946169752314646000E-02    0.224120815164026066E+01   -0.270340587699715229E+01   -0.847256148833240991E-01   -0.776659569667566263E+01   -0.202710219009767406E+00    0.437869708451539691E-01   -0.147987395151996048E+00   -0.219658132901177569E-01   -0.112756945819761389E+01   -0.128666516672573761E+01
    0.702202799587458432E-01   -0.294417360263220509E+02    0.673928894389857591E+00    0.129241266952051959E+01    0.946169752314646000E-02    0.224120815164026066E+01   -0.270340587699715229E+01   -0.847256148833240991E-01   -0.776659569667566263E+01   -0.202710219009767406E+00    0.437869708451539691E-01   -0.147987395151996048E+00   -0.219658132901177569E-01   -0.112756945819761389E+01   -0.128666516672573761E+01
    0.632113354894688201E-01   -0.302688330101326564E+02    0.539793597736821895E+00    0.132475520850630790E+01    0.102413701421596830E-01    0.225498608113480037E+01   -0.277519719380702767E+01   -0.499962224306795544E-01   -0.973348563398264233E+01   -0.225289763238647356E+00   -0.271809234149572518E-01   -0.218226504566767149E+00   -0.939583494103891081E-01   -0.115000078956316165E+01   -0.128170986321199054E+01
    0.632113354894688201E-01   -0.302688330101326564E+02    0.539793597736821895E+00    0.132475520850630790E+01    0.102413701421596830E-01    0.225498608113480037E+01   -0.277519719380702767E+01   -0.499962224306795544E-01   -0.973348563398264233E+01   -0.225289763238647356E+00   -0.271809234149572518E-01   -0.218226504566767149E+00   -0.939583494103891081E-01   -0.115000078956316165E+01   -0.128170986321199054E+01
    0.667958371442523430E-01   -0.289234890614918214E+02    0.609095587818511475E+00    0.115670317179999915E+01    0.902921469987715171E-02    0.225828170245757098E+01   -0.269207270723340342E+01   -0.106195715875160399E+00   -0.508557451241118663E+01   -0.132703618556956837E+00   -0.112844010860251420E+00   -0.104771541904182114E+00    0.206611534160222460E-01   -0.117194514369763625E+01   -0.127861450073775451E+01
    0.667958371442523430E-01   -0.289234890614918214E+02    0.609095587818511475E+00    0.115670317179999915E+01    0.902921469987715171E-02    0.225828170245757098E+01   -0.269207270723340342E+01   -0.106195715875160399E+00   -0.508557451241118663E+01   -0.132703618556956837E+00   -0.112844010860251420E+00   -0.104771541904182114E+00    0.206611534160222460E-01   -0.117194514369763625E+01   -0.127861450073775451E+01
    0.684503592267849403E-01   -0.290453071865626207E+02    0.524845554321812680E+00    0.133824300508578053E+01    0.887679139765185435E-02    0.224515622188927244E+01   -0.275227888624628170E+01   -0.821318662321213477E-01   -0.667872650326162098E+01   -0.212209969787351793E+00   -0.135476553534481237E+00   -0.299085398966642213E+00   -0.456773966586920405E-01   -0.110152350570883817E+01   -0.127623357857009312E+01
    0.684503592267849403E-01   -0.290453071865626207E+02    0.524845554321812680E+00    0.133824300508578053E+01    0.887679139765185435E-02    0.224515622188927244E+01   -0.275227888624628170E+01   -0.821318662321213477E-01   -0.667872650326162098E+01   -0.212209969787351793E+00   -0.135476553534481237E+00   -0.299085398966642213E+00   -0.456773966586920405E-01   -0.110152350570883817E+01   -0.127623357857009312E+01
    0.682555199533614043E-01   -0.280796961610535227E+02    0.714904019699666660E+00    0.120426268762299382E+01    0.987114847727073308E-02    0.224118870115220314E+01   -0.273078831700191138E+01   -0.101525242069164731E+00   -0.571421298909133046E+01   -0.159145206287394481E+00   -0.506037764715133592E-01   -0.206511973753445988E+00   -0.804164073466869384E-01   -0.113607857350055252E+01   -0.127612393743677699E+01
    0.682555199533614043E-01   -0.280796961610535227E+02    0.714904019699666660E+00    0.120426268762299382E+01    0.987114847727073308E-02    0.224118870115220314E+01   -0.273078831700191138E+01   -0.101525242069164731E+00   -0.571421298909133046E+01   -0.159145206287394481E+00   -0.506037764715133592E-01   -0.206511973753445988E+00   -0.804164073466869384E-01   -0.113607857350055252E+01   -0.127612393743677699E+01
    0.717609267772456316E-01   -0.316633880364767109E+02    0.624168232772531195E+00    0.121572858339990431E+01    0.987442798738813465E-02    0.223528225495480592E+01   -0.273678742526361107E+01   -0.591738461095998036E-01   -0.463590222216941239E+01   -0.169217035539100391E+00   -0.179272056259858259E+00   -0.303642267671195565E+00   -0.762479466093566038E-01   -0.111530826101318215E+01   -0.127566971329275591E+01
    0.717609267772456316E-01   -0.316633880364767109E+02    0.624168232772531195E+00    0.121572858339990431E+01    0.987442798738813465E-02    0.223528225495480592E+01   -0.273678742526361107E+01   -0.591738461095998036E-01   -0.463590222216941239E+01   -0.169217035539100391E+00   -0.179272056259858259E+00   -0.303642267671195565E+00   -0.762479466093566038E-01   -0.111530826101318215E+01   -0.127566971329275591E+01
    0.680290649139260045E-01   -0.299308248614653927E+02    0.616621270504304930E+00    0.120577025122752546E+01    0.987491881720209408E-02    0.226121924130761087E+01   -0.270766353703081819E+01   -0.548268099381818350E-01   -0.868545530061215132E+01   -0.132660224646595992E+00   -0.201252830052600987E-01   -0.187626683841670833E+00   -0.296355216349286216E-01   -0.110882604543990371E+01   -0.127536037309407813E+01
    0.680290649139260045E-01   -0.299308248614653927E+02    0.616621270504304930E+00    0.120577025122752546E+01    0.987491881720209408E-02    0.226121924130761087E+01   -0.270766353703081819E+01   -0.548268099381818350E-01   -0.868545530061215132E+01   -0.132660224646595992E+00   -0.201252830052600987E-01   -0.187626683841670833E+00   -0.296355216349286216E-01   -0.110882604543990371E+01   -0.127536037309407813E+01
    0.598691472598234103E-01   -0.300595080569044555E+02    0.740928471706568170E+00    0.128397824373213476E+01    0.935322769178192556E-02    0.224037855444367962E+01   -0.274984596093120937E+01   -0.449453718663028884E-01   -0.487678693281481213E+01   -0.149863473223642463E+00   -0.752867798206384303E-01   -0.150470037084463382E+00   -0.305741789623596577E-01   -0.113261406947625165E+01   -0.127492332749829829E+01
    0.705681286136657510E-01   -0.290286933940778731E+02    0.476384744838013074E+00    0.128449563771129793E+01    0.831058848750870771E-02    0.225295821870660617E+01   -0.274403884819584754E+01   -0.474710896039721372E-01   -0.367890859744803134E+01   -0.205939685652055476E+00   -0.594881657530745150E-01   -0.175779120746204470E+00   -0.151313729489230275E-01   -0.112543780722391307E+01   -0.127283638561596812E+01
    0.639533756292013644E-01   -0.279701252226180017E+02    0.555073550164345009E+00    0.111585872247348550E+01    0.105064315740402217E-01    0.225746404703239545E+01   -0.269563150731948875E+01   -0.806276301763035191E-01   -0.290858910425795125E+01   -0.163734854920301348E+00   -0.124646935392045063E+00   -0.139690891732016764E+00   -0.388744497657947871E-01   -0.113725608111631793E+01   -0.127185096388572783E+01
    0.664619516866875731E-01   -0.278375327031171338E+02    0.785903079592279230E+00    0.126488150848713965E+01    0.945176371897171047E-02    0.225731704744735140E+01   -0.273579862893601833E+01   -0.698645892622684894E-01   -0.486325536706675621E+01   -0.153530341851371183E+00   -0.128488524577473839E+00   -0.229301380561074852E+00   -0.143281698143677250E+00   -0.112158289546705348E+01   -0.126969752032131233E+01
    0.667555220195277521E-01   -0.295064923580629745E+02    0.824496824881921109E+00    0.125491321942725986E+01    0.102547057809761026E-01    0.224417754687329207E+01   -0.274822149962888895E+01   -0.758241640001272310E-01   -0.424925402438549327E+01   -0.204122437893927366E+00   -0.525984908600186235E-01   -0.166874264798923089E+00   -0.132675881078803126E+00   -0.114626387913322758E+01   -0.126778009270422154E+01
    0.667555220195277521E-01   -0.295064923580629745E+02    0.824496824881921109E+00    0.125491321942725986E+01    0.102547057809761026E-01    0.224417754687329207E+01   -0.274822149962888895E+01   -0.758241640001272310E-01   -0.424925402438549327E+01   -0.204122437893927366E+00   -0.525984908600186235E-01   -0.166874264798923089E+00   -0.132675881078803126E+00   -0.114626387913322758E+01   -0.126778009270422154E+01
    0.617948225082439878E-01   -0.284115090275202249E+02    0.702653331575375573E+00    0.120913587344945883E+01    0.998809146354886525E-02    0.223116505123273345E+01   -0.272445697894541006E+01   -0.705700271865756512E-01   -0.492181200406301578E+01   -0.192292634243680483E+00   -0.105265152583131114E+00   -0.247571365719688852E+00   -0.527972490417803197E-01   -0.115089753547645901E+01   -0.126648434646049002E+01
    0.617948225082439878E-01   -0.284115090275202249E+02    0.702653331575375573E+00    0.120913587344945883E+01    0.998809146354886525E-02    0.223116505123273345E+01   -0.272445697894541006E+01   -0.705700271865756512E-01   -0.492181200406301578E+01   -0.192292634243680483E+00   -0.105265152583131114E+00   -0.247571365719688852E+00   -0.527972490417803197E-01   -0.115089753547645901E+01   -0.126648434646049002E+01
    0.672983131609641433E-01   -0.290555441803923280E+02    0.528804530158747954E+00    0.125286731387686201E+01    0.109923876075591134E-01    0.224277801119371434E+01   -0.280853363571989600E+01   -0.724621879166069960E-01   -0.363756747136933445E+01   -0.194001396081161626E+00   -0.137346987050117969E+00   -0.184366227825353890E+00    0.368460906717267417E-01   -0.111730677723690897E+01   -0.126647642302688479E+01
    0.676394252922599276E-01   -0.292742272274671969E+02    0.659253105827406038E+00    0.126527314408380431E+01    0.986005057399869621E-02    0.223359290227813512E+01   -0.268414731788850380E+01   -0.655454609341258043E-01   -0.307753208020808522E+01   -0.228508299114287272E+00   -0.948117913212658953E-01   -0.371061020627928284E-01   -0.478599775045319489E-01   -0.116516859206757406E+01   -0.126612391466490082E+01
    0.676394252922599276E-01   -0.292742272274671969E+02    0.659253105827406038E+00    0.126527314408380431E+01    0.986005057399869621E-02    0.223359290227813512E+01   -0.268414731788850380E+01   -0.655454609341258043E-01   -0.307753208020808522E+01   -0.228508299114287272E+00   -0.948117913212658953E-01   -0.371061020627928284E-01   -0.478599775045319489E-01   -0.116516859206757406E+01   -0.126612391466490082E+01
    0.623566980530871201E-01   -0.276582667829893829E+02    0.582693181059025900E+00    0.135815927488780330E+01    0.994559683677083764E-02    0.226050801181162075E+01   -0.274757723380377206E+01   -0.658234821914517043E-01   -0.588233563861523834E+01   -0.112013336851345777E+00    0.250221849234030652E-01   -0.178623820630277708E+00   -0.125567952140051065E+00   -0.114233169723975525E+01   -0.126546259311550280E+01
    0.666438652528634073E-01   -0.296664071466916859E+02    0.564920957019674042E+00    0.129138163682220153E+01    0.936162455195051896E-02    0.224678930709002067E+01   -0.265664090909285644E+01   -0.105090754221917326E-01   -0.386109099015489932E+01   -0.214104059683641490E+00   -0.741225045291932227E-01   -0.220402075697448657E+00   -0.577889745099310279E-01   -0.112317107706872932E+01   -0.126394530934883909E+01
    0.718504244596955000E-01   -0.284100058819618972E+02    0.837208254590327550E+00    0.121480910124519781E+01    0.892299738086902577E-02    0.224894304959661318E+01   -0.272906538479117433E+01   -0.573132473892302291E-01   -0.577857618879839663E+01   -0.286602064498606202E+00   -0.775853617047156940E-01   -0.227880892866354268E+00   -0.155976587472390071E+00   -0.118582036909656674E+01   -0.126032684039827947E+01
    0.673678863045965026E-01   -0.300001160152466682E+02    0.643475718976299627E+00    0.127643318486557256E+01    0.977918502254451934E-02    0.224532016529877065E+01   -0.272846815344244531E+01   -0.258791032733044976E-01   -0.418559059443344861E+01   -0.161222660348025126E+00   -0.154390904800450757E-01   -0.173023469391531598E+00   -0.466451359141105554E-01   -0.111514622288465959E+01   -0.125992288186533297E+01
    0.684828274479594157E-01   -0.296899301504236703E+02    0.574399373143066327E+00    0.116740682658396144E+01    0.860921590923191017E-02    0.224615367224074758E+01   -0.275602061787892305E+01   -0.540863075747786970E-02   -0.419201432488550463E+01   -0.174268830255985330E+00   -0.547437742442628272E-01   -0.220520306447041264E+00   -0.144438521512076451E+00   -0.114471427131381454E+01   -0.125886500940219226E+01
    0.667673275307281017E-01   -0.311893548000920227E+02    0.696320681836064770E+00    0.132143557289553093E+01    0.987156206567059609E-02    0.224665328631948880E+01   -0.273236615976186092E+01   -0.152908965122862117E-01   -0.584162355988607018E+01   -0.167198093071768555E+00   -0.169035820701551320E-01   -0.187297864699779687E+00   -0.765128893969534152E-01   -0.116531550900050007E+01   -0.125687009789245763E+01
    0.617757625601611585E-01   -0.300183848142592211E+02    0.469534855285657027E+00    0.127011958379394652E+01    0.104665442045032159E-01    0.224307621336477236E+01   -0.279778065099638384E+01   -0.795352270506715364E-01   -0.497389992129272596E+01   -0.853769935850725858E-01   -0.130815915885948653E+00   -0.171771713612437205E+00   -0.320835736013417305E-01   -0.119151978808067960E+01   -0.125625872296486762E+01
    0.617757625601611585E-01   -0.300183848142592211E+02    0.469534855285657027E+00    0.127011958379394652E+01    0.104665442045032159E-01    0.224307621336477236E+01   -0.279778065099638384E+01   -0.795352270506715364E-01   -0.497389992129272596E+01   -0.853769935850725858E-01   -0.130815915885948653E+00   -0.171771713612437205E+00   -0.320835736013417305E-01   -0.119151978808067960E+01   -0.125625872296486762E+01
    0.696083468142350142E-01   -0.283749387217151536E+02    0.396371316546699326E+00    0.127684955379380094E+01    0.108123222868465561E-01    0.225458372398567164E+01   -0.272958754286246563E+01   -0.705806144235894550E-01   -0.847515718151996644E+01   -0.163335664338147918E+00   -0.122188640573659774E+00   -0.196664468465912234E+00   -0.148454930777338401E+00   -0.113483644662038663E+01   -0.125364827758793118E+01
    0.578682857393181677E-01   -0.279314244394697155E+02    0.541334526000428418E+00    0.121854804117154547E+01    0.899158543237154294E-02    0.224708393820291663E+01   -0.276103542548871284E+01   -0.798867150275553856E-01   -0.571090576452247056E+01   -0.220074041769235035E+00    0.322105546967955542E-01   -0.785933240759450896E-01   -0.106554489037707922E+00   -0.112596669920730719E+01   -0.125302160877164126E+01
    0.726635620142383337E-01   -0.278875293387978473E+02    0.715045060701786861E+00    0.122107005479397124E+01    0.925778256760685474E-02    0.224417850057902779E+01   -0.279399529399845337E+01   -0.303526217012174832E-01   -0.569741345860777404E+01   -0.157060782111594077E+00   -0.941148719832894526E-01   -0.228694322128272676E+00   -0.296427683477895956E-01   -0.114547154013474306E+01   -0.125089770066300998E+01
    0.638268500138381711E-01   -0.301081804412361187E+02    0.688773335261484765E+00    0.125150259554120358E+01    0.945436634515902166E-02    0.224484128159880036E+01   -0.277582347572848143E+01   -0.820771726080694458E-01   -0.819989570281846980E+01   -0.188519192830077231E+00   -0.108788648604760632E+00   -0.252197284163613533E+00   -0.108012680289072960E+00   -0.112583409819373959E+01   -0.125060520290416077E+01
    0.676129948033006023E-01   -0.290706149469116859E+02    0.703119821815750057E+00    0.124042823419734605E+01    0.106693587069265593E-01    0.224539037560098587E+01   -0.272044805261954625E+01   -0.621063607631442624E-01   -0.413382046641202372E+01   -0.189448692577319805E+00    0.826500802267175344E-01   -0.176403925718064514E+00   -0.887488236818879950E-02   -0.115033385032457369E+01   -0.125018582028937408E+01
    0.668622452425256114E-01   -0.289869346937926373E+02    0.624552373247919901E+00    0.134391355701542969E+01    0.889250621746979705E-02    0.225358169165812638E+01   -0.267698521745418994E+01   -0.383139975573977554E-01   -0.471913750699926560E+01   -0.216419754929763425E+00   -0.761585696603447188E-01   -0.135833061372498343E+00   -0.109774886692402485E+00   -0.113640217048643066E+01   -0.124996584161318647E+01
    0.611027653666274886E-01   -0.281020837663636058E+02    0.646345478764420500E+00    0.128900395734784445E+01    0.994733511303008341E-02    0.225603179300356294E+01   -0.274501440453844836E+01   -0.432086029809752928E-01   -0.589235404198871660E+01   -0.224409822725759683E+00   -0.111045662405516610E+00   -0.150140690084049760E+00    0.201655723127285025E-01   -0.112213204106799624E+01   -0.124649983290976896E+01
    0.650015658501447852E-01   -0.286825491550275231E+02    0.701536291009774104E+00    0.126547473287317946E+01    0.983673159837860842E-02    0.224730493856384372E+01   -0.271458312291364301E+01   -0.853458024603493404E-01   -0.171039706875239172E+01   -0.184387284000977786E+00   -0.137632838492244752E+00   -0.180021864536741294E+00   -0.147704731208073037E+00   -0.116059866666854927E+01   -0.124610337157047923E+01
    0.673426896805421060E-01   -0.293073763441283397E+02    0.549167352911398066E+00    0.123123907825383316E+01    0.983226433858192146E-02    0.222887077098161512E+01   -0.275584884353243353E+01   -0.573677799733113003E-01   -0.391219320091305800E+01   -0.248657634865009414E+00   -0.356335955692857753E-01   -0.134866395613934154E+00   -0.834406752323992862E-01   -0.115170433284366291E+01   -0.124553932359286379E+01
    0.618358165961662987E-01   -0.307149291049617688E+02    0.651106709994612065E+00    0.121037294653512495E+01    0.849759535493060068E-02    0.225460627140389391E+01   -0.275120707275153631E+01   -0.615882073743728026E-01   -0.563097522404651407E+01   -0.252282634789033289E+00    0.509533017084926043E-02   -0.238857390966679350E+00   -0.959280581184109860E-01   -0.112303850783134873E+01   -0.124529853533777946E+01
    0.728219346646672150E-01   -0.306525151554682722E+02    0.687833148675505379E+00    0.121798267827768303E+01    0.920668193588831257E-02    0.224759915747877193E+01   -0.277480480017890940E+01   -0.730113823902295150E-01   -0.386408030666637892E+01   -0.217244211027143197E+00   -0.116155748261582703E+00   -0.222559703767134853E+00   -0.487862668640018787E-01   -0.113263144788001280E+01   -0.124528946651741945E+01
    0.652145172218466240E-01   -0.274124735745816679E+02    0.646031730387607195E+00    0.121007534733875666E+01    0.944144287810283651E-02    0.224501614116111314E+01   -0.269090100061806625E+01   -0.572604171456327082E-01   -0.616247990459231065E+01   -0.153249701644373182E+00   -0.111503454725364520E+00   -0.200155497539682342E+00   -0.534986032275170109E-01   -0.116597177125059970E+01   -0.124411258814200809E+01
    0.686003816787292969E-01   -0.294335559318401359E+02    0.837429157142361102E+00    0.123705065323412389E+01    0.891999288555229107E-02    0.224325600217393939E+01   -0.275374797360305701E+01   -0.698786405761870344E-01   -0.673047343412962285E+01   -0.187665901270815560E+00   -0.322115406730156123E-01   -0.139594964182638864E+00    0.493226638698181230E-02   -0.115364068693303023E+01   -0.124394197659847117E+01
    0.678300243187762858E-01   -0.253765364014131265E+02    0.663668823290169851E+00    0.130454822435652296E+01    0.949984237173522039E-02    0.226604193144403032E+01   -0.275414899150596959E+01   -0.656542490530215850E-01   -0.492031762980030152E+01   -0.168720197369419317E+00   -0.634508607649448275E-01   -0.232537015117420309E+00    0.608080971463576953E-01   -0.112468499977186664E+01   -0.124322801639782399E+01
    0.602578072270456566E-01   -0.293562650871419564E+02    0.624821188736740196E+00    0.124723103040715544E+01    0.951751661354631635E-02    0.224177640856107274E+01   -0.273023770659954756E+01   -0.393656759050477548E-01   -0.447131744232792006E+01   -0.130346294820960162E+00   -0.594378851638308406E-01   -0.102264077174320386E+00   -0.112463713175692953E-02   -0.114615968113913791E+01   -0.124259971976664318E+01
    0.560549944186780544E-01   -0.275450563550941503E+02    0.610736329480524032E+00    0.125515729066225901E+01    0.101618354094099202E-01    0.225422510680996657E+01   -0.272292757351170289E+01   -0.856055810272116635E-01   -0.555412238782708290E+01   -0.199665815882793168E+00   -0.173334187054024508E+00   -0.211664116112184136E+00   -0.194951917565697394E-01   -0.116114453836536824E+01   -0.124165895027166329E+01
    0.689482747138526475E-01   -0.300741931250648165E+02    0.734315702490246247E+00    0.128235747938754274E+01    0.936341905976686810E-02    0.225746224136626239E+01   -0.267248578631584532E+01   -0.391211586717521154E-01   -0.382937035754883848E+01   -0.223138886634353301E+00   -0.940143449504729500E-01   -0.670398450992893968E-01   -0.464401047674146000E-01   -0.114674104855472625E+01   -0.124163192603207939E+01
    0.622794922766796571E-01   -0.281278477553630175E+02    0.678481195375310819E+00    0.124995062573250304E+01    0.984421937325563080E-02    0.224117035696088029E+01   -0.275430717970046679E+01   -0.733931337565132541E-01   -0.442742482539463733E+01   -0.127914719919356101E+00   -0.134964398321117479E+00   -0.141325425745811528E+00   -0.708717166823557704E-01   -0.115274689789326179E+01   -0.124051771451536141E+01
    0.616873509031682782E-01   -0.311562281072596718E+02    0.622015307722812660E+00    0.112031354954753315E+01    0.933467975851201733E-02    0.222905944945828560E+01   -0.277536926233980985E+01   -0.852879177290696983E-01   -0.715468986144392982E+01   -0.175597232368441769E+00   -0.112223388346215647E-01   -0.173669831696276117E+00    0.215913580696021207E-01   -0.115760623491363690E+01   -0.123924911698669038E+01
    0.753685436442152745E-01   -0.301128295751177966E+02    0.617580186400709219E+00    0.134469180714001757E+01    0.996283180721287652E-02    0.225296896210569653E+01   -0.276800128770256171E+01   -0.937163486138577612E-01   -0.480299306951354321E+01   -0.257566524941500730E+00    0.563712846278115604E-01   -0.193170498289830045E+00   -0.153418238834316156E+00   -0.113965028738413099E+01   -0.123713710329408189E+01
    0.529053003991122178E-01   -0.303180291326917555E+02    0.752021573960532264E+00    0.120487874298902264E+01    0.917930196145421741E-02    0.224196662391438784E+01   -0.279044361055933621E+01   -0.492805320465004859E-01   -0.411926936775382568E+01   -0.184284059633716718E+00   -0.530567750909792940E-01   -0.186146741365196822E+00   -0.768901336383504691E-01   -0.115908334021069148E+01   -0.123431431222203414E+01
    0.605141428493897529E-01   -0.298666608123202764E+02    0.773079858476236059E+00    0.123668959292026748E+01    0.935944047507975344E-02    0.224829064557421443E+01   -0.271584731092899645E+01   -0.414917395510383605E-01   -0.559237931041832770E+01   -0.136409760582892892E+00   -0.126665933223596011E+00   -0.267016685567270207E+00    0.211921891588022770E-01   -0.114913665264785902E+01   -0.123427991096279732E+01
    0.594813092452868772E-01   -0.293427264831627745E+02    0.663179746065485576E+00    0.129279829055275020E+01    0.861073273727613712E-02    0.225139481918765805E+01   -0.278183118094259063E+01   -0.547119552618681587E-01   -0.352095189309727363E+01   -0.207027014068349974E+00    0.375411455799373461E-01   -0.152807173686010545E+00   -0.115843138957719194E+00   -0.111952306056233675E+01   -0.123353157101760891E+01
    0.692417845261755899E-01   -0.266384110794402389E+02    0.629173915579288145E+00    0.125996477521189121E+01    0.100493669982696047E-01    0.225716098212495631E+01   -0.274283426519744866E+01   -0.485468934957145187E-01   -0.518688074498867291E+01   -0.163618061804012505E+00   -0.271275092770318083E-01   -0.218172006777186650E+00   -0.436382189643225171E-01   -0.112926699057098578E+01   -0.123292419838107992E+01
    0.648399960122708618E-01   -0.277284458915256593E+02    0.555813375785013219E+00    0.122112771650198093E+01    0.983348686580716447E-02    0.222947338971094089E+01   -0.274784236076727861E+01   -0.136848442174392904E-01   -0.513092496993776415E+01   -0.234013274736638188E+00   -0.143200867667440168E+00   -0.166800637985677902E+00   -0.799790317323156447E-01   -0.118490674965208753E+01   -0.121462016440239529E+01
    0.545804433692946081E-01   -0.287416943844918293E+02    0.528143183004461947E+00    0.119825352214015513E+01    0.932623654387595459E-02    0.225958655167109379E+01   -0.274640287983072628E+01   -0.522024704526440342E-01   -0.229129467190871949E+01   -0.220804638920197971E+00   -0.298273026596909338E-01   -0.170785034623475690E+00    0.111243158763132954E-01   -0.114217436106536652E+01   -0.120976601057135014E+01
    0.659388998369332818E-01   -0.272708455677222830E+02    0.740037839714716039E+00    0.122164515490547632E+01    0.941533149991283756E-02    0.223724477914146380E+01   -0.277773799124796472E+01   -0.312173271236999526E-01   -0.434340600443036529E+01   -0.199235400839818610E+00   -0.395777917573223031E-01   -0.244870926551783746E+00   -0.112330891274906086E+00   -0.117657210559781400E+01   -0.121859318575975206E+01
    0.615759395667361473E-01   -0.291323784826955965E+02    0.599631197550743122E+00    0.127160347737109891E+01    0.976001533448100748E-02    0.225439943639550000E+01   -0.277494445462393058E+01   -0.562928804906793825E-01   -0.550784031812804731E+01   -0.186921367921324882E+00   -0.554556167752879234E-01   -0.203089809953676703E+00   -0.158705060147410565E+00   -0.113429541938284362E+01   -0.122715280365147783E+01
    0.656785287243732557E-01   -0.299405625178224781E+02    0.620652511811329743E+00    0.116906095850862579E+01    0.921122521117005884E-02    0.226193352726667118E+01   -0.269678753838688712E+01   -0.581432941204017145E-01   -0.547935848906214673E+01   -0.198146255382418840E+00   -0.323796640260854279E-01   -0.227847690264981306E+00   -0.921770716611949037E-01   -0.116950797064332712E+01   -0.123182112961466994E+01
    0.612447954581819207E-01   -0.291851758046552554E+02    0.705718406383885388E+00    0.130425112145030009E+01    0.958994722766756853E-02    0.226084305210050251E+01   -0.272580542154283290E+01   -0.538788199834931772E-01   -0.627488582013079910E+01   -0.179984705585098104E+00   -0.142157410517138899E+00   -0.176383792304382725E+00   -0.104766209669300003E+00   -0.115581791427725178E+01   -0.122628744279903379E+01
    0.665476573200350779E-01   -0.302904873894644915E+02    0.675286956877540812E+00    0.124958314058732123E+01    0.938613718920603551E-02    0.225305582648343483E+01   -0.273706536916993581E+01   -0.209344084504399439E-01   -0.543073764750250287E+01   -0.160783173112099970E+00   -0.177260309672504862E+00   -0.203576907449115579E+00   -0.135390037775467431E+00   -0.112581288679147096E+01   -0.122997185891192773E+01
    0.645391305591027087E-01   -0.301187511369355398E+02    0.372306239695544383E+00    0.122687148605564600E+01    0.881892329572652942E-02    0.223865374983829435E+01   -0.277622598853226688E+01   -0.531050616346148557E-01   -0.748493469826270097E+01   -0.123101464032133651E+00   -0.931172198701563786E-01   -0.208720469688219501E+00   -0.989521024869915167E-01   -0.115051972013572912E+01   -0.122314689632523232E+01
    0.645930199262606669E-01   -0.309777082044088168E+02    0.682722260010705351E+00    0.126823953416942148E+01    0.962787914906189542E-02    0.225797870668259115E+01   -0.276978250979015428E+01   -0.433241471483770402E-01   -0.630856039572603233E+01   -0.175338171351619776E+00    0.139084568597191149E-01   -0.162405290302850336E+00   -0.409752583277163268E-01   -0.114149309958647538E+01   -0.121128005950433448E+01
    0.627071882261419633E-01   -0.290154465612266392E+02    0.669967143386073993E+00    0.127389661718548863E+01    0.865705939192370523E-02    0.225905816144315930E+01   -0.275308650620824524E+01   -0.560944905996117738E-01   -0.742165171393789880E+01   -0.178874620924221628E+00   -0.146052058948974689E+00   -0.219992417820127600E+00   -0.859380021565779861E-01   -0.112797926425392547E+01   -0.123267019568790870E+01
    0.661042477120681593E-01   -0.313095830052912873E+02    0.584259599649986416E+00    0.138094824678594130E+01    0.839198335911185180E-02    0.226466733743767001E+01   -0.274940105776075061E+01   -0.658195172393685746E-01   -0.808243916942423546E+01   -0.255290653492288799E+00   -0.152236780464042820E+00   -0.244038576951020159E+00    0.614120795170284284E-01   -0.113038423246376496E+01   -0.121322664799520408E+01
    0.633763911649870004E-01   -0.282142374481151919E+02    0.675012033570233094E+00    0.123684981526807336E+01    0.926081349382475161E-02    0.225532456486695354E+01   -0.276831002265759141E+01   -0.974396284740131347E-01   -0.498606993174038937E+01   -0.278846621882981482E+00   -0.123797349694996089E-01   -0.148690409468750229E+00   -0.413201747111011791E-02   -0.114173698226438991E+01   -0.122854176178576036E+01
    0.674492177816355676E-01   -0.280747794121796836E+02    0.410833567671556099E+00    0.130725530732451589E+01    0.964852057678798614E-02    0.225816192668793470E+01   -0.276247175216297025E+01   -0.103315723591940883E+00   -0.625708624029947647E+01   -0.133612454885596921E+00   -0.137870545352340890E+00   -0.254328488151940979E+00   -0.536498577134637625E-01   -0.117107712473417980E+01   -0.119312578017973836E+01
    0.730535690977124619E-01   -0.288832605251258592E+02    0.547622133013051182E+00    0.121616420863472441E+01    0.106042352512914755E-01    0.224397366239190443E+01   -0.281927485305797276E+01   -0.537919739419038465E-01   -0.403238885451402318E+01   -0.239255824854275795E+00   -0.162701620477993192E+00   -0.155013959187027872E+00    0.590163171297406197E-01   -0.115709289297489071E+01   -0.119495745477009208E+01
    0.689989320245211063E-01   -0.297047536484819901E+02    0.435935556126399004E+00    0.125198765063973294E+01    0.102285594695736178E-01    0.225414263894562472E+01   -0.276667197000994580E+01   -0.346421051841481475E-01   -0.755275421210889153E+01   -0.195086317838633949E+00   -0.313485343607815270E-02   -0.231691346633023765E+00    0.963605038279640724E-01   -0.111755049767887060E+01   -0.121771575365043350E+01
    0.738726190105221947E-01   -0.282589184814926995E+02    0.667066717193708469E+00    0.128710643464507579E+01    0.943068403801831587E-02    0.225266015054331215E+01   -0.278918663170476844E+01   -0.401816278218543182E-01   -0.336183012058378594E+01   -0.251787171683610367E+00   -0.152698008979305078E+00   -0.194814174917344207E+00   -0.251650933771753946E-01   -0.113499611979687809E+01   -0.121930561783520397E+01
    0.651539445696731334E-01   -0.287741216390142078E+02    0.490682474466190122E+00    0.118667659848072282E+01    0.103371742241770721E-01    0.224539533401735669E+01   -0.273225934776521084E+01   -0.637274122003809174E-01   -0.551485806419980218E+01   -0.140709398905019101E+00    0.146841102275316049E-01   -0.210483960587478008E+00    0.143932839489735453E-02   -0.117231926012659615E+01   -0.120870539768386220E+01
    0.685303995395072779E-01   -0.279928982790029401E+02    0.568155111670847091E+00    0.140546595915269412E+01    0.807379327901370028E-02    0.224160436397780938E+01   -0.278070849353626093E+01   -0.548701444397648314E-01   -0.555233277885613496E+01   -0.155612657972872243E+00   -0.191778520808198849E+00   -0.230523890502906975E+00   -0.499913307566963380E-01   -0.117627574885203545E+01   -0.120221107350475798E+01
    0.649715433207712911E-01   -0.285633747824589221E+02    0.725069642421080740E+00    0.124015425926911438E+01    0.857826015911797995E-02    0.224644764659628393E+01   -0.276395227974199065E+01    0.248891383738656519E-02   -0.731589404348093186E+01   -0.255569821017659737E+00   -0.610241221651328936E-01   -0.196520273321756367E+00    0.377748447727033199E-01   -0.115466973897965519E+01   -0.121726915024912508E+01
    0.755255098004174175E-01   -0.294554137290494609E+02    0.581498892081615426E+00    0.128340822293605994E+01    0.100293351249844780E-01    0.225245564574446400E+01   -0.278670535659428698E+01   -0.874257594889533973E-02   -0.518505531623964622E+01   -0.209739130871472140E+00    0.785851660725169349E-01   -0.159872040348857603E+00   -0.108612859997753192E+00   -0.112885904369697565E+01   -0.120152900274910857E+01
    0.615350240284537470E-01   -0.297769890490102398E+02    0.489840246261374790E+00    0.120632176041114025E+01    0.103138881110783464E-01    0.225450433428629182E+01   -0.274593392078543541E+01   -0.560572486330272735E-01   -0.566306428240687953E+01   -0.997347851179749834E-01   -0.156110407595947048E+00   -0.224358029279578819E+00   -0.835810877114227802E-01   -0.116109318795338412E+01   -0.120925525453213223E+01
    0.672164985902547335E-01   -0.293238833500407345E+02    0.765955285048310897E+00    0.121411030632484374E+01    0.919146846543134576E-02    0.226647742510927452E+01   -0.274079217539257280E+01   -0.809372987603061977E-01   -0.525975140568610033E+01   -0.163485388844006319E+00   -0.170054836804053422E+00   -0.157741940076923465E+00   -0.976002891757625501E-01   -0.117162691068237557E+01   -0.122617784552150511E+01
    0.680112249191843904E-01   -0.278470489794966589E+02    0.554919370721258742E+00    0.133964113925801054E+01    0.918515592502081035E-02    0.226209978981255322E+01   -0.280960936345195122E+01   -0.698975292448253682E-01   -0.609538895754544807E+01   -0.227179991188534491E+00   -0.114638003530256188E+00   -0.242687693490130391E+00    0.230173698328095533E-02   -0.116581827012222305E+01   -0.117429840218243364E+01
    0.738241528969986183E-01   -0.282105290372269089E+02    0.604504986055359295E+00    0.133481249489051290E+01    0.972608819998115742E-02    0.225653637842449450E+01   -0.272337066318763688E+01   -0.577740229893915630E-01   -0.418776821362391338E+01   -0.219327811797446787E+00   -0.643280180574743732E-01   -0.209117703790821702E+00   -0.119330234724312145E+00   -0.113603648068985486E+01   -0.122850338040685569E+01
    0.631863201771539207E-01   -0.280199289354825325E+02    0.573036087781863102E+00    0.120553520614290255E+01    0.932627095049181135E-02    0.226704479930552250E+01   -0.279159227284234257E+01   -0.105718197771350705E+00   -0.522765486655929035E+01   -0.260723815990875962E+00    0.734335298898469713E-02   -0.195348058719286760E+00   -0.204450138746121307E-02   -0.114397616557293502E+01   -0.122244603925540041E+01
    0.640098736143445146E-01   -0.282298453379972933E+02    0.603640677236469081E+00    0.122550797463493799E+01    0.106385462643177262E-01    0.227044866137073820E+01   -0.277474310066593999E+01   -0.883196307325696123E-02   -0.471047619717980481E+01   -0.155159830463424103E+00   -0.590146997735743056E-01   -0.131861564888570371E+00   -0.348214450738941750E-01   -0.115240497408145481E+01   -0.117374391330964989E+01
    0.631662168614152836E-01   -0.278092488103401685E+02    0.624515990243885821E+00    0.126594249919127733E+01    0.918648589916893840E-02    0.226712365698467799E+01   -0.280638779979638553E+01   -0.669635051624116739E-01   -0.533273271947666228E+01   -0.135525121892534822E+00    0.428106699123256412E-01   -0.201480883028349295E+00    0.107344744543959592E-01   -0.117192082325228908E+01   -0.117958717851600303E+01
    0.653998581091583681E-01   -0.281784461272218536E+02    0.753607034432098644E+00    0.114904269901123657E+01    0.103303452959057056E-01    0.224123188136879570E+01   -0.272071853294287580E+01   -0.291939224800837893E-01   -0.444210918527647536E+01   -0.252179667520291417E+00   -0.192664559621149756E+00   -0.236919574256717114E+00    0.198732944324453292E-01   -0.115613910532793751E+01   -0.122949595483129026E+01
    0.643835095248041778E-01   -0.296097148869045768E+02    0.485550986175099841E+00    0.120412903434436558E+01    0.996435672364608116E-02    0.224279881440784967E+01   -0.278522930038139549E+01   -0.695943255773603248E-01   -0.505290069577358469E+01   -0.202578355380524072E+00   -0.497808213802113375E-01   -0.158441962175235429E+00   -0.568333069693733733E-01   -0.114479316768838046E+01   -0.122091939919730197E+01
    0.689527206611294241E-01   -0.294808621993646440E+02    0.567000598657968258E+00    0.134150041988097679E+01    0.883311587483160375E-02    0.224788904647037580E+01   -0.277905396684673356E+01   -0.299655382165918312E-01   -0.381730555222545620E+01   -0.154945775514527678E+00   -0.453972111199161532E-01   -0.325328733504013978E+00   -0.522052080838848187E-01   -0.114472952054125887E+01   -0.119905216035533080E+01
    0.669762886421854109E-01   -0.285921643938711227E+02    0.615277701488796458E+00    0.125969537415748634E+01    0.104028192757565190E-01    0.224648961043941808E+01   -0.277204375275261627E+01   -0.835983983682614812E-01   -0.337878058652741320E+01   -0.164938272274334052E+00   -0.443170912777567719E-01   -0.199302314146035608E+00   -0.461101971224631910E-01   -0.119018822745795783E+01   -0.120374415742092400E+01
    0.766176741989765264E-01   -0.289975023415008906E+02    0.651256620517693063E+00    0.128430734637638388E+01    0.103704855681317383E-01    0.225834534090945160E+01   -0.277029700856019190E+01   -0.172720057748637773E-01   -0.609303195873331926E+01   -0.206461606342583870E+00   -0.186856628659060053E-02   -0.191518555094596282E+00   -0.335087622639668459E-01   -0.115711026952534146E+01   -0.118294202793114933E+01
    0.722331007323967489E-01   -0.297887051948299018E+02    0.479331557051799417E+00    0.120433174686780320E+01    0.977505840241002684E-02    0.225436916308694935E+01   -0.277640519894810067E+01   -0.354188847622067121E-01   -0.643004104574500346E+01   -0.189954718149912105E+00   -0.153376580057338341E+00   -0.304459444190364192E+00   -0.223292342879229944E-01   -0.112656824272633127E+01   -0.122322219260544318E+01
    0.651268917868881581E-01   -0.291517388395866206E+02    0.702794160871384244E+00    0.122187988733342556E+01    0.100685419488197245E-01    0.225754346348548163E+01   -0.279027277339714130E+01   -0.657490016519075848E-01   -0.561246120758706635E+01   -0.187241577152167382E+00   -0.862506773184271852E-01   -0.227103084775350211E+00   -0.238820748688475873E-01   -0.113239571644560755E+01   -0.121103513190848733E+01
