    0.494872428756208613E-01   -0.173730680321851132E+02    0.142367426687648257E+01    0.110324930450183523E+01    0.178228334263343027E-02    0.149381438765674446E+01   -0.218726311489375647E+01   -0.612235876862400469E-01   -0.328781930570233660E+01   -0.587575252705699741E-01   -0.652838551837559011E-02   -0.118274119253909210E+00    0.310838532128036027E-01   -0.107252835573548988E+01   -0.169060440063476562E+02
    0.240438435967407771E-01   -0.121902445552778822E+02    0.113907039087382089E+01    0.118969994660576583E+01    0.159126565939131694E-01    0.180709637204308438E+01   -0.108350944218732215E+01   -0.220289209143909065E+00   -0.379783454758215733E+01   -0.422656643287513678E-01   -0.123771174717074411E+00   -0.149351204702496687E-01   -0.219046659491445472E+00   -0.102943786572526097E+01   -0.145455191476004462E+02
    0.760736371145762230E-01   -0.277705054999782313E+02    0.268380624872255835E+00    0.143779849786252512E+01    0.139582194607863024E-01    0.159673869271031021E+01   -0.153519913153779375E+01   -0.207639052980402652E-01   -0.352566867032869924E+01   -0.379236143609052001E+00   -0.643139668079525662E-01   -0.575919125588775227E+00   -0.299484450280911363E+00   -0.113273436748622869E+01   -0.142746353149414062E+02
    0.627400376762508732E-01   -0.200583217415490402E+02    0.917448917169909395E+00    0.129970687784054295E+01    0.170295450882590599E-01    0.164320035892278504E+01   -0.211767668313526336E+01   -0.233450441768796868E+00   -0.100647102812771916E+01   -0.640453014756121375E+00   -0.147302179918421372E+00    0.454202613741280570E+00   -0.267641789542434005E+00   -0.109451101069397350E+01   -0.142274954659598212E+02
    0.517223139041315186E-01   -0.272542581630589851E+02    0.911540839776658340E+00    0.140030033568287138E+01    0.148113412663580472E-01    0.186973701128205327E+01   -0.125344745555887194E+01   -0.201211017333171704E+00   -0.594435081894086359E+01   -0.519348074362109835E-01   -0.660441717965614822E-01    0.381230901064036232E+00   -0.591452213322457010E-01   -0.105726681548633095E+01   -0.142123402186802448E+02
    0.710519691328833219E-01   -0.185375975193924560E+02    0.794330816826495534E+00    0.392519049406056642E+00    0.151822617209123427E-01    0.162382900758624338E+01   -0.185401116557603940E+01   -0.136940679412929089E+00    0.154103092230153838E+00   -0.148127130501287174E+00   -0.200404955997971118E+00   -0.228491131488312627E+00   -0.466756125177263448E+00   -0.104756127801301369E+01   -0.140118070329938611E+02
    0.102445283992914249E+00   -0.297086357127434617E+02    0.119460364829148213E+01    0.106552566491220624E+01    0.126652931529766498E-01    0.174914610719947849E+01   -0.243852548001541169E+01   -0.129479979749651253E+00   -0.310024792737677490E+01   -0.154624766951397513E+00   -0.852978215973361625E-01   -0.110320242131882545E+00   -0.483830601006602246E+00   -0.103206447763467035E+01   -0.139383850097656250E+02
    0.814731767853801719E-01   -0.294705078207341202E+02    0.363135347465765479E+00    0.136201516240858145E+01    0.881248546616104043E-02    0.166232238602693028E+01   -0.143866566286754072E+01   -0.139016793247488724E+00   -0.127580805044553269E+00   -0.134454423756064562E+00   -0.111319635942930234E+00   -0.577762378504966534E-01   -0.211197400246539796E+00   -0.105252833549034608E+01   -0.139161518641880573E+02
    0.247734094997257986E-01   -0.139556882861062448E+02    0.808550484026954952E+00    0.823859151670242928E+00    0.100723624523263965E-01    0.147570602232329295E+01   -0.924054137616368676E+00   -0.171636433969441116E+00   -0.570675326705089603E+01    0.110537280916538500E+00    0.350329383167121353E-01   -0.242742616445596276E+00    0.451823257792992039E-01   -0.104299316900196892E+01   -0.139099033900669635E+02
    0.845081913941802543E-01   -0.188786840441014796E+02    0.894370246138770697E+00    0.140615676656610256E+01    0.153211445275111147E-01    0.148823798593658374E+01   -0.121742197166317401E+01   -0.188668309230293652E+00   -0.326499767573500987E+01   -0.111829366010107067E+00   -0.125959068968974658E+00   -0.225550338664601557E-01   -0.108134277693015687E+00   -0.109779735162424252E+01   -0.136816035679408490E+02
    0.158376549156605817E-01   -0.112624481978652824E+02    0.100544739684919193E+01    0.863332420567320513E+00    0.954885241021170492E-02    0.159001514698920587E+01   -0.244696734498583801E+01   -0.637193747774947999E-01    0.568334976433913930E+01   -0.771058353044398737E-01   -0.140812269372536325E+00    0.125966482728688461E+00   -0.274027962476018905E+00   -0.102858319412193766E+01   -0.134936272757393976E+02
    0.467680544709514340E-01   -0.162426631015193941E+02    0.319756308780794252E+00    0.874642745665916599E+00    0.148916774874906579E-02    0.153913256820889788E+01   -0.108273489929862232E+01   -0.173092748209259212E+00   -0.142456331856751603E+02    0.395572516049400025E-01   -0.285308502934791319E+00   -0.435401207610299601E+00   -0.860367641868986094E-01   -0.101028142269779941E+01   -0.134098074776785712E+02
    0.133729077464923185E+00   -0.116173265576655655E+02    0.115168577291403551E+01    0.911237108353971204E+00    0.663026115359416357E-02    0.145185459857260590E+01   -0.244108248204271749E+01   -0.147187374307502783E+00   -0.330673426889030964E+01    0.371783328195922635E-01   -0.279287340911559934E+00   -0.200213670409767869E+00   -0.110819134490792698E+00   -0.100422869663126990E+01   -0.132057811192103802E+02
    0.836603320448392335E-01   -0.895000033707436593E+01    0.102359704192306911E+01    0.726235262169732443E+00    0.167476424232231511E-01    0.155456593896290851E+01   -0.209788602637962551E+01    0.245349721964016609E-01   -0.255493073834222262E+01    0.125012025059855453E+00   -0.176824541924902934E+00    0.414810759767014481E-01   -0.304019787129385155E+00   -0.104578993941195209E+01   -0.128292367117745538E+02
    0.482396913662577892E-01   -0.114001723919882636E+02    0.848679637735722858E+00    0.792587458918894816E+00    0.153990223763484507E-01    0.150619198341565075E+01   -0.199871599320743520E+01   -0.158283932559112328E+00    0.532805233695113234E+00   -0.681761370284452023E-01   -0.157000285403792961E+00   -0.248336719322069244E+00   -0.139840469749483609E+00   -0.103959672529847036E+01   -0.128167234148297986E+02
    0.396299531452401835E-01   -0.255500490943568153E+02    0.836566347875482230E+00    0.149295762154150924E+01    0.161198223164987497E-01    0.165020880578398255E+01   -0.123320673041887652E+01   -0.264095513358450495E+00   -0.428994255403497160E+01   -0.451908990002481525E+00   -0.320072865210432184E-01   -0.398769478480619499E+00   -0.524232693690610402E-01   -0.109006762795073175E+01   -0.126560232979910712E+02
    0.609342682662647114E-01   -0.250116966435836829E+02    0.494401148091682119E+00    0.138308945557803908E+01    0.113958466367670274E-01    0.153544350865553136E+01   -0.145598920691098566E+01   -0.764255072172314032E-01   -0.543765145259626870E+01   -0.364058835753745952E-01    0.223198090055246740E-02    0.172831735143440551E+00   -0.226352468512182992E+00   -0.102454428418315158E+01   -0.126537595476422986E+02
    0.114242731180814863E+00   -0.272413764335113839E+02   -0.141530172943343024E+00    0.147325447020465794E+01    0.155402963933786997E-01    0.175191246793148858E+01   -0.211667584251607055E+01   -0.143593034299765887E+00   -0.284187524310953643E+01    0.108100805374036019E+00   -0.469665588021936156E-01   -0.285183006865862620E+00   -0.634828826019753656E+00   -0.104231283170111122E+01   -0.126531001499720990E+02
    0.111079746309464336E+00   -0.357430344573803396E+02    0.473662566664563189E+00    0.131987264799827453E+01    0.135159317458911545E-01    0.157169948242147894E+01   -0.140654561184382687E+01   -0.119286976877391718E+00   -0.260522933309499827E+00   -0.181037571447532825E+00   -0.801481731692939570E-01   -0.311934515255414269E+00   -0.235950346757257234E+00   -0.100181093499394969E+01   -0.125563572474888385E+02
   -0.238579385259646698E-01   -0.160686267273094678E+02    0.828424989759564800E+00    0.115027266508066917E+01    0.170450156245352639E-01    0.154348707967002108E+01   -0.171449724101360301E+01   -0.245057424468524479E-01   -0.403393740189123484E+01   -0.287293725200094552E+00   -0.123571010410209986E+00   -0.248593071648400443E+00   -0.285775530076703199E+00   -0.107201886327857099E+01   -0.125445338657924115E+02
    0.769894332375521268E-01   -0.239554005646168555E+02    0.164564286045041475E+00    0.117952752957848372E+01    0.105534956000909001E-01    0.152605443045221367E+01   -0.202770662055293682E+01   -0.210564900405845218E+00    0.969688622390615595E+00   -0.188228683373611483E+00   -0.169809602951082383E+00   -0.146811229271785998E+00   -0.181659160486762811E+00   -0.106159184998434108E+01   -0.125317350115094861E+02
    0.923138583118294914E-01   -0.250892956610202518E+02    0.360383466878152092E+00    0.121964442356753189E+01    0.109441557806545936E-01    0.153809676550583219E+01   -0.142902599680251607E+01   -0.996324899411617226E-01   -0.487983709474135896E+01   -0.978898206975664653E-01   -0.259518790890336110E-01   -0.176987632310576154E+00   -0.151437618254255751E+00   -0.107592007109760823E+01   -0.125258320399693073E+02
   -0.434898665480716179E-01   -0.122971938129678797E+02    0.712430203821071473E+00    0.100363867622948133E+01    0.123699964911747774E-01    0.156243767971916880E+01   -0.135023747987591469E+01   -0.234095364137546919E+00   -0.986547539107610394E+00   -0.537600729985876491E-01    0.121771541334910721E+00   -0.986032496400223724E-01    0.536520401723059037E-02   -0.104407072484173824E+01   -0.125161786760602673E+02
    0.100617310885584593E+00   -0.149466235143206916E+02    0.126746655339054137E+01    0.838767517645878202E+00    0.861331142610625641E-02    0.164329625531672785E+01   -0.207863483603725641E+01   -0.945991500768998544E-01   -0.112213856756300334E+01   -0.220146357698163375E+00   -0.230623681034836381E+00   -0.262666430237838977E-01   -0.278652075108209996E+00   -0.111736242034302680E+01   -0.124642944335937500E+02
    0.132972853491642257E+00   -0.175234787787251598E+02    0.139527024205341643E+01    0.126266306822087770E+01    0.128300026709298014E-01    0.164388982888279966E+01   -0.199990037085321104E+01   -0.224483787480157432E+00   -0.467618524044155315E+01   -0.729491458162563472E-01   -0.512965623187676689E+00    0.995191353431531811E-01   -0.200095079697820671E+00   -0.106141740712095323E+01   -0.124360329764229913E+02
    0.778518086755489030E-01   -0.111683773853742068E+02    0.136803907175968620E+01    0.967653578131291159E+00    0.118149119864659185E-01    0.145453032534840654E+01   -0.205388329375410805E+01   -0.167693731925570078E+00   -0.402477346671149494E+01   -0.413294768371946508E-01    0.236870179102913123E-01   -0.273826878937634965E+00   -0.217239656683847981E+00   -0.100728053207465784E+01   -0.124286793300083698E+02
    0.861297197675605086E-01   -0.268295585670911763E+02    0.675779546190666158E+00    0.129588263957004601E+01    0.177726172504176563E-01    0.169521290684754633E+01   -0.184279105939327259E+01   -0.134316241462984598E+00   -0.102295836869655377E+01   -0.339726925162652904E+00   -0.385437108237223602E+00   -0.367660131382737898E+00   -0.463126454760025674E+00   -0.109932002108698890E+01   -0.124132232666015625E+02
    0.473956510726384339E-01   -0.137895824099988751E+02    0.684209761799123628E+00    0.488319062264818915E+00    0.131504616114739292E-01    0.151058043853102308E+01   -0.112279149322864358E+01   -0.140906030107355945E+00   -0.676414989916897458E+01   -0.888446615657069450E-01    0.731841574850962129E-01   -0.327087286936040222E+00   -0.109353228366199665E+00   -0.102952506601676941E+01   -0.124069780622209827E+02
    0.634091004547106124E-01   -0.192672162768600366E+02    0.818673771502926750E+00    0.137178170021748547E+01    0.190745008313905895E-01    0.181486239128043270E+01   -0.160504723191608956E+01   -0.143773580419940095E+00   -0.320418765507666103E+01    0.111156948331102540E+00   -0.317750306158524135E-01   -0.176972506732431312E+00   -0.403743984852960758E+00   -0.106236364546953443E+01   -0.123361554827008923E+02
    0.338006838505878551E-01   -0.171912648784202737E+02    0.152748930942459671E+00    0.129404632302417744E+01    0.155230751304751540E-01    0.165223640024998253E+01   -0.108488987062784714E+01   -0.954570991587844753E-01   -0.125556924556058522E+02   -0.212050240818479063E+00   -0.221668398025754804E+00    0.183344932681463707E+00   -0.253804975538351962E+00   -0.121495605951468244E+01   -0.123037828717912952E+02
    0.296193385956092514E-01   -0.252351078142147252E+02    0.549527935897407893E+00    0.715519277992475833E+00    0.875537451944883791E-02    0.174831379800389053E+01   -0.154425179310451832E+01   -0.233761485000189451E+00    0.712191195121634202E-01   -0.521043095780984317E-01   -0.204730644825068149E-01   -0.249122992017116629E+00   -0.554566939232245260E-01   -0.103094274748012893E+01   -0.122991343906947552E+02
    0.410537570759646336E-01   -0.232775930937631514E+02    0.453068735625859587E+00    0.107740522999447053E+01    0.114678318026930019E-01    0.161028326517992393E+01   -0.174747127310164596E+01   -0.586214441034293987E-04   -0.618477634180715441E+01   -0.981120333766404840E-01   -0.745771478158315654E-01    0.103692971583229571E+00   -0.360294400849807794E+00   -0.105311476806487048E+01   -0.122865317208426337E+02
    0.218606265931711036E-01   -0.283264862910098785E+02    0.701148436834935440E+00    0.113819924105140879E+01    0.993733769068649679E-02    0.172416653335620573E+01   -0.225165822514329905E+01   -0.539904149607401129E-01   -0.413894823730856398E+00    0.241668870675110781E-01   -0.154665500475138218E+00   -0.482534587081886679E+00   -0.501436415304874261E+00   -0.112122492887652769E+01   -0.121989212036132812E+02
    0.184484972370620032E-01   -0.241065147485274736E+02    0.324362587466457797E+00    0.113962143721757680E+01    0.943789811540009238E-02    0.166533914760492663E+01   -0.217201042544426848E+01   -0.932100948317080430E-01    0.348473900365805678E+01   -0.123995917800216418E+00    0.330178661033131357E-01   -0.678092769277623630E+00   -0.358572306499638338E+00   -0.103462521572976751E+01   -0.121696058000837048E+02
    0.137239519820354205E+00   -0.238476463968234107E+02    0.391249759935464902E+00    0.133083221778523431E+01    0.178771843857901437E-01    0.166185511946726772E+01   -0.210383630581114955E+01   -0.196785468083387372E+00   -0.389924144637828363E+01    0.289156433785562328E-01   -0.568062342591237196E-01    0.373952751388258176E-01   -0.179789696952441236E+00   -0.108278087882959362E+01   -0.121544767107282361E+02
    0.101087616342313821E+00   -0.324035707105210804E+02    0.435491253436511405E+00    0.113451654385979195E+01    0.111445283443192319E-01    0.161982567400227206E+01   -0.175201278393104154E+01   -0.179030789441017746E+00    0.342055754930066680E+00   -0.183195015097573799E+00   -0.230478297566198947E+00    0.100381482944881334E+00   -0.256749414703403622E+00   -0.116952097752259632E+01   -0.120726797921316962E+02
    0.104134817968316626E+00   -0.189657344122704004E+02    0.142361271099471942E+01    0.974319710410150863E+00    0.103316599159998489E-01    0.154390615617831539E+01   -0.185750381209862847E+01   -0.313699067173773966E-01   -0.616745489834474370E+01   -0.176065383686279026E+00   -0.425518536271585202E-01    0.147323805523819046E+00   -0.838764265630831674E-01   -0.108241633790628589E+01   -0.120664258684430798E+02
    0.962014893463197934E-01   -0.249637806469674857E+02    0.763417651094231653E+00    0.141103912959892908E+01    0.156097657735198674E-01    0.167820964044869125E+01   -0.149822048887825954E+01   -0.231134873250655043E-01   -0.573712961942801769E+01    0.106963458469043621E+00   -0.110196829297075943E+00   -0.360163892063986857E+00   -0.509791677248384256E+00   -0.102598152064476111E+01   -0.120480662754603802E+02
    0.622265511678040950E-01   -0.290348105984078018E+02    0.102304659233794770E+01    0.137887541190696550E+01    0.698924619300366097E-02    0.160264865457961747E+01   -0.184045767248398917E+01   -0.168260335429265634E+00   -0.392343872301770524E+01   -0.156842568832416651E+00   -0.162221055471829800E+00    0.175296124842075157E+00   -0.160350752406378111E+00   -0.104836842917875184E+01   -0.120423616681780139E+02
    0.658599827914341518E-01   -0.251502826280429161E+02    0.324075446933515920E+00    0.109597789676660717E+01    0.967207588640268609E-02    0.168121235834695959E+01   -0.942856227530726287E+00   -0.385764134307471918E-01   -0.553205249740250427E+01    0.271891453379234593E+00    0.423907135831371948E-01   -0.219164509715179978E+00   -0.359956720185444223E+00   -0.105549064890287791E+01   -0.120116370064871649E+02
    0.116754087304712692E+00   -0.252063623493552527E+02    0.885734966144915425E+00    0.119920353252371426E+01    0.139119425280020796E-01    0.157248292481642427E+01   -0.193538003881246068E+01   -0.167817944138327957E+00   -0.718486867001212737E+01   -0.408257274561163119E+00   -0.126917425071322282E+00   -0.510242019560764593E-01   -0.188193906146459811E+00   -0.108789782397447032E+01   -0.119933210100446423E+02
    0.724640000299700549E-01   -0.196105958539801364E+02    0.654787164691900903E+00    0.767791887070981227E+00    0.138985800300311414E-01    0.165357658504411886E+01   -0.169034844155840935E+01   -0.103636412363240865E+00   -0.656509447519611911E+01    0.568799107832023698E-01    0.455009745668838936E-01   -0.154797534850221491E+00   -0.283406031623000210E+00   -0.104880420126821994E+01   -0.119750976562500000E+02
    0.259718637612834646E-01   -0.167628355323882623E+02    0.103649133488558531E+00    0.978391046954661170E+00    0.138243747745675979E-01    0.164361548296256621E+01   -0.210611004154121950E+01   -0.109133348365644200E+00   -0.389766192651193455E+01    0.334802907329558308E-01   -0.463129289539854494E-01   -0.864662363908441506E-01   -0.204702148204760154E+00   -0.106885667664482176E+01   -0.119653690883091510E+02
    0.107465772684800037E+00   -0.349981767263513461E+02    0.799239449373660316E+00    0.141386002972712266E+01    0.114519322697727403E-01    0.172616368008017385E+01   -0.146838118918312310E+01   -0.165727928579002093E+00   -0.224920379338460474E+01   -0.608108498974333223E-01    0.192316912259159201E-02   -0.528407660518627420E+00   -0.366041881818836345E+00   -0.103950443924748837E+01   -0.119568884713309149E+02
   -0.110930894692031906E-01   -0.239404708354824187E+02    0.579321479289380825E-01    0.130426670732525185E+01    0.938141752911085883E-02    0.157012346887020215E+01   -0.158005623451540567E+01   -0.184812833787931258E+00   -0.345321633058073640E+01   -0.239308985325707546E+00   -0.308016590297101878E+00   -0.288600822379365685E-01   -0.144235139358333736E+00   -0.117396926060248452E+01   -0.118939078194754462E+02
    0.585328309253443993E-01   -0.192655550422464827E+02    0.155115211849887946E+01    0.994193837684483328E+00    0.659912189030411635E-02    0.156053296753182313E+01   -0.217866772180097001E+01    0.196093931393886700E-01   -0.499106527733107885E+01   -0.425988439389411777E+00   -0.118018022183400378E+00   -0.463873042133740310E-01   -0.227971331351587092E+00   -0.102998730475824951E+01   -0.118526088169642865E+02
    0.828345767646811448E-01   -0.238761040959989934E+02    0.438750009812958475E+00    0.114707094853967662E+01    0.177683003118719630E-01    0.166706866574313395E+01   -0.151988984864487309E+01   -0.184723916058433801E+00   -0.762304385316148636E+00    0.117288673523829573E+00    0.232773080067198643E-01    0.144187167642378100E-01   -0.873111246526003110E-01   -0.107312947539864600E+01   -0.118348530360630573E+02
    0.171157049672586298E-01   -0.174588202275898823E+02    0.879448366799068459E+00    0.105529530188278309E+01    0.223713596115209627E-01    0.160730552160136764E+01   -0.116158006714466300E+01   -0.134941600275985812E+00    0.250416866772969327E+01   -0.187800600521602801E+00    0.702503490425230304E-01   -0.208105291365284412E+00   -0.276520895447539328E+00   -0.103669281138384339E+01   -0.118345838274274548E+02
    0.602274312672906598E-01   -0.163920545154075654E+02    0.136374378195089418E+01    0.133138778075784470E+01    0.192019251827701895E-01    0.163083208268900881E+01   -0.158768535052397697E+01   -0.828380858141771759E-01   -0.715603848536238729E+01   -0.547602282591020534E-01   -0.118403946532596949E+00   -0.134527384215814838E+00   -0.477420646078352218E+00   -0.106934977196849279E+01   -0.118088553292410712E+02
    0.394834803033922016E-01   -0.207104828434433372E+02    0.766251331999204810E+00    0.829185621326905986E+00    0.181578106626710395E-01    0.174897576704251745E+01   -0.115068969631597184E+01   -0.136338387765917141E+00    0.214623835313988343E+01    0.997060290638705771E-01   -0.102608215763208041E+00   -0.565866103754068872E+00   -0.324609216631146502E+00   -0.104741354173281964E+01   -0.117950025285993298E+02
    0.727257645438250389E-01   -0.277464724328500907E+02    0.498818343650575868E+00    0.124283545864689415E+01    0.110972805496644573E-01    0.158100329267381579E+01   -0.195258530996807322E+01   -0.538171239740939666E-01   -0.666977055358869642E+01   -0.413758772102765460E+00   -0.108934415654828698E+00   -0.209363847186573970E+00   -0.257617946020146871E+00   -0.119163644060229990E+01   -0.117749263218470990E+02
    0.256943781312703179E-02   -0.222570399272362316E+02    0.162744291771993455E-01    0.123056618655696770E+01    0.693584683840108712E-02    0.159639098286772652E+01   -0.192285593395713517E+01   -0.960917988023578251E-01   -0.324613571329407602E+01   -0.248272839207586526E+00   -0.146152782065215203E+00    0.181122243414029632E+00   -0.262812651749346926E+00   -0.106682170813493071E+01   -0.117223369053431927E+02
    0.423861929871376247E-01   -0.208996516205510368E+02    0.827615084098840215E+00    0.133529913458593597E+01    0.146333160046931299E-01    0.169250577512365341E+01   -0.114565741880332328E+01   -0.220055773860460685E+00   -0.322977096173618783E+01   -0.348523294392159344E+00   -0.863616994344091893E-01   -0.297649378576782864E+00   -0.414379465270306613E+00   -0.109084840060536314E+01   -0.115846514020647327E+02
   -0.299180562273476253E-01   -0.200106320076857216E+02    0.984212271537963423E+00    0.991080443770386621E+00    0.102766652938869468E-01    0.169223634162348890E+01   -0.161020210555160381E+01   -0.140255678223886626E+00   -0.152074464447661861E+01   -0.360593225863671374E+00   -0.119573224299539121E+00   -0.142637955831924457E+00   -0.767811512725625339E-01   -0.102207996474958884E+01   -0.115804966517857135E+02
    0.215441512552285025E-01   -0.204214692358629399E+02    0.475334664437182863E+00    0.612639564181523877E+00    0.163011699112291936E-01    0.159286871928556018E+01   -0.134324362177642631E+01   -0.731255915654276945E-01   -0.171203960766639041E+01   -0.235001231801780730E+00    0.127207451655010156E+00   -0.149559292237769259E+00   -0.246814029120399264E+00   -0.127775316998668287E+01   -0.115574013846261163E+02
    0.702974356635526487E-01   -0.158146132452314667E+02    0.901774254695372424E+00    0.545780788439995335E+00    0.119125690041753888E-01    0.155415501105578735E+01   -0.189025379695637330E+01   -0.123394811251280351E+00    0.924639060793859269E+00   -0.123885860527658709E+00   -0.307419987079379092E-01   -0.105941928198722238E+00   -0.220510587612880837E+00   -0.101558078815803876E+01   -0.115464859008789062E+02
    0.101735632285804303E+00   -0.285964392559825598E+02    0.207667544486731082E+00    0.156544318735727650E+01    0.161526526579653107E-01    0.159830754694782762E+01   -0.117877457726019053E+01   -0.313739214150247525E+00   -0.430111891018291459E+01    0.157430251464659721E-01   -0.808479412034245754E-02   -0.491187073687870679E-01   -0.114709145920260547E+00   -0.104288939546905013E+01   -0.115361153738839288E+02
   -0.124957901888330253E-01   -0.190229914037241770E+02    0.388545122713110314E+00    0.144900708078720108E+01    0.161474894620962615E-01    0.170636611643634506E+01   -0.189615232739038486E+01   -0.121015288470164212E+00   -0.397350479030286330E+01   -0.124186383057439079E+00   -0.173984092200091645E+00   -0.180810665658579756E+00   -0.209901155517867394E+00   -0.102378517127047819E+01   -0.115216969081333698E+02
    0.302954280674642834E-01   -0.156734689924957795E+02    0.922055091247666825E+00    0.108124637775957311E+01    0.108255729025573989E-01    0.158427618208555510E+01   -0.238424890709331416E+01   -0.184916580207342029E+00   -0.542099321749911134E+01   -0.279354990325507008E-01   -0.136212148903663038E+00    0.335545055357114430E+00   -0.145162558661716651E+00   -0.103932490771856911E+01   -0.115194898332868298E+02
    0.233996660419782121E-01   -0.150586772616011402E+02   -0.287473880388002812E-01    0.485533586730845013E+00    0.901892337017146800E-02    0.164741630705108122E+01   -0.159593994868461575E+01   -0.197451974294598293E+00    0.954367092423255681E+00    0.369279863437083355E-01   -0.599149730029804803E-01   -0.526792753171571482E+00   -0.240475823764574687E+00   -0.104765744039899045E+01   -0.115187999180385052E+02
    0.767949524989110233E-01   -0.245175413933569857E+02    0.733410629109043422E+00    0.119400890134176363E+01    0.133162006065288951E-01    0.162684161464419796E+01   -0.178966770941398656E+01   -0.924729517200737067E-01   -0.327902309397827274E+01   -0.179719127434640691E+00   -0.359809172858540971E+00    0.133011870582423752E-01   -0.138185158630560884E+00   -0.105692035757836145E+01   -0.114812436785016736E+02
    0.469382022917652006E-01   -0.388154191592891848E+02    0.120277380481016549E+00    0.127050132239091806E+01    0.105385805037575917E-01    0.185322203041597877E+01   -0.105345795378810880E+01   -0.242169516456900213E+00   -0.299741603219533914E+01    0.130561451968956993E+00   -0.194758797641048781E-02    0.841282598396286552E-01   -0.130032440340356853E+00   -0.105663838835466950E+01   -0.114760687691824774E+02
    0.162005061984719367E-01   -0.216244960533371149E+02    0.675164227313940324E+00    0.134271156519496393E+01    0.132902518738074234E-01    0.175286480665432753E+01   -0.172265896264106466E+01   -0.718724835359199760E-01   -0.681488409584284938E+01    0.498788555919509657E+00   -0.309715514150565030E+00   -0.255409245744160518E+00   -0.355598505562110589E+00   -0.104545559578508507E+01   -0.114522181919642865E+02
   -0.123964296877769609E-02   -0.181270360494972103E+02    0.395323089178486298E+00    0.979650569141617966E+00    0.118072084422152467E-01    0.168055405676730207E+01   -0.180623703329631446E+01   -0.145578170583364697E+00   -0.381835776611820510E+01    0.801235826584448529E-01   -0.525195795922967085E-01   -0.229814780684288816E+00   -0.159439408723086151E+00   -0.105436948564789112E+01   -0.114324460710797986E+02
    0.838587979566791097E-01   -0.292472225597267936E+02    0.106921763269497871E+01    0.890918988710489246E+00    0.749072676117275727E-02    0.164613541902226634E+01   -0.205167724091352444E+01   -0.258740071634880747E-01    0.399211996844953676E+01   -0.303801439301030651E+00   -0.218103393571501963E+00   -0.147244126480066739E+00   -0.407551028106057034E+00   -0.105455320739407910E+01   -0.114274433680943073E+02
    0.521624554300122098E-01   -0.166244746001417596E+02    0.994222720614928335E+00    0.274743650913104265E+00    0.135088780905185998E-01    0.158829178179233232E+01   -0.132647861480080898E+01   -0.856254492250410199E-01    0.515598941111225884E+01   -0.191347190298645220E-01   -0.102930432881250450E+00   -0.359214464403673328E+00   -0.213979754092257279E+00   -0.126599266276578115E+01   -0.113612627301897327E+02
    0.521624554300122098E-01   -0.166244746001417596E+02    0.994222720614928335E+00    0.274743650913104265E+00    0.135088780905185998E-01    0.158829178179233232E+01   -0.132647861480080898E+01   -0.856254492250410199E-01    0.515598941111225884E+01   -0.191347190298645220E-01   -0.102930432881250450E+00   -0.359214464403673328E+00   -0.213979754092257279E+00   -0.126599266276578115E+01   -0.113612627301897327E+02
    0.133258929926697023E+00   -0.324716048824352299E+02    0.782386706719078506E+00    0.949205527187440445E+00    0.671647264829353628E-02    0.164767874184049257E+01   -0.213798575642431121E+01    0.797691944314191104E-02   -0.108901611681802279E+01   -0.124689812386958282E+00   -0.247740034252442592E+00   -0.140617310810003449E+00   -0.317004321435134795E+00   -0.100686566665743582E+01   -0.113574763706752240E+02
    0.456918808055329362E-01   -0.179101054270273146E+02    0.494953381237666634E+00    0.216903512313547209E+00    0.172738595224115610E-01    0.163283523480910930E+01   -0.192517783744604865E+01   -0.169768089513743059E+00   -0.493093464609162258E+00    0.236306401619817419E-01   -0.130733371730119841E-02   -0.407582765096882960E+00   -0.118995428075304818E+00   -0.103687210535596486E+01   -0.113514164515904010E+02
    0.972649242261662550E-02   -0.272980043111165216E+02    0.175815425741189246E+00    0.151493227484007265E+01    0.122164860179488424E-01    0.159049180134138135E+01   -0.222441716775232123E+01   -0.563720236077115688E-01   -0.281883370248624843E+01   -0.286213471394660135E+00   -0.182046052200597747E+00   -0.124673079856970639E+00   -0.296419728520733894E+00   -0.106640511795846282E+01   -0.113449630737304688E+02
    0.605230474430202073E-01   -0.307559149651475039E+02    0.348961638393706364E+00    0.148849368111597680E+01    0.118742877489104795E-01    0.169193814502453188E+01   -0.113283380803870504E+01   -0.125637834621354444E+00   -0.576446352045322996E+01   -0.764466765895486511E-01   -0.221183826282274593E+00   -0.259928292530742788E+00   -0.356631272237786845E+00   -0.103327393957863589E+01   -0.113169326782226562E+02
    0.110182085874749938E+00   -0.236539214819964414E+02    0.110471068190373978E+01    0.117053179723116441E+01    0.129682618793607561E-01    0.158520159629053814E+01   -0.160180050452412170E+01   -0.637407767367926814E-01   -0.423531534502264773E+01   -0.136351291944477010E+00   -0.669080683900877271E-01   -0.240832424675987145E+00   -0.304545330506418854E+00   -0.109017877101610217E+01   -0.112885742187500000E+02
    0.675141303363496620E-01   -0.256073939012591936E+02    0.617371136564124234E+00    0.930362187692899023E+00    0.138789832223274543E-01    0.165713644328989940E+01   -0.222064137288905439E+01   -0.848231314907398060E-02   -0.166673216933333102E+01   -0.202519067236080097E+00   -0.725485474639446237E-01   -0.151315891460872931E+00   -0.224328878528870290E+00   -0.115563071009117224E+01   -0.112361210414341510E+02
    0.675141303363496620E-01   -0.256073939012591936E+02    0.617371136564124234E+00    0.930362187692899023E+00    0.138789832223274543E-01    0.165713644328989940E+01   -0.222064137288905439E+01   -0.848231314907398060E-02   -0.166673216933333102E+01   -0.202519067236080097E+00   -0.725485474639446237E-01   -0.151315891460872931E+00   -0.224328878528870290E+00   -0.115563071009117224E+01   -0.112361210414341510E+02
    0.114215934075367787E+00   -0.328239601542719797E+02    0.960943720346415620E+00    0.120673935692739920E+01    0.926906854749976958E-02    0.158825954093402588E+01   -0.274555069480483915E+01   -0.112989941020513865E+00    0.208675714784564947E+01   -0.220880966322389016E-01   -0.780314006288001794E-01   -0.232031204906069960E+00   -0.258151179462997704E+00   -0.103567363307521632E+01   -0.111993048531668524E+02
    0.944673883091756705E-01   -0.308392663885667417E+02    0.238558093573277674E+00    0.853725447970303142E+00    0.387631555952107007E-02    0.160293231013141080E+01   -0.235363762864525317E+01   -0.170460149750449041E+00   -0.302557896367053392E+01   -0.119725850208471374E+00    0.248758367874436850E-01    0.239025745562534697E-01   -0.507196716184206142E-01   -0.102442687303975544E+01   -0.111908711024693073E+02
    0.415706183892933859E-01   -0.195914757978852982E+02    0.109850927212356964E+01    0.741853786011908212E+00    0.823307068673895595E-02    0.169592277325871255E+01   -0.198601766446488082E+01   -0.894104315790120452E-01    0.362364772664838020E+01    0.687702237455905807E-01   -0.760174943626053118E-01    0.106172183641481871E+00   -0.263359639457319661E+00   -0.129874307081810580E+01   -0.111258675711495538E+02
    0.450337952646574918E-01   -0.195972589430303863E+02   -0.185110873311433055E+00    0.955340954024062827E+00    0.164970527752509692E-01    0.161508529200153061E+01   -0.197383876603447983E+01   -0.170854119751226191E+00    0.202800584536193940E+01   -0.233477708000664530E+00   -0.392505862233925237E-01    0.642512812393032651E-01   -0.167270760564844356E+00   -0.108595167821484151E+01   -0.111228158133370538E+02
    0.596712952681326333E-01   -0.293826821745444740E+02    0.602906735106382929E+00    0.122895517844358415E+01    0.147768525407354027E-01    0.178103083358314751E+01   -0.267364019526739849E+01   -0.955114541636072900E-01    0.229778684469188166E+01    0.547277738151058235E-01   -0.239922987197688786E-01   -0.409008667931865966E+00   -0.491650593579636253E+00   -0.108685728624903288E+01   -0.110923592703683038E+02
    0.527503789562748099E-01   -0.375864686171061777E+02    0.100379416625440143E+01    0.832974959918846403E+00    0.565161156652951597E-02    0.177601701895835773E+01   -0.182566748089533881E+01   -0.834548700528968262E-01    0.752215484726339945E+01   -0.167084554280383518E+00   -0.878002578365894570E-01   -0.322924655824178841E+00   -0.216373299322989598E+00   -0.105179859199111814E+01   -0.110849173409598212E+02
    0.527503789562748099E-01   -0.375864686171061777E+02    0.100379416625440143E+01    0.832974959918846403E+00    0.565161156652951597E-02    0.177601701895835773E+01   -0.182566748089533881E+01   -0.834548700528968262E-01    0.752215484726339945E+01   -0.167084554280383518E+00   -0.878002578365894570E-01   -0.322924655824178841E+00   -0.216373299322989598E+00   -0.105179859199111814E+01   -0.110849173409598212E+02
    0.998534404009095433E-01   -0.320426357493532024E+02    0.759606904910147929E+00    0.124979254688472952E+01    0.108247753277883520E-01    0.167283160271713549E+01   -0.145240358337565034E+01   -0.800618859486636469E-01   -0.461816196284497682E+01   -0.485743364606375017E+00   -0.127958105416627749E+00   -0.231209528151451571E+00   -0.287660176604406514E+00   -0.106611848377277041E+01   -0.110720269339425226E+02
    0.554617760349726541E-01   -0.197790551947812787E+02    0.678049807623783307E+00    0.146929072029972985E+01    0.195100994604089084E-01    0.174604528006337856E+01   -0.148280485577409005E+01   -0.109416854891311394E+00   -0.439578506086117571E+01   -0.378456558078727912E+00    0.804604720354978875E-02   -0.686338992012090754E-01   -0.353017426065395212E+00   -0.105758418033789114E+01   -0.110687680925641736E+02
    0.102308320859282403E+00   -0.228906853961323122E+02    0.824000792499856693E+00    0.815191050397263695E+00    0.147006604322555100E-01    0.161872830024544601E+01   -0.136096124823725106E+01   -0.272670717607699842E+00    0.429053642706320737E-01   -0.389347986209516050E+00    0.328821646612382015E-01    0.463908783446240480E-01   -0.133307626874620999E+00   -0.108314619364922504E+01   -0.110436444963727673E+02
    0.929363134756659576E-01   -0.319716801316843586E+02    0.436508952441019837E+00    0.119251585532327109E+01    0.797663325804975031E-02    0.165551026375143784E+01   -0.127305308190068334E+01   -0.103422654789841112E+00   -0.902287721620023930E+01   -0.153462890128126750E+00   -0.808275930315870417E-01   -0.288626226742329128E+00   -0.202352583175210876E+00   -0.101946806069295226E+01   -0.110227366856166302E+02
    0.929363134756659576E-01   -0.319716801316843586E+02    0.436508952441019837E+00    0.119251585532327109E+01    0.797663325804975031E-02    0.165551026375143784E+01   -0.127305308190068334E+01   -0.103422654789841112E+00   -0.902287721620023930E+01   -0.153462890128126750E+00   -0.808275930315870417E-01   -0.288626226742329128E+00   -0.202352583175210876E+00   -0.101946806069295226E+01   -0.110227366856166302E+02
    0.124615323733896902E+00   -0.350827568327372319E+02    0.487886981769146133E+00    0.135559836957067703E+01    0.110749131549213765E-01    0.159974307627500534E+01   -0.112454782832853750E+01   -0.174841214503667769E+00   -0.896086574267158120E+01   -0.941710093814852323E-01   -0.225907739793252960E-01    0.152090838424723818E-01   -0.882419210169050061E-01   -0.107624742502705639E+01   -0.110043607439313611E+02
    0.791299500471427802E-01   -0.230020835975133195E+02    0.129317204390739660E+01    0.122730207605638619E+01    0.182486220504763375E-01    0.159280358384579168E+01   -0.148150450075575413E+01   -0.133271164868031894E+00   -0.437930057691128027E+01   -0.294001620003265851E+00   -0.364423494221663077E-01   -0.132951995905806475E-01   -0.138911570212843449E+00   -0.112915630893570285E+01   -0.109924534388950885E+02
    0.876160797253513202E-01   -0.273628662671524978E+02    0.693206057522611774E+00    0.953626558389727430E+00    0.714511726449593848E-02    0.160592594822336765E+01   -0.264831427520253460E+01   -0.946407003748338665E-01   -0.312832629251682803E+01   -0.400361817236544515E+00    0.738693016814586378E-01    0.124921016549442015E+00   -0.221808009050132593E+00   -0.109752025759546168E+01   -0.109594159807477673E+02
    0.220107031854643170E-01   -0.160497967200338465E+02    0.139570876576605585E+01    0.854703158359307547E+00    0.105173927445407073E-01    0.176652960285933780E+01   -0.167111010649804803E+01   -0.143411469747931286E+00    0.159230995244909890E+01    0.205187815632445730E+00   -0.216323985014184664E-01   -0.289664999704976611E+00   -0.450405060620490016E+00   -0.105301882403330804E+01   -0.109561124529157361E+02
    0.574611912700421987E-01   -0.218510140757634765E+02    0.675218070251942359E+00    0.319387784372577421E+00    0.111948628493559570E-01    0.160627777914311021E+01   -0.184637993136956924E+01   -0.629768253290986790E-01    0.675606792719274374E-01   -0.150599604680941218E+00    0.476464261291369914E-01   -0.169529148410609981E+00   -0.238640209864319525E+00   -0.104303985417408418E+01   -0.109241115025111615E+02
    0.633649417362180112E-01   -0.363522715529535745E+02    0.129787375760492596E+01    0.135018026990309159E+01    0.117829938850416115E-01    0.169100171864924231E+01   -0.125034820857090367E+01   -0.129381323724894637E+00   -0.677139588100149670E+01    0.106357743418287715E+00   -0.601685651760358042E+00   -0.134241720593997665E+00   -0.163745523492356909E+00   -0.103101728800723325E+01   -0.108806904384068073E+02
    0.285294020013913685E-01   -0.178762051127998234E+02    0.105739780649502246E+01    0.169150052525968375E+00    0.888153343031629870E-02    0.172911414320347068E+01   -0.158658236256456320E+01   -0.104616255958952284E+00    0.252641800761901303E+01   -0.212829969180667350E+00    0.110925498557787106E+00    0.100574616424120605E+00   -0.360561298070693703E+00   -0.101059344305806875E+01   -0.108716855730329236E+02
    0.821851268898249887E-01   -0.183628057005354677E+02    0.141737696160698490E+01    0.650035766883606647E+00    0.107864473932211338E-01    0.159999098989413491E+01   -0.178745489451027728E+01   -0.110090634198867415E+00   -0.829192689290692009E+00   -0.265256806064305406E+00   -0.586167158125068949E-01   -0.240676310906981300E+00   -0.147706941151391047E+00   -0.100063183526756538E+01   -0.108705062866210938E+02
    0.336888602047989844E-01   -0.181601273771275729E+02    0.603323656886981530E+00    0.129114228286459598E+01    0.181859453369428888E-01    0.165540004298805687E+01   -0.145147816433916388E+01   -0.188324296439706829E+00   -0.732543358141750645E+01   -0.174673929517712490E+00   -0.181943183232882860E+00   -0.183415937983886945E+00   -0.293088581737047438E+00   -0.104204266980073723E+01   -0.108691297258649548E+02
    0.140470657833071666E-01   -0.253360429983169304E+02    0.586124826252299114E+00    0.129019255619454110E+01    0.111481815048631999E-01    0.164316420782717665E+01   -0.182544741493961626E+01   -0.121185733135511745E+00   -0.826952999913192155E+00   -0.971291566232266729E-01   -0.830937615401357438E-01   -0.297542213114616150E+00   -0.357383897505608339E+00   -0.101580504754960876E+01   -0.108551210675920764E+02
    0.914188592715757531E-02   -0.231187157677848667E+02    0.125205800263814715E+01    0.106933107654427895E+01    0.111238743468980508E-01    0.163967676269909024E+01   -0.154651126509686376E+01   -0.181501960923896338E+00   -0.387754965027403875E+01    0.627331217110585482E-01   -0.107625553899267923E+00    0.219328833109500215E+00   -0.133514320072554593E+00   -0.101708666642245560E+01   -0.108178416660853802E+02
    0.188904667491430478E-01   -0.280932395972902924E+02    0.604306615299873062E+00    0.106147710285542241E+01    0.964706860728625423E-02    0.163568214308306281E+01   -0.202248302770260580E+01   -0.122114577090995657E+00    0.186348375083881912E+00   -0.128351587082880497E+00    0.691663404994858483E-02   -0.680165407132946820E+00   -0.260761596757299041E+00   -0.107811693966573463E+01   -0.107893164498465399E+02
    0.682711237908737167E-01   -0.250312489022749034E+02    0.361844347430646807E+00    0.101476997216302944E+01    0.118026473607622129E-01    0.165754555179496954E+01   -0.220484232901905974E+01   -0.320144033563164343E+00    0.173168816784036261E+01   -0.798091717886962315E-01    0.168489910901471834E+00   -0.190493192824271962E+00   -0.168056760166572255E+00   -0.103753106809445694E+01   -0.107787748064313611E+02
    0.722536985558945855E-01   -0.157927101568938095E+02    0.131441653236456268E+01    0.939181987522542339E+00    0.780249944792391244E-02    0.154900053080259670E+01   -0.218019964592627558E+01   -0.650782351039480567E-01    0.238842745473849449E+01   -0.586913215844875463E-01   -0.316200486522215940E+00   -0.603404317603792095E+00   -0.321146396611990237E+00   -0.118675271562289808E+01   -0.107343215942382812E+02
    0.122809539716436267E+00   -0.262760499831433165E+02    0.953061540704651433E+00    0.108767419745772398E+01    0.185868480077365436E-01    0.166075771937785399E+01   -0.155834080600158020E+01   -0.120849012419933233E+00   -0.433378929762417098E+01    0.793642892025596680E-01   -0.519377828351331311E-01   -0.379005640873224248E+00   -0.263630598522625270E+00   -0.101083649146337451E+01   -0.106575480869838177E+02
    0.477877926429422367E-01   -0.207396682587250254E+02   -0.103952379949834417E+00    0.125748930295396955E+01    0.193769930728188364E-01    0.163695800207475517E+01   -0.176831510709000383E+01   -0.233268558142069843E+00   -0.449923502434359346E+01   -0.649279380683594060E-01   -0.159102062841883357E-01   -0.207546834504656108E+00   -0.119907328543557873E+00   -0.104323640895300040E+01   -0.106469890049525677E+02
   -0.214711906321123358E-01   -0.162450202677227438E+02    0.554115020920901924E+00    0.117034517021822659E+01    0.139257100554636432E-01    0.167954270354355684E+01   -0.126796515044882763E+01   -0.240898452322668294E+00    0.138982501649983270E+00   -0.142843098764880411E+00   -0.128933605447959149E+00    0.911356369038261727E-01   -0.183010824076786316E+00   -0.107440807315144959E+01   -0.106025336129324774E+02
    0.509230713794496942E-01   -0.265544624455305538E+02    0.130961725984905319E+01    0.891021730761179298E+00    0.111578508467111894E-01    0.172160075208251140E+01   -0.212766133897590759E+01   -0.485331967523799507E-01   -0.474933178187634475E+00   -0.247706892047433902E+00   -0.263615442384372983E-01   -0.344439153372659013E-01   -0.220024153502495434E+00   -0.102167305505832373E+01   -0.105988518851143976E+02
    0.594069511061508446E-01   -0.296894557967451682E+02    0.310406106288433292E+00    0.120812994924490624E+01    0.131151827359028417E-01    0.174021054325891678E+01   -0.213318510027073671E+01   -0.462973476174770304E-02   -0.463257193654505173E+01   -0.231829064819518149E-01   -0.146313884950734108E+00   -0.299777364178092809E+00   -0.369554505552443291E+00   -0.110002692568607330E+01   -0.105793228149414062E+02
    0.689122628023104977E-01   -0.257253359900570899E+02    0.670753037109722561E-01    0.100731021546703592E+01    0.123067727536643676E-01    0.164248940111469333E+01   -0.153338740069317780E+01   -0.190922078453832911E+00   -0.317730021645630956E+01   -0.194238706526512400E+00    0.284227408058665351E-01   -0.348434113663415923E+00   -0.209647374479134174E+00   -0.107481904127156502E+01   -0.105756334577287952E+02
    0.868311101667859631E-01   -0.216297112429718155E+02    0.991523975759168952E+00    0.674836609831627743E+00    0.119751516609354399E-01    0.161062476387723752E+01   -0.171128186148903438E+01   -0.951296470329073551E-01    0.202974795957033605E+01    0.293490782200615974E+00   -0.122831742033767011E+00    0.111295273389931421E+00   -0.217236055443435577E+00   -0.110624130679872912E+01   -0.105515158517020087E+02
    0.598095785944363079E-01   -0.266518454604348243E+02    0.230277265094846417E+00    0.125771960584565723E+01    0.143498871306451392E-01    0.164631508330337684E+01   -0.193464094318612867E+01   -0.136750959829665092E+00    0.558573726700051232E+00   -0.166869466652525195E+00    0.273790640133452987E-01    0.412243797424780289E-01   -0.264727691521482345E+00   -0.102665813364835312E+01   -0.105027770996093750E+02
    0.682339346334020769E-01   -0.285232211723960951E+02    0.661467253190635374E+00    0.101788365135738501E+01    0.879155056965806071E-02    0.165710055990465754E+01   -0.155972015834937494E+01   -0.212637315565375740E+00   -0.200871168909519637E+01    0.864174437753738867E-01    0.631295892694676286E-01    0.127925867531352988E-01   -0.120230295012539304E+00   -0.101481534163199516E+01   -0.104844393048967639E+02
    0.269568993275331181E-01   -0.320603480455723115E+02    0.102294807406906241E+01    0.148204181338417507E+01    0.121092385051500585E-01    0.184379102977435827E+01   -0.155966259473297164E+01   -0.935612050501035408E-01   -0.482432010633866959E+01   -0.116969094961040104E+00   -0.204093548880653869E+00    0.287083793979132640E-01   -0.299837334050604642E+00   -0.106770245430397326E+01   -0.104504198346819202E+02
    0.269568993275331181E-01   -0.320603480455723115E+02    0.102294807406906241E+01    0.148204181338417507E+01    0.121092385051500585E-01    0.184379102977435827E+01   -0.155966259473297164E+01   -0.935612050501035408E-01   -0.482432010633866959E+01   -0.116969094961040104E+00   -0.204093548880653869E+00    0.287083793979132640E-01   -0.299837334050604642E+00   -0.106770245430397326E+01   -0.104504198346819202E+02
    0.444144137515694454E-01   -0.351607333118182055E+02    0.483689194615929074E+00    0.148539060616878471E+01    0.105560433282460425E-01    0.164639560042007083E+01   -0.943071092780624398E+00   -0.205050916803030003E+00   -0.227888332010965566E+01   -0.450151901905762042E-01   -0.368858413099865945E+00    0.693365116658799796E-01   -0.350275162966493248E-01   -0.113015212986337521E+01   -0.104443359375000000E+02
    0.444144137515694454E-01   -0.351607333118182055E+02    0.483689194615929074E+00    0.148539060616878471E+01    0.105560433282460425E-01    0.164639560042007083E+01   -0.943071092780624398E+00   -0.205050916803030003E+00   -0.227888332010965566E+01   -0.450151901905762042E-01   -0.368858413099865945E+00    0.693365116658799796E-01   -0.350275162966493248E-01   -0.113015212986337521E+01   -0.104443359375000000E+02
    0.687117462684180003E-01   -0.196574213904431652E+02    0.126787051665986716E+01    0.129392955090501438E+01    0.186521115905167248E-01    0.160539625364889638E+01   -0.278284100642081356E+01   -0.101148303477897938E+00   -0.341213071608957463E+01   -0.398299834732028790E-01   -0.287665978568274749E+00   -0.241414105974588039E+00   -0.196016441230140503E+00   -0.102922762753224362E+01   -0.104428122384207587E+02
    0.687117462684180003E-01   -0.196574213904431652E+02    0.126787051665986716E+01    0.129392955090501438E+01    0.186521115905167248E-01    0.160539625364889638E+01   -0.278284100642081356E+01   -0.101148303477897938E+00   -0.341213071608957463E+01   -0.398299834732028790E-01   -0.287665978568274749E+00   -0.241414105974588039E+00   -0.196016441230140503E+00   -0.102922762753224362E+01   -0.104428122384207587E+02
    0.624292239394838577E-02   -0.246105739950282931E+02    0.444853189175448471E+00    0.104243911140662293E+01    0.825445250110383270E-02    0.170437141052053343E+01   -0.183608352828221255E+01   -0.119336031980485813E+00   -0.196659604700076174E+01   -0.394444896071557860E+00   -0.205037542606871653E+00   -0.962507537451988415E-01   -0.190079168323757680E+00   -0.110138592684941505E+01   -0.104421702793666302E+02
    0.868378011102486913E-01   -0.252383461257247994E+02    0.994608141394291212E+00    0.528439221236080336E+00    0.120344465200646050E-01    0.165935287238798490E+01   -0.159786618053260687E+01   -0.118116586321389633E+00   -0.803156485834884393E+01    0.706118737033947785E-02    0.132717402438941590E-01   -0.893715035873040853E-01   -0.199579896268216483E+00   -0.110551357138529305E+01   -0.104357572283063611E+02
    0.145137267460366953E-01   -0.196502067490952363E+02    0.122832724095970280E+01    0.920996554280199553E+00    0.149452770689638172E-01    0.163719410841303015E+01   -0.206974310430385922E+01   -0.960278941495026767E-01    0.712595542324517517E+01    0.311832944460108119E-02   -0.118394908551394187E-01   -0.938888384503832885E-01   -0.283734730556736592E+00   -0.114806281044380332E+01   -0.104262204851422986E+02
    0.597079604493595817E-02   -0.212389656644993963E+02    0.645542856010833721E+00    0.730712971839152514E+00    0.574191775244703440E-02    0.169063610368234518E+01   -0.256124385394305598E+01   -0.195031835003541876E+00   -0.504182907465797303E+00    0.114239662733767650E+00   -0.443174748945281832E-02    0.735351426352557069E-01   -0.160228806820467251E+00   -0.106202813007192010E+01   -0.104112178257533490E+02
    0.248558230311219791E-01   -0.254288464304166268E+02    0.472210839214210809E+00    0.881785970529107122E+00    0.789182335061748043E-02    0.172079641390513038E+01   -0.260042978779975353E+01   -0.104872384170489469E+00    0.576707843261744291E+00    0.188442804127629898E+00   -0.206166558206022449E+00   -0.847550659164447440E-01   -0.267921908448520096E+00   -0.103665890290879004E+01   -0.104024145943777899E+02
    0.405122186437503751E-02   -0.221247732721079657E+02    0.578777472356500233E+00    0.911920421445019502E+00    0.656094144727217311E-02    0.167490565994720719E+01   -0.131185106704718368E+01   -0.126983991725735795E+00   -0.485170073859438311E+01   -0.100596639930528420E+00   -0.220708283322893273E+00    0.645009239507943477E-01   -0.204090403746692350E+00   -0.105791663225506372E+01   -0.103759547642299115E+02
    0.308889052347565557E-01   -0.250327019638140236E+02    0.638438067591772573E+00    0.131438570233227581E+01    0.131154546779197988E-01    0.166642756754735499E+01   -0.161153310643199754E+01   -0.586589619951686236E-01   -0.109250322513142191E+02   -0.176500867899003516E+00   -0.170944259632825002E+00    0.173030002855067977E-03   -0.201422720839335850E+00   -0.106045104510427390E+01   -0.103643875122070312E+02
    0.909296046490442461E-01   -0.234822897622428641E+02    0.124733735799904966E+01    0.299216790480678396E+00    0.112307540001889469E-01    0.171521789536077529E+01   -0.120262503409672972E+01   -0.982101989302217593E-01   -0.120390298741030932E+01   -0.111132912146929691E+00   -0.916766039449599390E-01    0.281073472029198523E-01   -0.261168542278694904E+00   -0.106480467167628357E+01   -0.103596420288085938E+02
    0.413209721797870577E-01   -0.224884284656032989E+02    0.628359827641860491E+00    0.150852762765693349E+01    0.148779008306499042E-01    0.170186431601336308E+01   -0.182700365658931463E+01   -0.127030731805498481E+00   -0.596258677785211688E+01   -0.392738554389617078E+00   -0.734581551231231894E-01    0.455295833428450425E-01   -0.310945527751277151E+00   -0.104936885611118358E+01   -0.103548878261021198E+02
    0.413209721797870577E-01   -0.224884284656032989E+02    0.628359827641860491E+00    0.150852762765693349E+01    0.148779008306499042E-01    0.170186431601336308E+01   -0.182700365658931463E+01   -0.127030731805498481E+00   -0.596258677785211688E+01   -0.392738554389617078E+00   -0.734581551231231894E-01    0.455295833428450425E-01   -0.310945527751277151E+00   -0.104936885611118358E+01   -0.103548878261021198E+02
    0.882216655332330180E-01   -0.412110755777327995E+02    0.505153173722435289E+00    0.943950812980253628E+00    0.169222284084234662E-01    0.180077846396319385E+01   -0.129466509776578786E+01   -0.410551155095570594E-01   -0.113504405638723771E+02    0.138007701017744039E+00    0.390255985435186484E-01   -0.799083396902156295E-01   -0.291506641692183155E+00   -0.111221382784117884E+01   -0.103399047851562500E+02
    0.319389545784220935E-01   -0.252808898030997113E+02    0.483466562852278792E+00    0.885663129921346548E+00    0.896439645352048974E-02    0.169086125171014312E+01   -0.263373589485653481E+01   -0.227982805362531987E+00   -0.878343191263459389E+00    0.128271852810460912E+00   -0.151691932589259115E+00   -0.322709138508894433E+00   -0.194459335165922703E+00   -0.109618650146643493E+01   -0.103155888148716510E+02
    0.105206537987862017E+00   -0.238007217880746893E+02    0.104665569905601163E+01    0.912547596778152448E+00    0.184754814381662621E-01    0.164158028538867562E+01   -0.137767723718965218E+01   -0.214555125414080561E+00    0.456864178823083833E+00   -0.184181206014348620E+00    0.122857698016807099E+00    0.229377862112957187E-01   -0.193238424155981192E+00   -0.112133707496794988E+01   -0.103132814679827014E+02
    0.193418811362846138E-01   -0.316410701353925710E+02    0.632880911050088146E+00    0.122650727854825981E+01    0.649956900227651336E-02    0.169864735392085042E+01   -0.125515563362543059E+01   -0.990411660513103309E-01   -0.237847158179083218E+01   -0.220206287657441047E+00   -0.169360931976419798E+00   -0.152184309928565076E+00   -0.274239520440104356E+00   -0.100267643761469438E+01   -0.103119397844587048E+02
    0.418467751818131367E-01   -0.197173086215651701E+02    0.165560082440385492E+01    0.123178462138923783E+01    0.100563015652702648E-01    0.165469239897329734E+01   -0.202175755226511145E+01   -0.265133362268678952E+00    0.339399622866043282E+01   -0.249339442028213537E+00   -0.225548980050053832E+00   -0.398994631280530587E+00   -0.263150084719844135E+00   -0.101920534011547126E+01   -0.102784729003906250E+02
    0.115179809571574088E+00   -0.226857656202418880E+02    0.126597823145349175E+01    0.907808777834687053E+00    0.133098030380511441E-01    0.163961028518387542E+01   -0.181317272571742683E+01   -0.129793841572692498E+00    0.514827929989045430E+01   -0.141411720779617556E+00   -0.111566005875062740E+00   -0.396202188017457824E+00   -0.309068005559687276E+00   -0.108876986605244253E+01   -0.102733644757952014E+02
   -0.137651035865191812E-01   -0.263577681372207380E+02    0.101327279360261646E+01    0.808434738247233886E+00    0.219139250178635309E-01    0.172074254250936720E+01   -0.223160903771100472E+01   -0.313333163242505430E-01   -0.150285335822366095E+01    0.763562250797848452E-01   -0.233850762643135562E+00   -0.283390490377335602E+00   -0.258756442801788333E+00   -0.116415476798615214E+01   -0.102708620343889514E+02
    0.342774993604639533E-01   -0.290251443246484371E+02    0.299910383054550311E+00    0.831267544153714621E+00    0.112492377426597467E-01    0.167923285981235892E+01   -0.249457407272758225E+01   -0.809461868563107756E-01   -0.449661503442631094E+01    0.745433877017825930E-01    0.189572983121816460E-01    0.665639865743951897E-01   -0.220690742621552249E+00   -0.105001403835318552E+01   -0.102700217110770087E+02
    0.568632701531959980E-01   -0.304040790565332308E+02    0.115805090747953932E+01    0.885090470671381246E+00    0.890099098854260119E-02    0.165752188068297945E+01   -0.223716362533621371E+01   -0.289460948524062553E-01   -0.143925890845997140E+01    0.128408522060624836E+00   -0.801511940329181355E-01   -0.126267339908447657E+00   -0.216681968700473737E+00   -0.105575371731481060E+01   -0.102509569440569202E+02
    0.559670557867013307E-01   -0.303597030897722142E+02    0.104769887186302446E+01    0.110948823916548234E+01    0.119432359663343909E-01    0.167718768899008452E+01   -0.168863371427987530E+01   -0.885760187430691126E-01   -0.494596862933121439E+00   -0.320075697735655695E+00   -0.762951174722603237E-01   -0.332556125698791338E-01   -0.179852034131289168E+00   -0.103825940258106342E+01   -0.102455291748046875E+02
    0.287777550874312171E-01   -0.247048531909147542E+02    0.221453049011771930E+00    0.145295351760661196E+01    0.143850082851930509E-01    0.166399950154913490E+01   -0.216423608726903094E+01   -0.215802366841543553E+00   -0.532431168696597101E+01   -0.906305303938291229E-01   -0.159259382941763061E+00    0.536155273136666166E-01   -0.996701071560144036E-01   -0.107634745766890672E+01   -0.102451357160295764E+02
   -0.174038924790308469E-01   -0.215872514364896766E+02    0.315370124563719267E+00    0.931794770810948303E+00    0.846577707909667090E-02    0.172445380755677524E+01   -0.199769107040355576E+01   -0.162728135498801274E+00    0.197430973584951142E+01   -0.232731860484074460E+00   -0.323774355386454576E-01   -0.763589855278711815E-01   -0.315740154051132038E+00   -0.101106728842093685E+01   -0.102396567208426337E+02
    0.782490640256283815E-01   -0.311557121225212299E+02    0.109086336924929306E+01    0.110388993001865177E+01    0.146070546242274019E-01    0.173042388912285805E+01   -0.200519288360613235E+01   -0.130742749264389946E+00    0.217543970692610733E+01   -0.245548956150142467E+00   -0.124928800297924553E+00   -0.394205617409342846E+00   -0.243728635214550793E+00   -0.108748342929425101E+01   -0.102319434029715399E+02
    0.564434068356019850E-01   -0.304667068750114183E+02    0.643632264655903397E+00    0.133590163408757623E+01    0.155331455921338957E-01    0.174793654191770576E+01   -0.940066645401538503E+00   -0.193994745670101665E+00   -0.496561321825194923E+01    0.105469817942647287E+00   -0.586517665411085132E-01   -0.873791544537072806E-01   -0.116920620886153959E+00   -0.105343245785581274E+01   -0.102164350237165173E+02
    0.491620756063514894E-01   -0.246033410889422299E+02    0.125009186652881921E+01    0.894627484089341674E+00    0.954503109825218313E-02    0.173305755493564573E+01   -0.108186318983379026E+01   -0.829377616998329265E-01    0.428541874652876054E+01   -0.254166212825461091E+00   -0.208796707766948586E+00   -0.195894528778495502E+00   -0.333526287802103250E+00   -0.109233143507626806E+01   -0.102023838588169635E+02
    0.880156028789128020E-02   -0.268567853663380873E+02    0.550189042150499130E+00    0.177687425302749613E+00    0.778572530437984453E-02    0.170652384539049029E+01   -0.162684340956009632E+01   -0.105507408940216707E+00   -0.112696624915014043E+01   -0.740778127855240970E-01    0.163777942080560207E+00   -0.630466253160340273E-01   -0.260546775842763090E+00   -0.114405877800022360E+01   -0.101963184901646198E+02
    0.339812074225911975E-03   -0.257871577528589988E+02    0.792897401722806983E+00    0.699953544936410155E+00    0.147830658342150336E-01    0.175970637940855879E+01   -0.166745967420825880E+01    0.934343582537960071E-01   -0.305156826033654882E+01   -0.687643878258966113E-01   -0.446492300522715879E-01   -0.949488423458489661E-01   -0.442912891789583596E+00   -0.103171307090663533E+01   -0.101801278250558038E+02
   -0.737687481441319515E-02   -0.219223186743021117E+02    0.306283341822105593E-01    0.115020380641559350E+01    0.131242328140805282E-01    0.169939465951488322E+01   -0.156722126362570346E+01   -0.111848089946442256E+00   -0.632598894413960089E+01    0.519180217321443815E-02   -0.122998392777348281E+00    0.192527381613771115E+00   -0.230271847238083693E+00   -0.104678661852848309E+01   -0.101790651593889514E+02
    0.681572157715401999E-01   -0.309509393937195156E+02    0.236415142425867530E+00    0.634462103382814724E+00    0.129328739948880878E-01    0.167861346493585351E+01   -0.176709733799877755E+01   -0.115047358286687232E+00   -0.573038966281441020E+01    0.348641750486810342E+00    0.721769504272411766E-01    0.159631235815530431E+00   -0.152788083667647734E+00   -0.101290444311611338E+01   -0.101729202270507812E+02
    0.730688550470070947E-01   -0.318232854324412813E+02    0.359177528274587210E+00    0.876207211060903601E+00    0.130616181709364947E-01    0.168825837067614826E+01   -0.204394396823388114E+01   -0.149680829328597220E+00   -0.534543281969039086E+01   -0.903757340623478345E-01    0.228454188632666116E+00   -0.197723021104731778E-01   -0.212446823027596821E+00   -0.104812466449501107E+01   -0.101704188755580365E+02
    0.560265933103716307E-01   -0.216451345684340239E+02    0.718085323920902074E+00    0.641039429587553111E+00    0.282471643120564692E-01    0.167443388411766980E+01   -0.288193176070111701E+01   -0.994471175939161539E-01   -0.212825403809769531E+01   -0.336956121808897752E-01    0.909527680122745041E-01   -0.124352400694851983E+00   -0.267242184936637317E+00   -0.107180266072693464E+01   -0.101636265345982135E+02
    0.642145753905636468E-01   -0.276793541465769337E+02    0.103354354581552488E+01    0.643749142854987300E+00    0.190156415593132726E-01    0.174707078896936463E+01   -0.174037073658260955E+01    0.407425148777812440E-02   -0.194631034953105719E+01   -0.164372392472889872E-01   -0.864587342628609923E-01   -0.919286960105721446E-01   -0.301863900594299572E+00   -0.106526251854747533E+01   -0.101623066493443073E+02
    0.970109911553476145E-01   -0.337339726289107773E+02    0.433280010455670994E+00    0.130690157745752389E+01    0.162123941166077944E-01    0.170973587402237093E+01   -0.905345002411887645E+00   -0.153751124976531456E+00   -0.238930970014601041E+01   -0.140216114559780808E+00    0.194363726377208904E-01   -0.152761713508114128E-01   -0.262827814594330522E+00   -0.105906176859317402E+01   -0.988670240129743227E+01
   -0.839696465619282212E-01   -0.208905153947421240E+02    0.735444169170439421E+00    0.127903199363970987E+01    0.113153680744553873E-01    0.176411470419866578E+01   -0.129794308328737351E+01   -0.120339952265959296E+00   -0.537073882622068144E+01    0.105503523652266701E+00   -0.951020582451648777E-01   -0.307473865412520309E-01   -0.179071142667166894E+00   -0.103486464461509353E+01   -0.997380937848772398E+01
    0.194779673684029875E-01   -0.279958910853314862E+02    0.105861919351407807E+01    0.744249255840542578E+00    0.736046776176843727E-02    0.171138533929902126E+01   -0.159721268075831824E+01   -0.167166065160930771E+00   -0.531178215884059224E+00    0.207730327815700305E+00    0.455259421780207160E-01   -0.159377955220335737E+00   -0.138973802757319853E+00   -0.100368089910033609E+01   -0.985982622419084898E+01
   -0.771781634593052407E-01   -0.186577696508423010E+02    0.945017052209085717E+00    0.113025033007540365E+01    0.845823852645047163E-02    0.167887650665470489E+01   -0.160982977306356312E+01   -0.156488510527994840E+00   -0.287387831751893108E+01   -0.563401435456673677E-01    0.584754652449624018E-02   -0.777471775628238160E-01   -0.274724107388069905E+00   -0.101193613276128347E+01   -0.990197862897600523E+01
    0.618123288363805271E-01   -0.366818965371937580E+02    0.937228507926373133E+00    0.100127305157119650E+01    0.871702618501648575E-02    0.172556784217973758E+01   -0.170269250764793956E+01   -0.181238089906189753E+00   -0.850869685724312763E+00   -0.147253223010736012E+00    0.221959521507253205E+00   -0.218848027274527790E+00   -0.216907585905762729E+00   -0.103530493416428104E+01   -0.968214089529854860E+01
    0.618123288363805271E-01   -0.366818965371937580E+02    0.937228507926373133E+00    0.100127305157119650E+01    0.871702618501648575E-02    0.172556784217973758E+01   -0.170269250764793956E+01   -0.181238089906189753E+00   -0.850869685724312763E+00   -0.147253223010736012E+00    0.221959521507253205E+00   -0.218848027274527790E+00   -0.216907585905762729E+00   -0.103530493416428104E+01   -0.968214089529854860E+01
   -0.865182821563000026E-02   -0.337202655102528439E+02   -0.411639457139654996E+00    0.998141431334240270E+00    0.776636008271734332E-02    0.173454919647552441E+01   -0.170081267830144034E+01   -0.140477160108837346E+00   -0.190247275721178033E+01   -0.230247097650163851E+00    0.281026872345826240E+00   -0.666029238125546430E-01   -0.288607817829971802E+00   -0.100390305423258575E+01   -0.993372344970703125E+01
    0.529867159687385167E-01   -0.308705281066769928E+02    0.113319733951721724E+01    0.853999502553564271E+00    0.839062680457394565E-02    0.169868222176880113E+01   -0.174921321348578873E+01   -0.706497134759156847E-01   -0.784319476440973951E+01    0.796555450210645055E-01    0.176097798889041424E+00   -0.183535763789894696E+00   -0.231621891767356036E+00   -0.102451984572233323E+01   -0.982342093331473265E+01
    0.687498958064636928E-01   -0.332949800867254808E+02    0.395614496338353161E+00    0.110299242358343275E+01    0.114117228739470181E-01    0.171016751639881037E+01   -0.145123663219121002E+01   -0.205505734683316899E+00   -0.606755019441114207E+00   -0.209445236813388586E+00    0.191455359422131946E-01   -0.365860034214690599E-02   -0.120303973219488367E+00   -0.101869801620651557E+01   -0.101174610682896198E+02
   -0.166510627298330077E-01   -0.318325082707793996E+02   -0.341024247079750875E-01    0.133738750413970475E+01    0.103041508048210603E-01    0.175416858159883682E+01   -0.186745582001175170E+01   -0.157679363309515319E+00    0.140615599390526702E+01    0.731098885320164704E-01   -0.634802336375300119E-02   -0.318289632821881607E+00   -0.414274316297270684E+00   -0.100822041121887573E+01   -0.979849570138113890E+01
    0.128921075117444661E-01   -0.278793309829878737E+02    0.785502760662141974E+00    0.922961330827103521E+00    0.593500242106785245E-02    0.169359649725483807E+01   -0.136109277300237830E+01   -0.151067959473144109E+00    0.213183263428874481E+01   -0.162532638002703317E+00   -0.203848805015831303E-02   -0.716205345722537856E-01   -0.222688964521185667E+00   -0.112775929910650397E+01   -0.990005602155413023E+01
    0.328491745611646097E-01   -0.312964823631802211E+02    0.676733658177689601E+00    0.111099040949242256E+01    0.818702541406107764E-02    0.170388788835238958E+01   -0.194337291416030178E+01   -0.251611881966415374E+00   -0.464177327101809478E+00   -0.210832982648299666E+00    0.486875875632746050E-01   -0.128956579343219357E+00   -0.160441387977533073E+00   -0.105150795404317998E+01   -0.994972773960658508E+01
    0.581674329302090190E-01   -0.225536472285160556E+02    0.795465407250668610E+00    0.151704150285116279E+01    0.159631708113664797E-01    0.173271376665718768E+01   -0.156789264413902663E+01   -0.332796693924017561E+00   -0.192101429741636531E+01    0.354229009458315591E-01   -0.260005822094307060E+00   -0.179405820859749987E+00   -0.144428582991116772E+00   -0.101140120783869913E+01   -0.101283275059291302E+02
    0.258640056889372777E-01   -0.263921714205654290E+02   -0.442926054930417812E+00    0.123289914690327551E+01    0.129546959040629378E-01    0.172277769477854892E+01   -0.188483820364290500E+01   -0.155002898584478133E+00   -0.147853490331170923E+01   -0.103198880692432104E+00   -0.882119761077688469E-01    0.203829752288356703E-01   -0.238473972088135394E+00   -0.101985078017256403E+01   -0.101513977050781250E+02
    0.265371847125558946E-01   -0.339516245371301011E+02    0.419381020185802811E-01    0.113220420591868298E+01    0.911240609180039192E-02    0.170945617284859663E+01   -0.162137304987049613E+01   -0.175970543772980992E+00   -0.718097369505845240E+00   -0.137779569083278680E+00   -0.777527232027929172E-01   -0.677184922302384307E-01   -0.145567180878748731E+00   -0.110220825854545357E+01   -0.985817173549107117E+01
    0.431705828930567942E-01   -0.297362140841252369E+02    0.588965700527917635E+00    0.519926961945847199E+00    0.922599223438617250E-02    0.173052803444835357E+01   -0.127413957370837050E+01   -0.127373473251823327E+00    0.352712327746781185E+00    0.221189414690543734E+00    0.132866632922708436E-01   -0.159523718650391610E+00   -0.258211655206378510E+00   -0.100399700191797026E+01   -0.984377506801060242E+01
    0.490944491902468513E-01   -0.347265360701007850E+02   -0.384839463528032666E+00    0.153507789461321398E+01    0.113604011297527216E-01    0.169663578018689520E+01   -0.199428543867137908E+01   -0.132779614200508822E+00   -0.864907807002773765E+01   -0.276003682825454455E+00    0.906565921231989452E-02   -0.968676833383656788E-01   -0.264202211219832672E+00   -0.104203557175061534E+01   -0.100252805437360486E+02
   -0.375174153689016715E-01   -0.205821919026607674E+02    0.687420911706330018E+00    0.128174393637052342E+01    0.150452976376799444E-01    0.172759250108220264E+01   -0.183254676279906414E+01   -0.830842942203402074E-01   -0.699906084330034517E+01   -0.186489297203793813E+00   -0.930331095054209023E-01    0.273008237204315884E+00   -0.135368672684698349E+00   -0.113148785390158380E+01   -0.977748325892857117E+01
    0.481376962412531570E-01   -0.264210944809282040E+02    0.969299821939876405E+00    0.153058693523588341E+01    0.154378562718251854E-01    0.175752358269462006E+01   -0.155541944484115557E+01   -0.911177287226236921E-01   -0.727581836665684811E+01    0.739779440108018493E-01   -0.276311606986574365E+00   -0.166100797923735305E+00   -0.276779377031308449E+00   -0.102738057901264734E+01   -0.972012656075613890E+01
    0.481376962412531570E-01   -0.264210944809282040E+02    0.969299821939876405E+00    0.153058693523588341E+01    0.154378562718251854E-01    0.175752358269462006E+01   -0.155541944484115557E+01   -0.911177287226236921E-01   -0.727581836665684811E+01    0.739779440108018493E-01   -0.276311606986574365E+00   -0.166100797923735305E+00   -0.276779377031308449E+00   -0.102738057901264734E+01   -0.972012656075613890E+01
    0.636092748240637551E-01   -0.202088248253737781E+02    0.879133918283952820E+00    0.146520860571899481E+01    0.179150889798177296E-01    0.179474357613730429E+01   -0.904423493459005190E+00   -0.172964733484309380E+00   -0.541009929088043862E+01   -0.123892330029869630E+00   -0.858044041476108410E-01    0.847041208532666456E-01   -0.233279329845794081E+00   -0.107969556128964861E+01   -0.978312574114118227E+01
    0.636092748240637551E-01   -0.202088248253737781E+02    0.879133918283952820E+00    0.146520860571899481E+01    0.179150889798177296E-01    0.179474357613730429E+01   -0.904423493459005190E+00   -0.172964733484309380E+00   -0.541009929088043862E+01   -0.123892330029869630E+00   -0.858044041476108410E-01    0.847041208532666456E-01   -0.233279329845794081E+00   -0.107969556128964861E+01   -0.978312574114118227E+01
    0.317738565820052526E-01   -0.245413056540606398E+02    0.652088675560585473E+00    0.122018913102447835E+01    0.143877843940934478E-01    0.169502968259003528E+01   -0.153216531968621950E+01   -0.122320905243597081E+00   -0.555023194204816228E+01    0.210902201448892795E+00   -0.182833558640833060E+00   -0.588809567115074761E-01   -0.205780450153271455E+00   -0.108211297652594141E+01   -0.101568527221679688E+02
    0.949706453039261544E-01   -0.370625244977519941E+02    0.538547351797627472E+00    0.145224547100058765E+01    0.135452591566274910E-01    0.171752341094458005E+01   -0.165347840125539736E+01   -0.105415520825105191E+00   -0.592267554851697398E+01   -0.107505573862010165E+00   -0.936127695593989700E-01   -0.130534804941151050E+00   -0.308511297920830985E+00   -0.116917365961285014E+01   -0.997930254255022398E+01
    0.949706453039261544E-01   -0.370625244977519941E+02    0.538547351797627472E+00    0.145224547100058765E+01    0.135452591566274910E-01    0.171752341094458005E+01   -0.165347840125539736E+01   -0.105415520825105191E+00   -0.592267554851697398E+01   -0.107505573862010165E+00   -0.936127695593989700E-01   -0.130534804941151050E+00   -0.308511297920830985E+00   -0.116917365961285014E+01   -0.997930254255022398E+01
    0.773165569553546511E-01   -0.204595616892404912E+02    0.140914531413036315E+01    0.104653166324071711E+01    0.191228624707754299E-01    0.175000518436447594E+01   -0.164984808608208833E+01   -0.136831334734548116E+00   -0.746753241807271806E+01    0.176718705932972703E+00   -0.471045258666498712E-01   -0.424972351861068187E-01   -0.228335900494877148E+00   -0.102362112931498994E+01   -0.995745195661272398E+01
    0.999947572499104986E-01   -0.269234543398849056E+02    0.121366468913433390E+01    0.146037152951253391E+01    0.166903128738857820E-01    0.168885183379061621E+01   -0.130728277421426120E+01   -0.192253362919356130E+00   -0.446434447746514973E+01   -0.127436324887888253E+00   -0.129093351718275962E+00   -0.157715938046221277E+00   -0.263279988170485812E+00   -0.105741582150715963E+01   -0.971448516845703125E+01
    0.103803543831857359E+00   -0.255546653066501364E+02    0.565265300377050361E+00    0.130608986445186637E+01    0.225248833009574663E-01    0.182357514772601137E+01   -0.189313529015665849E+01   -0.812195676212078554E-01   -0.140527642055262696E+02   -0.829296189234955683E-01   -0.113238863428416131E+00   -0.456901307995591366E-01   -0.359612149032171757E+00   -0.120725820809256001E+01   -0.100831941877092639E+02
    0.423986772656906666E-01   -0.308471720305948125E+02    0.551783408877092318E+00    0.130857905538421071E+01    0.145763311744587926E-01    0.174780275874629498E+01   -0.186865544546354334E+01   -0.121877539374552812E+00   -0.118552372330945976E+01    0.163777191846921910E-01   -0.113991045619461745E+00   -0.335532693925557624E+00   -0.286494478628942728E+00   -0.112404055309506457E+01   -0.979478890555245485E+01
    0.423986772656906666E-01   -0.308471720305948125E+02    0.551783408877092318E+00    0.130857905538421071E+01    0.145763311744587926E-01    0.174780275874629498E+01   -0.186865544546354334E+01   -0.121877539374552812E+00   -0.118552372330945976E+01    0.163777191846921910E-01   -0.113991045619461745E+00   -0.335532693925557624E+00   -0.286494478628942728E+00   -0.112404055309506457E+01   -0.979478890555245485E+01
   -0.706937306905480733E-02   -0.257792967446337045E+02    0.481676560814275900E+00    0.984648287692872493E+00    0.121840138666296227E-01    0.174153063579403877E+01   -0.181186271248691111E+01   -0.107199961195775031E+00   -0.305735964769803026E+00   -0.472167955706714881E-02   -0.182985872527563098E+00   -0.298214266639746206E+00   -0.293470630605614735E+00   -0.107950949833390242E+01   -0.971492222377232117E+01
   -0.802641350465797820E-02   -0.190420626449081460E+02    0.430563290943957400E+00    0.677401074421464910E+00    0.153053294245838953E-01    0.170912228015480872E+01   -0.270345481468231252E+01   -0.136565982411520015E+00   -0.241264633727297628E+01   -0.220456153233282437E-01   -0.670855973411906559E-01   -0.658703954826811988E-01   -0.263616400617302460E+00   -0.122060258407413191E+01   -0.100882993425641736E+02
    0.128926615571078318E-01   -0.212096380352460372E+02    0.117923653404955253E+01    0.978671452165795208E+00    0.164182454052635499E-01    0.168467244409801342E+01   -0.119577543438420597E+01   -0.540625951590441578E-01   -0.117597930202229373E+01   -0.192720050783940278E+00   -0.494010222368226892E-02   -0.124775329245246369E-01   -0.282168209187623642E+00   -0.108829032569524209E+01   -0.984171295166015625E+01
   -0.132709874448199011E-01   -0.288154877489117176E+02    0.639056399696566579E+00    0.776669316787425790E+00    0.996944824118853150E-02    0.176894124356519811E+01   -0.263839259584168317E+01   -0.647569517948752560E-01    0.658357886332989217E+01    0.251210457046428803E-01    0.431716301013628304E-01   -0.346086375292194215E+00   -0.454287130446053344E+00   -0.104642565879410543E+01   -0.994423239571707640E+01
    0.100730110849050133E+00   -0.253337187128103984E+02    0.136709103062998816E+01    0.791530288150762762E+00    0.539470131182705464E-02    0.165437885767141779E+01   -0.198063778953563863E+01   -0.625107043929698791E-01   -0.325122723961378934E+01   -0.281819070146438810E+00   -0.402960526706367533E-01   -0.399507406355076033E-01   -0.289803651053020306E+00   -0.104001053726000303E+01   -0.984179687500000000E+01
    0.100730110849050133E+00   -0.253337187128103984E+02    0.136709103062998816E+01    0.791530288150762762E+00    0.539470131182705464E-02    0.165437885767141779E+01   -0.198063778953563863E+01   -0.625107043929698791E-01   -0.325122723961378934E+01   -0.281819070146438810E+00   -0.402960526706367533E-01   -0.399507406355076033E-01   -0.289803651053020306E+00   -0.104001053726000303E+01   -0.984179687500000000E+01
    0.663770086246777274E-01   -0.226618715443695962E+02    0.180641531100456332E+01    0.664418919350037940E+00    0.929440574039917637E-02    0.178973365146126850E+01   -0.174203044629221671E+01   -0.738502752839989562E-01    0.557567221802277135E+00   -0.141842480807064047E+00   -0.124871459523885259E+00   -0.283792759105400194E+00   -0.344866679952735233E+00   -0.102974135237279008E+01   -0.974725014822823610E+01
    0.117724735830782912E+00   -0.295476844149311724E+02    0.146515662235485200E+01    0.116875909054581695E+01    0.185265164539260493E-01    0.170987119835372514E+01   -0.185844305283893863E+01   -0.125037261616850470E+00    0.244093558339080596E+01    0.180409607875741118E-01   -0.123500642488356432E+00   -0.522245903686200386E+00   -0.278011317314482365E+00   -0.101891349187151348E+01   -0.964850834437778992E+01
    0.465058945885919311E-01   -0.206220622644083349E+02    0.125093207993666011E+01    0.903328032758602295E+00    0.957002386587484793E-02    0.166250790966625095E+01   -0.246031974235625350E+01    0.163736519303828154E-01    0.187646665758646725E+01   -0.896769894317360206E-01   -0.189881187595948048E+00   -0.322520976281992888E+00   -0.359891556089808884E+00   -0.103283469183349141E+01   -0.996721431187221008E+01
    0.140255763173216391E-01   -0.247281416111543635E+02    0.125510059983001643E+01    0.822346592814059973E+00    0.135367429641659268E-01    0.171359421146449642E+01   -0.887722189062874589E+00   -0.115827230975019541E+00   -0.740673344837440517E+00    0.484142690915151941E-01   -0.698938368725844084E-01   -0.255267999000653500E+00   -0.233310594552221584E+00   -0.110431917632111309E+01   -0.975687517438616148E+01
    0.211870192320377793E-01   -0.246267074976564970E+02    0.731971163864799101E+00    0.122799024846724159E+01    0.183248395336172223E-01    0.178655341511095633E+01   -0.219888931144767774E+01   -0.267236001131359591E+00    0.281904241425092428E+01    0.100291972902185528E+00   -0.691650903020150920E-01   -0.398034730922638580E+00   -0.260506481330105621E+00   -0.105173092336429819E+01   -0.988804626464843750E+01
    0.558645532497944880E-01   -0.314036057743407966E+02    0.797528506775250445E+00    0.115364169305697994E+01    0.117800821167984501E-01    0.168163041568796845E+01   -0.171264737449291449E+01   -0.134679091659564570E-01   -0.568522389251361915E+01   -0.313964217588389993E-01   -0.135584687916662949E+00   -0.240387200040453969E+00   -0.255903467648818883E+00   -0.104422259850131582E+01   -0.100119400024414062E+02
   -0.202600572878844226E-01   -0.210875320488099689E+02    0.604988638707810389E+00    0.483610688088272345E+00    0.735053504960830450E-02    0.174318168870947798E+01   -0.192616792403503312E+01   -0.237827376509200966E+00    0.728285435618749588E-01   -0.907428939001306972E-01   -0.203738066647572380E+00   -0.117917890515968071E-01   -0.145806426449292981E+00   -0.121669215429105959E+01   -0.100457621983119427E+02
   -0.144501064102196541E-01   -0.194547900371805156E+02    0.562406014017239553E+00    0.122851184992428575E+01    0.151434107929280144E-01    0.169083964088741334E+01   -0.277759821885628577E+01   -0.149522113487572550E+00   -0.517550274832148904E+01    0.517040346920515648E-01   -0.475560451454925190E-01   -0.302653995631436579E+00   -0.322714897194004924E+00   -0.108109935545116831E+01   -0.101429138183593750E+02
    0.624043021537784084E-01   -0.366925565344062932E+02    0.101161685172784366E+01    0.932414683686870305E+00    0.103209210195081072E-01    0.177075203088620969E+01   -0.171953082221452203E+01   -0.819694548054490796E-01   -0.396009548156791080E+01   -0.158918683976391195E+00   -0.114180996689615594E+00   -0.215793602925536704E+00   -0.180244516369149649E+00   -0.118133617012852787E+01   -0.100699539184570312E+02
    0.210306702841136367E-01   -0.288761887263100334E+02    0.351797907840645185E+00    0.103239401282066012E+01    0.163722182859062093E-01    0.173732044703837696E+01   -0.190778915435430019E+01    0.494372425537360771E-02   -0.682193598798606615E+01   -0.360409846760750829E-03   -0.170030503234138985E+00   -0.745906348871491487E-01   -0.250750845848247306E+00   -0.112278276815115108E+01   -0.963184247698102602E+01
    0.210306702841136367E-01   -0.288761887263100334E+02    0.351797907840645185E+00    0.103239401282066012E+01    0.163722182859062093E-01    0.173732044703837696E+01   -0.190778915435430019E+01    0.494372425537360771E-02   -0.682193598798606615E+01   -0.360409846760750829E-03   -0.170030503234138985E+00   -0.745906348871491487E-01   -0.250750845848247306E+00   -0.112278276815115108E+01   -0.963184247698102602E+01
    0.996963581080302502E-01   -0.248512662643392517E+02    0.142003041795241725E+01    0.263313241240418883E+00    0.823750192035614497E-02    0.168342627940549572E+01   -0.147274494182938120E+01   -0.218078094878091711E+00    0.444054745556024866E+00   -0.139819004443083900E+00   -0.625898386178009580E-01   -0.214353577819824281E+00   -0.149224571049350802E+00   -0.127235514465459643E+01   -0.967568315778459898E+01
    0.996963581080302502E-01   -0.248512662643392517E+02    0.142003041795241725E+01    0.263313241240418883E+00    0.823750192035614497E-02    0.168342627940549572E+01   -0.147274494182938120E+01   -0.218078094878091711E+00    0.444054745556024866E+00   -0.139819004443083900E+00   -0.625898386178009580E-01   -0.214353577819824281E+00   -0.149224571049350802E+00   -0.127235514465459643E+01   -0.967568315778459898E+01
   -0.531057205293422596E-04   -0.248330981400227842E+02    0.631892304372435154E+00    0.132839355364176237E+01    0.156769317861052242E-01    0.169517475256726069E+01   -0.115658831098324622E+01   -0.153468131533446461E+00   -0.265922015847283744E+01    0.277767276953607978E-01   -0.840747429706084348E-01   -0.430313193423779383E+00   -0.287882719807503240E+00   -0.103019614975139562E+01   -0.100293470110212048E+02
   -0.767027750590509871E-02   -0.244238820612390128E+02    0.639591341242923273E+00    0.126077144335029745E+01    0.164902930559492483E-01    0.169348440854523408E+01   -0.157663824074334613E+01   -0.855919258680652995E-01   -0.480755926090571784E+01   -0.310235617770512784E+00   -0.276294937355444692E+00   -0.404811896996234155E-01   -0.187889875672621276E+00   -0.109019625534899323E+01   -0.100915069580078125E+02
   -0.275791661994012754E-01   -0.243322868658245746E+02    0.790950186517750509E+00    0.772678859174981358E+00    0.117271998051856202E-01    0.175979568276621001E+01   -0.212905525578096722E+01   -0.727993980221241094E-01    0.545663307308166701E+00   -0.228056100315766480E+00   -0.811176577147260658E-01    0.252969351206908222E+00   -0.236652077304486758E+00   -0.108314394476961295E+01   -0.979795837402343750E+01
    0.262938628638653971E-01   -0.252832658568469952E+02    0.575117302584444268E+00    0.148159757873433517E+01    0.152176256576636408E-01    0.169049907630198737E+01   -0.146639974952697272E+01   -0.300753647422998260E-01   -0.706950810004992114E+01   -0.205769427495533813E+00   -0.374372117857669440E+00   -0.224274839699725503E+00   -0.276051195304280295E+00   -0.107365342802078501E+01   -0.999109322684151735E+01
    0.897767270062923561E-01   -0.258888922449698882E+02    0.150673526557149184E+01    0.114453510764791222E+01    0.758305868808960108E-02    0.164624851826735541E+01   -0.119569645898201071E+01   -0.776959141746875886E-01   -0.163371411698013724E+01   -0.498620087925131350E+00   -0.133916875486783937E+00   -0.110022691912880763E+00   -0.319910109662454201E+00   -0.111473329017237033E+01   -0.982502528599330383E+01
    0.162122849463287866E-01   -0.202342260862398007E+02    0.782940021659524366E+00    0.118477574611462577E+01    0.198480421197170312E-01    0.174821199526580395E+01   -0.878506014135033597E+00   -0.177680672180892646E+00   -0.632258037715227417E+01   -0.138525436719012851E+00   -0.128474241197925609E+00   -0.146181795349719867E+00   -0.220661631864539576E+00   -0.104247224171980868E+01   -0.979434749058314758E+01
    0.162122849463287866E-01   -0.202342260862398007E+02    0.782940021659524366E+00    0.118477574611462577E+01    0.198480421197170312E-01    0.174821199526580395E+01   -0.878506014135033597E+00   -0.177680672180892646E+00   -0.632258037715227417E+01   -0.138525436719012851E+00   -0.128474241197925609E+00   -0.146181795349719867E+00   -0.220661631864539576E+00   -0.104247224171980868E+01   -0.979434749058314758E+01
   -0.550545248774635121E-02   -0.158325265922391978E+02    0.130531498516875821E+01    0.109881211120836175E+01    0.148884975239867729E-01    0.173204965909277453E+01   -0.115717482000888428E+01   -0.115970743728800701E+00   -0.676350015667886417E+01   -0.142130370802413364E+00   -0.651733241963476234E-01    0.102255679699989749E+00   -0.200183642615426066E+00   -0.108324799801283911E+01   -0.983202689034598265E+01
    0.514220805177763723E-01   -0.184940059612072076E+02    0.145682266437706920E+01    0.117627902320072186E+01    0.165254957422353577E-01    0.174893283556585888E+01   -0.143824412844628324E+01   -0.302495308732635748E+00    0.223783412962500217E+01   -0.196354908889136398E+00   -0.185374597928076201E+00   -0.359504070611737170E+00   -0.211463779446830702E+00   -0.104229420679908036E+01   -0.980436270577567015E+01
