    0.111074930396191013E+00   -0.297443344269357510E+02    0.934990908625664918E+00    0.119125747455785125E+01    0.668796654681152580E-02    0.197150437925661848E+01   -0.191807216206095132E+01   -0.661237593888772124E-01   -0.544121961280948518E+01   -0.162333392021040801E+00   -0.659186583182862634E-01   -0.365997790800528244E+00   -0.114834461495748136E+00   -0.109132834415480451E+01   -0.313193935973411142E+01   -0.391195633965034517E+01    1
    0.109419330169336637E+00   -0.298273883743011581E+02    0.948258958475519553E+00    0.909910842039594492E+00    0.707826511122425662E-02    0.195899568006827884E+01   -0.146074795772675126E+01   -0.836661143480241370E-01   -0.562329361793575266E+01   -0.799260759539561355E-01   -0.690546879627789989E-01   -0.254545070118373684E+00   -0.136167185998817358E+00   -0.112240144598147107E+01   -0.286122406756575609E+01   -0.393195633965034208E+01    1
    0.110025484145683236E+00   -0.297349056508017888E+02    0.915222776225043000E+00    0.949095367902003773E+00    0.638343803963936206E-02    0.198294590488399547E+01   -0.152622697528769424E+01   -0.684836569588360977E-01   -0.451374199850151214E+01   -0.119790848734762589E+00   -0.583393785322537453E-01   -0.312415497838317402E+00   -0.122898150104679763E+00   -0.105220808489491136E+01   -0.180394145310798248E+01   -0.395195633965034165E+01    1
    0.105430037194674781E+00   -0.295519211823352208E+02    0.938870110789894352E+00    0.101310008254927353E+01    0.698156856615103627E-02    0.195203370247546060E+01   -0.167922600382609599E+01   -0.742584642844645038E-01   -0.545072309911945130E+01   -0.136573051837047710E+00   -0.338720951230847347E-01   -0.115810621514356532E+00   -0.117588504355488427E+00   -0.105869643131348079E+01   -0.178269116597566457E+01   -0.397195633965034300E+01    1
    0.109967609208905776E+00   -0.299183597123811005E+02    0.949221182902880489E+00    0.110332590000235453E+01    0.706620864278786724E-02    0.197430927653394050E+01   -0.181283541476141097E+01   -0.692583713251364308E-01   -0.532196929243973749E+01   -0.152551659650749211E+00   -0.771206980761675043E-01   -0.319476230477358680E+00   -0.109097104539876436E+00   -0.108006910145701984E+01   -0.175542702635872705E+01   -0.399195633965034391E+01    1
    0.104161313029244099E+00   -0.299950766680305243E+02    0.954615524006163563E+00    0.109333255240833416E+01    0.738992383236608628E-02    0.196733081636612739E+01   -0.185378518961466088E+01   -0.833468995667689949E-01   -0.560208719192159510E+01   -0.154464352719647063E+00   -0.703713087142795457E-01   -0.211748710231678294E+00   -0.129557191413772893E+00   -0.107288247052208696E+01   -0.167351308619171557E+01   -0.401195633965034215E+01    1
    0.106243107762560393E+00   -0.303231232879461174E+02    0.941200124005425187E+00    0.956874890975853321E+00    0.642045587026345357E-02    0.195617217522954556E+01   -0.126399650881172976E+01   -0.799754700440329647E-01   -0.571407468983917877E+01   -0.911002099658242415E-01    0.157363879282171742E-01   -0.267356237053780532E+00   -0.111036889275175701E+00   -0.106862337893453363E+01   -0.165082189243198885E+01   -0.403195633965034173E+01    1
    0.108782366249406875E+00   -0.296909550259031931E+02    0.919304777760638903E+00    0.986575197146036031E+00    0.646746029213644564E-02    0.196007357553889339E+01   -0.194916831737643870E+01   -0.846158637302723837E-01   -0.528943668356577668E+01   -0.915767655692017873E-01   -0.651393407278852421E-01   -0.285264892468283737E+00   -0.120858371828786351E+00   -0.112182601832389151E+01   -0.162341380304153904E+01   -0.405195633965034396E+01    1
    0.112591870901053409E+00   -0.299033539345494361E+02    0.952472605182068111E+00    0.106829274857815482E+01    0.701896903135756228E-02    0.196827815831574249E+01   -0.131184574278917565E+01   -0.663876282203356843E-01   -0.598086771585155574E+01   -0.675616335336159390E-01    0.112883317486769663E-01   -0.229413849828009719E+00   -0.115536305721126928E+00   -0.106330409696728556E+01   -0.162267999490485182E+01   -0.407195633965034443E+01    1
    0.107571622996942021E+00   -0.299682745748116162E+02    0.935593301900074836E+00    0.999842196323038501E+00    0.691209421477691384E-02    0.195703012597249182E+01   -0.158152958488856621E+01   -0.745782756460697804E-01   -0.537340011477626511E+01   -0.118191244379948768E+00   -0.112024828703715384E+00   -0.383092230940863088E+00   -0.125793891316271000E+00   -0.102351526052930297E+01   -0.157774999922497439E+01   -0.409195633965034400E+01    1
    0.114216443123843631E+00   -0.297877533651323176E+02    0.931126120086350650E+00    0.106178086937562943E+01    0.647721704799645789E-02    0.198178227274247942E+01   -0.199011779602389161E+01   -0.735572005509613491E-01   -0.588546062753222099E+01   -0.126967624206639984E+00   -0.168410124780274839E+00   -0.149242528335751135E+00   -0.113457222231304083E+00   -0.108296962252329010E+01   -0.157706187217874394E+01   -0.411195633965034357E+01    1
    0.108768985745027164E+00   -0.301376060599051065E+02    0.908438684241011707E+00    0.122154103504106493E+01    0.742104238990151394E-02    0.197194992654731194E+01   -0.102704477714384979E+01   -0.715155556889562755E-01   -0.575561517393311739E+01   -0.133406207092332529E+00   -0.147770528973970028E+00   -0.419885432332294695E+00   -0.127306272401581405E+00   -0.108518577123282278E+01   -0.155917776760430393E+01   -0.413195633965034226E+01    1
    0.107831240324387442E+00   -0.303469388528271296E+02    0.947567471043233689E+00    0.111939432494258995E+01    0.722657705573160822E-02    0.198202535120587919E+01   -0.174500334139059410E+01   -0.693492490683291357E-01   -0.580998546769819857E+01   -0.792172566109383275E-01   -0.104729255684053169E+00   -0.291163396857819889E+00   -0.115363625903593628E+00   -0.113026253625413275E+01   -0.155083970738335886E+01   -0.415195633965034450E+01    1
    0.108989683935480544E+00   -0.302061837579783976E+02    0.926377835097675684E+00    0.104426175611444338E+01    0.612004323313854875E-02    0.197117869929876943E+01   -0.215266818686404937E+01   -0.731238176790238309E-01   -0.587132991288591821E+01   -0.146409024566640067E+00   -0.149877924126331941E+00   -0.234335113396082595E+00   -0.134057132766034648E+00   -0.108347743585694523E+01   -0.150845503658912405E+01   -0.417195633965034762E+01    1
    0.108504686216792531E+00   -0.300789727451986515E+02    0.950290048843991375E+00    0.109812403747382081E+01    0.693813788631563941E-02    0.197168765841532534E+01   -0.177291100334186602E+01   -0.854086394528869586E-01   -0.593294785578627426E+01   -0.116235183020557506E+00   -0.665099581336181939E-01   -0.134065045070874161E+00   -0.127678134057988252E+00   -0.108896657152586451E+01   -0.149617028948426012E+01   -0.419195633965034720E+01    1
    0.110362676065115059E+00   -0.300437748862182978E+02    0.947957147494349783E+00    0.114508265297082223E+01    0.777157154196912118E-02    0.196355511732483401E+01   -0.156562900531446303E+01   -0.704422650420586244E-01   -0.592388248110593452E+01   -0.137333789824280683E+00    0.259162775949586810E-02   -0.271211656750241781E+00   -0.126510349821315676E+00   -0.111195194912835049E+01   -0.149483948123254251E+01   -0.421195633965034677E+01    1
    0.110450133798622341E+00   -0.303923477498077190E+02    0.963317155470980624E+00    0.112665986778693283E+01    0.671229379880199789E-02    0.196711269882976669E+01   -0.185742323285415800E+01   -0.803805551578732069E-01   -0.515815441433103672E+01   -0.164492305793535798E+00   -0.132247104117995617E+00   -0.306216263437217751E+00   -0.137140604952905976E+00   -0.106423120353244949E+01   -0.147415615799025512E+01   -0.423195633965034279E+01    1
    0.106901118220040670E+00   -0.300709495416346293E+02    0.936273334719157302E+00    0.106673165886945265E+01    0.615191007397183996E-02    0.197381811639323534E+01   -0.191819361083208895E+01   -0.790586491631104921E-01   -0.529473877890957212E+01   -0.165211831552160737E+00   -0.393679868820660389E-01   -0.280643224850513517E+00   -0.101956484992755642E+00   -0.110894263818035776E+01   -0.147266362540521389E+01   -0.425195633965034059E+01    1
    0.104512248628299415E+00   -0.297991138509163456E+02    0.941203108115781673E+00    0.107769494414888078E+01    0.789322223064415143E-02    0.198129230062605499E+01   -0.150136910576587956E+01   -0.734265917511200683E-01   -0.534291671039932847E+01   -0.895912310576644638E-01   -0.477833501821577494E-01   -0.242849309295945143E+00   -0.104714159818894037E+00   -0.111075667495447727E+01   -0.146932836140604861E+01   -0.427195633965034727E+01    1
    0.105884084554290409E+00   -0.296877504572862740E+02    0.931737441557459078E+00    0.118478191516564157E+01    0.628030602817209772E-02    0.196480051880836859E+01   -0.181444862370826976E+01   -0.765301317347590881E-01   -0.573087177001533377E+01   -0.176340566273921306E+00   -0.482615236795281358E-01   -0.208517086522644030E+00   -0.121168552306360769E+00   -0.110053707130030798E+01   -0.144765986292509719E+01   -0.429195633965034329E+01    1
    0.104383146886956796E+00   -0.297292446968114206E+02    0.947534129770652211E+00    0.106543153149611713E+01    0.672947844435354495E-02    0.197427267049221200E+01   -0.157604621622097896E+01   -0.769177555022374226E-01   -0.488572407357110450E+01   -0.164299165109185907E+00   -0.447766327138519049E-01   -0.264495461649241814E+00   -0.126416805017659090E+00   -0.109059815499923474E+01   -0.144743985365811456E+01   -0.431195633965034109E+01    1
    0.103651933591550199E+00   -0.298256717084456469E+02    0.955661328181896641E+00    0.105966961720803621E+01    0.768185202440020351E-02    0.196656919887209813E+01   -0.110141680268409314E+01   -0.779289337412740202E-01   -0.524463391778838339E+01   -0.135294298772574678E+00   -0.611365901777098791E-01   -0.378388314227214695E+00   -0.114288679990419570E+00   -0.109487353807926269E+01   -0.144521566925970535E+01   -0.433195633965034244E+01    1
    0.111893131297399154E+00   -0.298166851945257818E+02    0.915945383896635268E+00    0.114141031933529535E+01    0.704983909875068517E-02    0.196839148110105322E+01   -0.212292608333772703E+01   -0.723195509693507210E-01   -0.605461641678492768E+01   -0.154197790849480681E+00   -0.100820313155281560E+00   -0.245649606650825747E+00   -0.123645441453207355E+00   -0.110961897398768694E+01   -0.142888777100252229E+01   -0.435195633965034201E+01    1
    0.110604180561606799E+00   -0.297061848955003782E+02    0.922097243319727422E+00    0.115051599677384919E+01    0.721312860196226917E-02    0.196946489108768508E+01   -0.136814638178220216E+01   -0.832905392877676815E-01   -0.502955411359620896E+01   -0.120764793840954107E+00    0.437038457934414704E-01   -0.163750907039238947E+00   -0.126784284049293594E+00   -0.108219248300341020E+01   -0.142869299014058426E+01   -0.437195633965034336E+01    1
    0.104786822434394439E+00   -0.300506769150771120E+02    0.950756552414304346E+00    0.112078398550523906E+01    0.714517735225244158E-02    0.198875143564257262E+01   -0.188291898800103641E+01   -0.725770832630004414E-01   -0.628671772296565745E+01   -0.114166198229088231E+00   -0.122758839061520228E-01   -0.242126914184490699E+00   -0.134186555412071529E+00   -0.109254056064325877E+01   -0.142662623370094033E+01   -0.439195633965034649E+01    1
    0.110862340161330467E+00   -0.297333187940730284E+02    0.938841139447801343E+00    0.107361040576036926E+01    0.605749367872748194E-02    0.196839445559990200E+01   -0.221262316850958962E+01   -0.734581511841998075E-01   -0.510138641121932324E+01   -0.161408166840823014E+00   -0.100480876241274303E+00   -0.323442581994243028E+00   -0.129446110166373918E+00   -0.109622865433628180E+01   -0.140552067087715438E+01   -0.441195633965034784E+01    1
    0.112319486700329388E+00   -0.298371080228058361E+02    0.946268031901759343E+00    0.103361882467138777E+01    0.737483913642746590E-02    0.196385671375058424E+01   -0.201244275144686613E+01   -0.857545263270550751E-01   -0.510879312859773194E+01   -0.939125750384174340E-01   -0.126630845082604471E+00   -0.308448655793849891E+00   -0.116178344323629723E+00   -0.108888020679587183E+01   -0.138405512998808189E+01   -0.443195633965034474E+01    1
    0.110944931895931825E+00   -0.301642517795259693E+02    0.918745986526930958E+00    0.101367552123140370E+01    0.725452397368603341E-02    0.196985252373174480E+01   -0.215024482746515977E+01   -0.647302736552692187E-01   -0.506117688528170184E+01   -0.120137775753692333E+00   -0.474064441421726684E-01   -0.220798801879120710E+00   -0.111301569573500458E+00   -0.109770424109482323E+01   -0.137288277044509965E+01   -0.445195633965034343E+01    1
    0.115958439244205042E+00   -0.299670462141043359E+02    0.931266489266788455E+00    0.105043034678189917E+01    0.709355121583291753E-02    0.197507665799370202E+01   -0.182798526279475571E+01   -0.853522070093527957E-01   -0.565647357927673688E+01   -0.137325057260455796E+00   -0.103456408709767980E+00   -0.128771382331932166E+00   -0.121329569064570639E+00   -0.107733843312584487E+01   -0.136356184586911455E+01   -0.447195633965034745E+01    1
    0.109662150092017768E+00   -0.299023217690427678E+02    0.953662183380931006E+00    0.105836721713197579E+01    0.787754903799535271E-02    0.196765213506885095E+01   -0.195368685995684199E+01   -0.847187091475891246E-01   -0.527394384520886206E+01   -0.998045286599507642E-01   -0.367654469650866914E-01   -0.219381637404643781E+00   -0.119364614369360966E+00   -0.107571195084352333E+01   -0.136211569581092928E+01   -0.449195633965034435E+01    1
    0.108202873559124030E+00   -0.302052762351027120E+02    0.944111649280217513E+00    0.106308282670336118E+01    0.662178926345017693E-02    0.196916601266719216E+01   -0.208283392705989989E+01   -0.870441139067679309E-01   -0.538466486775504194E+01   -0.143200030481038104E+00   -0.153085078654808471E+00   -0.323032770745481423E+00   -0.115450141429794415E+00   -0.107361094190781414E+01   -0.135178380887726624E+01   -0.451195633965034482E+01    1
    0.105760871592731884E+00   -0.294359652254065800E+02    0.968270317187392870E+00    0.100479196318577957E+01    0.640406807848118743E-02    0.197162046571682925E+01   -0.216697314145933140E+01   -0.701638288988667425E-01   -0.531822288738161308E+01   -0.177540407441871606E+00   -0.567220893854742669E-01   -0.216301673587644100E+00   -0.118673301843109508E+00   -0.109884170643456414E+01   -0.133136355476010193E+01   -0.453195633965034705E+01    1
    0.110435294198081402E+00   -0.299655385581163500E+02    0.955169875708452354E+00    0.107416525152554376E+01    0.801645714392770770E-02    0.198113491776802331E+01   -0.196149786762883993E+01   -0.787702598980740964E-01   -0.581870744177910648E+01   -0.135765100786156390E+00   -0.399948543913590804E-01   -0.257785356460202508E+00   -0.109313857503319664E+00   -0.107497883376565295E+01   -0.132730746642257347E+01   -0.455195633965034396E+01    1
    0.109222696736521241E+00   -0.300926328894913873E+02    0.944795057094580670E+00    0.993463748926595835E+00    0.770788839718434659E-02    0.197845753940597269E+01   -0.165255487990774941E+01   -0.792025566742939474E-01   -0.540342077617456695E+01   -0.112927398289438499E+00   -0.864256158297961458E-01   -0.119903246981865913E+00   -0.117532177316222147E+00   -0.108226813980914893E+01   -0.132724726933103510E+01   -0.457195633965034354E+01    1
    0.109616439528507789E+00   -0.301708163385493151E+02    0.940179369916387508E+00    0.101166546047043404E+01    0.706788220857575405E-02    0.198203347106395067E+01   -0.168771533603071955E+01   -0.711390549189293980E-01   -0.535410659907116049E+01   -0.783053525511979431E-01   -0.974641496956272224E-01   -0.271344724072615506E+00   -0.110488328958022741E+00   -0.107587690320935736E+01   -0.132626558513268189E+01   -0.459195633965034666E+01    1
    0.105261223151147068E+00   -0.293976811453557403E+02    0.951106145789500146E+00    0.115969336120417976E+01    0.691500126729916072E-02    0.196780531899720690E+01   -0.155975415917742821E+01   -0.736008982585125843E-01   -0.563873646991033173E+01   -0.177360947533835828E+00   -0.663265173023322024E-01   -0.127422755755890071E+00   -0.114279992255508001E+00   -0.112367483902708032E+01   -0.132048656942895937E+01   -0.461195633965034801E+01    1
    0.110740016554760151E+00   -0.301140416766868633E+02    0.932893990592582933E+00    0.986006705302063691E+00    0.685810574616854598E-02    0.196110352534377963E+01   -0.178984730301128536E+01   -0.747801842678987028E-01   -0.560397502408804371E+01   -0.145817026037410313E+00   -0.469695706875888006E-01   -0.190949280188903336E+00   -0.121049719463606112E+00   -0.109665134363062133E+01   -0.131959908445565133E+01   -0.463195633965034759E+01    1
    0.105870910766015972E+00   -0.297508875089964135E+02    0.939852214809416275E+00    0.103993086081201991E+01    0.725347691431113811E-02    0.197406123982442061E+01   -0.125402809184875674E+01   -0.706873333437370299E-01   -0.562865094095056584E+01   -0.162729850815193450E+00   -0.104588449231167654E+00   -0.448723418688401376E+00   -0.110951767087613146E+00   -0.108289279060283095E+01   -0.130118419038189037E+01   -0.465195633965034716E+01    1
    0.111015791866945726E+00   -0.299538382907285161E+02    0.969974671664174615E+00    0.111999994818628879E+01    0.652124490927643175E-02    0.197135748898780516E+01   -0.178386689837312318E+01   -0.717394330453348245E-01   -0.559463577460466421E+01   -0.879641269009481808E-01   -0.833831665532724087E-01   -0.104532113833974760E+00   -0.118577857864973948E+00   -0.111072337455833581E+01   -0.130026511120884458E+01   -0.467195633965034407E+01    1
    0.108465583027749432E+00   -0.299709078201322967E+02    0.963463233753811155E+00    0.108147896006824529E+01    0.653808282194617753E-02    0.196406356533056869E+01   -0.193547179849961770E+01   -0.660083598385047821E-01   -0.537545567150108372E+01   -0.109255208158874212E+00   -0.615750862532672902E-01   -0.798601632566986186E-01   -0.990062517846170276E-01   -0.108609504064621398E+01   -0.129953540925799027E+01   -0.469195633965034364E+01    1
    0.107370249702786441E+00   -0.303622327771598357E+02    0.946722650438620472E+00    0.115292053125047822E+01    0.655985909637459615E-02    0.197423293043455739E+01   -0.165135611352161815E+01   -0.730204464498794281E-01   -0.524136719847331278E+01   -0.134678704439272989E+00   -0.737167069902071870E-01   -0.256801212880518048E+00   -0.128855458437622805E+00   -0.106306357758210379E+01   -0.129325348705546306E+01   -0.471195633965034677E+01    1
    0.108976721251622236E+00   -0.301222045631291273E+02    0.940361210479177867E+00    0.102581496828757102E+01    0.681081108859543215E-02    0.197179792025536682E+01   -0.152511564046706383E+01   -0.732250290471274934E-01   -0.530830082064894615E+01   -0.140095859693650931E+00   -0.796990327074427463E-01   -0.233145323841269153E+00   -0.138871657889122313E+00   -0.107210453800189320E+01   -0.129291435429576418E+01   -0.473195633965034634E+01    1
    0.109384945416798593E+00   -0.297573646700979246E+02    0.936007360184312187E+00    0.101382290404279063E+01    0.700993604648377042E-02    0.197111741023905496E+01   -0.230247870790003750E+01   -0.749950530786390596E-01   -0.574563855666575929E+01   -0.136604604512844702E+00   -0.407140708834535792E-02   -0.298754296946234676E+00   -0.106153163552781149E+00   -0.109882449623971779E+01   -0.128787088136120387E+01   -0.475195633965034325E+01    1
    0.106411625569978296E+00   -0.294611811697033694E+02    0.950597841780991493E+00    0.977928506565667433E+00    0.766158862223835328E-02    0.197382784404623846E+01   -0.123188528153733268E+01   -0.713161787034542471E-01   -0.585193397686369110E+01   -0.130025742541892420E+00   -0.790660898460167766E-01   -0.291738271320289289E+00   -0.126558555659256999E+00   -0.106539562952383338E+01   -0.127555107644251331E+01   -0.477195633965034460E+01    1
    0.109133277075738694E+00   -0.299440944332584351E+02    0.933025822483576239E+00    0.104978423891584072E+01    0.646130551000616022E-02    0.196469673326255156E+01   -0.195762641366248680E+01   -0.693703451587376063E-01   -0.595055176484309900E+01   -0.196139618013053907E+00   -0.118433319748293978E+00   -0.206083764163385003E+00   -0.108285976776592879E+00   -0.110518990472365197E+01   -0.127229566313508946E+01   -0.479195633965034506E+01    1
    0.107595414473572557E+00   -0.298806386404988125E+02    0.918846330253825894E+00    0.106841407949562428E+01    0.664735515894712518E-02    0.196615594224067269E+01   -0.179411022176776314E+01   -0.779985868412042260E-01   -0.640128456722598749E+01   -0.103016318395848475E+00   -0.237987798563850245E-01   -0.152386843264351812E+00   -0.117278775009033623E+00   -0.108419186856894045E+01   -0.126664926240473563E+01   -0.481195633965034641E+01    1
    0.108281748023960650E+00   -0.300736162998541197E+02    0.935946846472722638E+00    0.111235009137065211E+01    0.742113555073181230E-02    0.196048079650284324E+01   -0.178677858493351183E+01   -0.814612348058780245E-01   -0.546364234745012478E+01   -0.826342181666552683E-01   -0.856130489229518093E-01   -0.332388519898667523E+00   -0.121795864418102223E+00   -0.108994763139429773E+01   -0.126597278167974925E+01   -0.483195633965034776E+01    1
    0.104911854547619365E+00   -0.298427308103452127E+02    0.939248586216831605E+00    0.112066111004794866E+01    0.767663250651899262E-02    0.197886161795370352E+01   -0.203777771819877440E+01   -0.783530570545043770E-01   -0.593053341643360366E+01   -0.161433235676468223E+00   -0.395427923909949658E-01   -0.399613092052178431E+00   -0.142975962691029967E+00   -0.108450613829663678E+01   -0.126179276165652321E+01   -0.485195633965034734E+01    1
    0.109360139032919593E+00   -0.303668308030697283E+02    0.929696493404597146E+00    0.989158452377302932E+00    0.711217490371658222E-02    0.197938901721169147E+01   -0.174213364775673107E+01   -0.804391337695793962E-01   -0.526257362518542404E+01   -0.979507699417795918E-01   -0.694602706521671720E-01   -0.189545278864920452E+00   -0.119447727202722453E+00   -0.110089181440806971E+01   -0.125546588930990866E+01   -0.487195633965034602E+01    1
    0.106977127121269222E+00   -0.302237992938051434E+02    0.944932991862010518E+00    0.109974581805851002E+01    0.791928645397788240E-02    0.197337176710349538E+01   -0.212945519325028698E+01   -0.696473704200298444E-01   -0.531176119077315256E+01   -0.157990546156184047E+00   -0.179025750500705738E+00   -0.124822506248517137E+00   -0.118912264117020341E+00   -0.112936482902918511E+01   -0.125263888836517401E+01   -0.489195633965034382E+01    1
    0.109466452325177321E+00   -0.301616814265115565E+02    0.942842306512076678E+00    0.106590227881720168E+01    0.773368079367578367E-02    0.196781537117156491E+01   -0.187039608595470219E+01   -0.792800583534628428E-01   -0.570137646023774813E+01   -0.132950806283285872E+00   -0.509111259118264770E-01   -0.321167162680493612E+00   -0.125703056072638375E+00   -0.112141923006078570E+01   -0.125224488205976359E+01   -0.491195633965034428E+01    1
    0.101932228179095544E+00   -0.299898685723948866E+02    0.955724300097720914E+00    0.111621292877838196E+01    0.714502994349963672E-02    0.197137245431421682E+01   -0.130468980128696233E+01   -0.619587829245232535E-01   -0.564112779766017880E+01   -0.110513293935697685E+00   -0.875719989967889412E-01   -0.137220754151634983E+00   -0.128157780263705001E+00   -0.108968812193883258E+01   -0.124236579793631763E+01   -0.493195633965034563E+01    1
    0.109189174123131463E+00   -0.299153252908547280E+02    0.926393448644028172E+00    0.101497859369149168E+01    0.708610293791456149E-02    0.197289632486113509E+01   -0.200935304190977337E+01   -0.796347700078950532E-01   -0.505624876676401414E+01   -0.100081408480285100E+00   -0.645668677061408541E-01   -0.259456942102815447E+00   -0.128176598691807364E+00   -0.110583869856629180E+01   -0.124009681920196657E+01   -0.495195633965034610E+01    1
    0.109384395306767607E+00   -0.295837994553249501E+02    0.942549548901219558E+00    0.882954795368617873E+00    0.640444693673375941E-02    0.197646092714396127E+01   -0.167647202120534122E+01   -0.699475631653014573E-01   -0.577049791028093217E+01   -0.984622119944600221E-01   -0.772253204247939362E-01   -0.284777574976754155E+00   -0.131018274949473518E+00   -0.107082786330732294E+01   -0.123572604127309305E+01   -0.497195633965034567E+01    1
    0.105621077619210260E+00   -0.304547625356997891E+02    0.945171820192987955E+00    0.103820575255392455E+01    0.541499380234479206E-02    0.196946317432561369E+01   -0.147358249465240765E+01   -0.742171293603917370E-01   -0.565309265850508336E+01   -0.118498814758531634E+00   -0.547758898143465706E-01   -0.167567707695741669E+00   -0.102522260766527040E+00   -0.109911193238787863E+01   -0.123175521907751517E+01   -0.499195633965034435E+01    1
    0.109278467615924052E+00   -0.298768017033833964E+02    0.946133954131075705E+00    0.106249456284022270E+01    0.733618773802600151E-02    0.195831673885673663E+01   -0.158154894642257160E+01   -0.741118982812183774E-01   -0.525315416045043460E+01   -0.124492029108161317E+00   -0.906935536518652108E-01   -0.340560840139276566E+00   -0.121255415968409649E+00   -0.110388989329758558E+01   -0.123093133137079946E+01   -0.501195633965034304E+01    1
    0.110094188027992645E+00   -0.300662852694924254E+02    0.932542451410528939E+00    0.109494810522422337E+01    0.694375550315206279E-02    0.197473023092371136E+01   -0.232950287305822368E+01   -0.721774549333440013E-01   -0.581131480031318226E+01   -0.134083647643389897E+00   -0.785834500394498453E-01   -0.238397233785516249E+00   -0.125942359717786112E+00   -0.105499546230322294E+01   -0.122805616842165444E+01   -0.503195633965034617E+01    1
    0.109325397739411967E+00   -0.300248934518323480E+02    0.933546184606036444E+00    0.111584376417379505E+01    0.708155768166413360E-02    0.195630804700245453E+01   -0.167411441042080678E+01   -0.813978753246619308E-01   -0.608526257372990909E+01   -0.138452177388203812E+00   -0.724607442154678039E-01   -0.147368350205735910E+00   -0.103609598859469437E+00   -0.105959567173840785E+01   -0.122588901044673348E+01   -0.505195633965034840E+01    1
    0.105231899021751729E+00   -0.297963360531618981E+02    0.962982526968602315E+00    0.113854374193724706E+01    0.682596920049929456E-02    0.196893789698962052E+01   -0.146093480528452657E+01   -0.701420432237204461E-01   -0.531858886321010704E+01   -0.103957201834088159E+00   -0.115851305693329271E+00   -0.234060042684271968E+00   -0.110606040191361665E+00   -0.108119366251146598E+01   -0.122399174768506502E+01   -0.507195633965034709E+01    1
    0.111577407774290760E+00   -0.296752484120858959E+02    0.930927038095563764E+00    0.950169830230455759E+00    0.681711910370586156E-02    0.197770126446948780E+01   -0.172113989597894324E+01   -0.774661364875578462E-01   -0.535008920266345189E+01   -0.101524218174457920E+00   -0.230107887781626358E-01   -0.176171543726793056E+00   -0.110322726116927436E+00   -0.109225046727539721E+01   -0.122224820900682429E+01   -0.509195633965034755E+01    1
    0.109811731249158634E+00   -0.302141763351564308E+02    0.957538913375884371E+00    0.107795632293339949E+01    0.650281210100830433E-02    0.196268005851875738E+01   -0.125530376210333894E+01   -0.830571121475983110E-01   -0.601062086051181232E+01   -0.152120272853252220E+00   -0.310578513859546823E-01   -0.163655767746731434E+00   -0.106314122105224687E+00   -0.107482769689624447E+01   -0.122084118585625556E+01   -0.511195633965034979E+01    1
    0.109918893597352130E+00   -0.298442176841931968E+02    0.941833812143380023E+00    0.992426315272255333E+00    0.712436907448165801E-02    0.197792220154131826E+01   -0.179528713248640193E+01   -0.717078624821783361E-01   -0.538754846316829727E+01   -0.823042202444516091E-01   -0.482298688583202295E-01   -0.238493482467834833E+00   -0.111899720581715989E+00   -0.106382000269659960E+01   -0.121900542867366979E+01   -0.513195633965034936E+01    1
    0.111941450017382246E+00   -0.297777138983276970E+02    0.941436689889769140E+00    0.102069229598459033E+01    0.595272663095083258E-02    0.196668189085027123E+01   -0.181064960901428296E+01   -0.748557049383301032E-01   -0.623397739033142706E+01   -0.139276444243421588E+00   -0.759524564386167833E-01   -0.325864112354917801E+00   -0.116307030378483722E+00   -0.109114132544348319E+01   -0.121864837837649742E+01   -0.515195633965034716E+01    1
    0.112448252641026245E+00   -0.296864634009711779E+02    0.926964644714548647E+00    0.110712144546144842E+01    0.755070560257389140E-02    0.196360990157736226E+01   -0.196871608488902416E+01   -0.805260481653750637E-01   -0.556667776629254707E+01   -0.163861272468631719E+00   -0.111446665597371625E+00   -0.310376113258293507E+00   -0.110419552622531128E+00   -0.108640268240637616E+01   -0.121850485477704029E+01   -0.517195633965034318E+01    1
    0.109437483319100776E+00   -0.294160410899015297E+02    0.944578502012198395E+00    0.102534293768067597E+01    0.762519891573748554E-02    0.197237892348973021E+01   -0.206918778864249475E+01   -0.823445423653091507E-01   -0.562745346750939746E+01   -0.132280853954699018E+00   -0.206576545919561969E-01   -0.230789342632869487E+00   -0.112958640419572473E+00   -0.112277448396347235E+01   -0.121725547652524946E+01   -0.519195633965034276E+01    1
    0.109338045342767087E+00   -0.298519594988132937E+02    0.937994678370355328E+00    0.961941145544205067E+00    0.706647727937380603E-02    0.196766949226585153E+01   -0.161201233445740000E+01   -0.782338053684970419E-01   -0.542811720131312558E+01   -0.112543950265371409E+00   -0.832104546343238605E-01   -0.170786220589767918E+00   -0.108544922502762764E+00   -0.107895066601379663E+01   -0.121365267231248319E+01   -0.521195633965034766E+01    1
    0.106583140205094726E+00   -0.299150495099028326E+02    0.940223339159405702E+00    0.106884589218618165E+01    0.759898185145629988E-02    0.196633690872264877E+01   -0.224591944216406070E+01   -0.749190044993682802E-01   -0.525826392527514130E+01   -0.126764887508147600E+00   -0.720783534811335613E-01   -0.232047831046851671E+00   -0.107965971657454585E+00   -0.109364649847242901E+01   -0.121266853402603325E+01   -0.523195633965034546E+01    1
    0.105047572806771156E+00   -0.297930737736786604E+02    0.948241969407090157E+00    0.108684259314950937E+01    0.706757138724740507E-02    0.197048736685656634E+01   -0.193876327956754890E+01   -0.800976019229398956E-01   -0.543272166485291841E+01   -0.143617825370020602E+00   -0.470370253017742546E-01   -0.303058156705636406E+00   -0.112282144615880763E+00   -0.111048772108746774E+01   -0.121247731171640760E+01   -0.525195633965034858E+01    1
    0.107764760879621516E+00   -0.298931435910456536E+02    0.957383247651440672E+00    0.108810648169709090E+01    0.724750955761606450E-02    0.197310057586242693E+01   -0.150751106493154818E+01   -0.714990409804387994E-01   -0.561565745668043448E+01   -0.770992143642479505E-01   -0.761712322810451647E-01   -0.154292823713643418E+00   -0.126163420585834657E+00   -0.109270002051630355E+01   -0.121031855774671393E+01   -0.527195633965034727E+01    1
    0.108847684471248263E+00   -0.304972066258578209E+02    0.927487545213167897E+00    0.109802982276838712E+01    0.699507373943570460E-02    0.197089233312669743E+01   -0.203668483196022754E+01   -0.898467156864294625E-01   -0.571419430705024567E+01   -0.146826391657975008E+00   -0.403443415474259021E-01   -0.313220654561581269E+00   -0.109214305922084198E+00   -0.108056475137051633E+01   -0.120747737290514778E+01   -0.529195633965034684E+01    1
