    0.172772574437941688E-01    0.304645312519276274E+03    0.394988105013715299E-01   -0.216376176985868725E+02    0.699721050207727790E+00    0.184234032119863422E+01    0.683746388923274669E-02    0.235226340132541223E+01   -0.198218125250344368E+01   -0.589480843241701677E-01    0.425209112056979599E+01   -0.309352321755313076E+00   -0.155989465301790531E+00    0.266269904345960928E+00   -0.327555814774555532E+00   -0.109632657892114205E+01
    0.175388510819252004E-01    0.304575257631233342E+03    0.392092213580722548E-01   -0.216248583164227988E+02    0.699694034070134196E+00    0.184388514878272369E+01    0.683296578331172005E-02    0.235060313644685070E+01   -0.189474779367808632E+01   -0.589018143938036740E-01    0.431939226839725521E+01   -0.295153464584180680E+00   -0.154784752715781820E+00    0.266333971488529775E+00   -0.329095085066417326E+00   -0.107943972926454390E+01
    0.174217496499918453E-01    0.304548655784287689E+03    0.389762429970419433E-01   -0.215345255867591767E+02    0.700411258065891329E+00    0.184187304980511257E+01    0.684357928400056246E-02    0.235065344904272200E+01   -0.205938386009297458E+01   -0.595411251327654725E-01    0.424805606271257474E+01   -0.298481532369034241E+00   -0.159987211772000343E+00    0.266448242664026280E+00   -0.325546000065234764E+00   -0.108569428966091208E+01
    0.170840232856835465E-01    0.304547807163369896E+03    0.391863442192672135E-01   -0.213996302033607151E+02    0.703498116282539332E+00    0.184269015398241720E+01    0.682840622476772394E-02    0.235080715541164098E+01   -0.201251788841808832E+01   -0.578079101708716403E-01    0.425223892310033591E+01   -0.293557992268566215E+00   -0.158407337281514266E+00    0.265819890485370969E+00   -0.331006580899133707E+00   -0.108064301073887803E+01
    0.168697421004915145E-01    0.304533051377393747E+03    0.390893851758585195E-01   -0.215960035395718286E+02    0.701254513340315189E+00    0.184403885184328664E+01    0.684184208352251605E-02    0.235176742087002033E+01   -0.201003412482774513E+01   -0.580474931777217387E-01    0.415538105941217939E+01   -0.295849699116685627E+00   -0.156333996176227008E+00    0.265679118192612862E+00   -0.329091307514076115E+00   -0.108072958414834575E+01
    0.165977669202880575E-01    0.304525558268470377E+03    0.392202847386389566E-01   -0.214530377247222219E+02    0.700526774798123197E+00    0.184363096238217206E+01    0.684288517817057372E-02    0.235006787562676900E+01   -0.198779059953350501E+01   -0.589516084507373250E-01    0.417435321435061812E+01   -0.296422730619639141E+00   -0.154958545075413151E+00    0.265533546107317497E+00   -0.334004330795586002E+00   -0.107460690683559501E+01
    0.163659909110261820E-01    0.304513683681852967E+03    0.391977467041904060E-01   -0.215601081022285719E+02    0.699568304460141177E+00    0.184270778338117558E+01    0.684446569243567660E-02    0.235151072375247239E+01   -0.201884448401056416E+01   -0.589673055313073083E-01    0.414098212623737183E+01   -0.306225678319560157E+00   -0.155967523992985524E+00    0.265399055411064899E+00   -0.327694086672542961E+00   -0.108488005638203200E+01
    0.162247986964433599E-01    0.304491012884320298E+03    0.387270815676394459E-01   -0.214658116939163897E+02    0.703146320986777318E+00    0.184348216984347557E+01    0.683533974022084833E-02    0.235207962885738642E+01   -0.186107121627432281E+01   -0.589631259593052515E-01    0.429300638421413971E+01   -0.290131127219692586E+00   -0.157214770164490092E+00    0.264885960950828836E+00   -0.330534745886870984E+00   -0.108051511991687788E+01
    0.160693038706751015E-01    0.304470272874854800E+03    0.390545770364628189E-01   -0.215706493989214536E+02    0.699162332594620128E+00    0.184226815796954324E+01    0.683438672149216421E-02    0.235059304612030440E+01   -0.198638290651412230E+01   -0.573435038732093560E-01    0.421211850356674766E+01   -0.298837412781839784E+00   -0.156073658932070036E+00    0.265113499036412292E+00   -0.327586732558678762E+00   -0.108494013087759611E+01
    0.157816772570446434E-01    0.304466395395703159E+03    0.392457052276917392E-01   -0.215464159811914229E+02    0.698982852969496915E+00    0.184199077856265236E+01    0.683055621438941659E-02    0.235175186525831004E+01   -0.207862975649843218E+01   -0.598150553919402361E-01    0.423409991105036543E+01   -0.302440053948843324E+00   -0.157776069754970605E+00    0.264822056259772398E+00   -0.327726257565236267E+00   -0.107536352048454353E+01
    0.154831375732885981E-01    0.304464591528875758E+03    0.392588792442118278E-01   -0.214836580410714895E+02    0.703045855226903549E+00    0.184404452234607552E+01    0.684423852929285249E-02    0.235147583369603108E+01   -0.206664003837621824E+01   -0.589880442299187957E-01    0.412251138757981739E+01   -0.305652212852894289E+00   -0.153867949718017011E+00    0.266003005544668103E+00   -0.328831467174451775E+00   -0.107940321047260812E+01
    0.152307971318650856E-01    0.304457455585106004E+03    0.393407673823559581E-01   -0.214616514885211842E+02    0.702574100170514915E+00    0.184197397257628870E+01    0.683821296604977553E-02    0.235258197177147155E+01   -0.192678424742549170E+01   -0.578106860931370606E-01    0.425986868435481991E+01   -0.295772674707332539E+00   -0.157058749119993596E+00    0.265183876653851180E+00   -0.327792734353858695E+00   -0.107639547024216164E+01
    0.149443095973561414E-01    0.304455433398469438E+03    0.391038179654177864E-01   -0.215212135308438057E+02    0.700685878349119662E+00    0.184294466532422585E+01    0.683604091550548375E-02    0.235139618716580268E+01   -0.211549365446681659E+01   -0.587954794976971520E-01    0.426113631856616148E+01   -0.299732757280978812E+00   -0.157272917511566940E+00    0.263332709810063681E+00   -0.327278352709377163E+00   -0.110079029340367107E+01
    0.146547605281425394E-01    0.304454564128539971E+03    0.392796684094713841E-01   -0.214882359060409804E+02    0.701903597266210766E+00    0.184269392728304582E+01    0.684065755669781197E-02    0.235065657802656514E+01   -0.212186832133910697E+01   -0.589377978289663401E-01    0.422326584465284860E+01   -0.286636640974455459E+00   -0.156704445298908784E+00    0.266146037725814577E+00   -0.327397019069072148E+00   -0.108186218574441306E+01
    0.144165959554206548E-01    0.304447334515606030E+03    0.392703503419840130E-01   -0.215482625246823680E+02    0.702318564368815901E+00    0.184451458740945573E+01    0.683986380751807916E-02    0.235100215976389970E+01   -0.183563305810852961E+01   -0.581390143129116507E-01    0.420194618863667202E+01   -0.301899043564660463E+00   -0.158095875244431666E+00    0.264587922633173767E+00   -0.332276779856798710E+00   -0.108562332343390899E+01
    0.141617849477328507E-01    0.304443000323444721E+03    0.389774765924830111E-01   -0.214582992298127557E+02    0.701440516935560976E+00    0.184255891601696820E+01    0.683261125452801991E-02    0.235274988233523441E+01   -0.212907708013108365E+01   -0.586995703646343500E-01    0.430181228574791419E+01   -0.294324984528318345E+00   -0.156817970294271802E+00    0.266285022640423530E+00   -0.323367778965067076E+00   -0.108167032666735063E+01
    0.138837803195721674E-01    0.304442652044720887E+03    0.388243621915030576E-01   -0.215434213918088346E+02    0.698386279802777676E+00    0.184343944006692695E+01    0.683203794870064929E-02    0.235040674362086355E+01   -0.197079597451207245E+01   -0.584231076142890104E-01    0.420752140089920168E+01   -0.301758499918859335E+00   -0.157857723130173516E+00    0.266041497359827961E+00   -0.327386477540575316E+00   -0.107439306374074217E+01
    0.136829546765575242E-01    0.304431792847346003E+03    0.392827145688134788E-01   -0.215912016396968838E+02    0.700491280392092408E+00    0.184273604893701703E+01    0.684409433194445999E-02    0.235186166562895593E+01   -0.196028823427047727E+01   -0.595938526250188866E-01    0.427551980110759278E+01   -0.298852913494289552E+00   -0.154138709172740057E+00    0.264442925263440598E+00   -0.330555063304401597E+00   -0.107719119618744297E+01
    0.134152960710733609E-01    0.304431303487779132E+03    0.391779073030016425E-01   -0.215393055457230744E+02    0.701011292314834056E+00    0.184334395056912559E+01    0.684179289446226920E-02    0.235138457827446778E+01   -0.196646544597796491E+01   -0.585283534775754843E-01    0.417001792111564473E+01   -0.292539685833834273E+00   -0.155401587775497674E+00    0.265842483639201654E+00   -0.333467720856177152E+00   -0.108893987400552761E+01
    0.132110197456764902E-01    0.304421991974280616E+03    0.392650812544019373E-01   -0.215841855872253277E+02    0.699833804206422938E+00    0.184297696212013040E+01    0.683905904807558321E-02    0.235193287689748676E+01   -0.215309313976587147E+01   -0.578461388664553294E-01    0.420502016412129720E+01   -0.294195897281413765E+00   -0.156896479679818956E+00    0.265236579958576857E+00   -0.335159777630287814E+00   -0.108700650304695956E+01
    0.129528029420065190E-01    0.304421470179102414E+03    0.394453888897598332E-01   -0.215848577337446876E+02    0.700203875618140681E+00    0.184216636270004819E+01    0.684681064749944560E-02    0.235215416096537933E+01   -0.200631691284470737E+01   -0.584711029842933938E-01    0.423615244775965660E+01   -0.298655209075360473E+00   -0.155637603717642764E+00    0.265709570929097694E+00   -0.327255046856122778E+00   -0.106147017900998342E+01
    0.127548133903375022E-01    0.304412277153004595E+03    0.390718155480670598E-01   -0.214695680610023878E+02    0.702372525676174919E+00    0.184334261315585324E+01    0.682537813525498343E-02    0.235181100769079743E+01   -0.195274561803350677E+01   -0.584925113921110976E-01    0.420865171834836538E+01   -0.298214581144341129E+00   -0.156764440402215932E+00    0.263710060625752640E+00   -0.330207802382341598E+00   -0.108721630664363733E+01
    0.125132676149227236E-01    0.304410515614137694E+03    0.390163820846488665E-01   -0.214847169727518228E+02    0.700402859513578835E+00    0.184462576849927529E+01    0.683390215642113840E-02    0.235166786980691933E+01   -0.185312320791357066E+01   -0.592639019099343092E-01    0.423850823550185130E+01   -0.303772075066571334E+00   -0.152115136189251238E+00    0.266237095747652919E+00   -0.328801759457185927E+00   -0.107401425015426710E+01
    0.123042356934446560E-01    0.304404207458510996E+03    0.392220570045689332E-01   -0.214815299029993767E+02    0.700133336582708155E+00    0.184252382631789113E+01    0.683801325541148926E-02    0.235158648350571076E+01   -0.196676048204583975E+01   -0.584279026713918001E-01    0.421501487609746661E+01   -0.283334924313616010E+00   -0.153018723030420967E+00    0.266038413125914086E+00   -0.325341372409831076E+00   -0.105936084953925880E+01
    0.120988863692838306E-01    0.304397867769807362E+03    0.390912290037501858E-01   -0.214808554389832942E+02    0.699189383892098726E+00    0.184358036136113590E+01    0.684597666166917272E-02    0.235080158897426506E+01   -0.184613977409685481E+01   -0.586660626282553346E-01    0.422349838738169492E+01   -0.297009717567982556E+00   -0.157668932688123792E+00    0.265674315918635662E+00   -0.332838846566711810E+00   -0.108894794510751658E+01
    0.118674613837362348E-01    0.304396493960374869E+03    0.391720761211647797E-01   -0.215464524471126495E+02    0.700203995623296049E+00    0.184388997559423840E+01    0.683758721115255291E-02    0.235126575991224485E+01   -0.195595352914877707E+01   -0.578824289143917148E-01    0.417960693351269086E+01   -0.301706189194376251E+00   -0.155262681580094652E+00    0.266159126948347202E+00   -0.332626222035815655E+00   -0.107865302687085918E+01
    0.116448755761960968E-01    0.304394362158271576E+03    0.390988568892280258E-01   -0.214597925085283983E+02    0.698292964107660508E+00    0.184410003113324095E+01    0.684295111713391531E-02    0.235109653374678684E+01   -0.186181899864318923E+01   -0.580335291203930154E-01    0.423534263281500856E+01   -0.302593304420104570E+00   -0.158326430503558407E+00    0.265097589207639039E+00   -0.326275381998757719E+00   -0.108318228842852982E+01
    0.114182654666619057E-01    0.304393665981127299E+03    0.390477944295539170E-01   -0.215704591369843968E+02    0.700672936372687238E+00    0.184349398490772742E+01    0.683679465210077376E-02    0.235158749770996200E+01   -0.188743463218926211E+01   -0.590758228866473944E-01    0.427080242419078626E+01   -0.300555491833646049E+00   -0.157781254974574181E+00    0.264929408312925441E+00   -0.327471778757602916E+00   -0.105704499082988801E+01
    0.111928891306116527E-01    0.304393537240119372E+03    0.390640933203820137E-01   -0.215534893313306348E+02    0.700215592741921578E+00    0.184190214390473472E+01    0.683240390323979277E-02    0.235107355519461114E+01   -0.198434064341765803E+01   -0.590551242780098934E-01    0.423943644354631743E+01   -0.292021233281729797E+00   -0.155119415365982477E+00    0.265751560474793203E+00   -0.329247837360959694E+00   -0.105419098807788125E+01
    0.109819209808298835E-01    0.304391593848357502E+03    0.390149907764099635E-01   -0.214852502016668723E+02    0.702672441263730407E+00    0.184240904334243294E+01    0.682808455038622780E-02    0.235148321525598236E+01   -0.211021853069185772E+01   -0.586502939968259682E-01    0.421910569667991808E+01   -0.297797286356817237E+00   -0.158342861076320895E+00    0.265204909591270854E+00   -0.329526498139781965E+00   -0.106501271097167161E+01
    0.107943446672949823E-01    0.304386049885219450E+03    0.391444488200362040E-01   -0.214121280757124950E+02    0.701189604475864536E+00    0.184419497724158665E+01    0.684443763549350687E-02    0.235236950313253024E+01   -0.197370377690824816E+01   -0.582904634970323327E-01    0.415690160840865452E+01   -0.295175965115477612E+00   -0.155888118559783878E+00    0.263776996086699855E+00   -0.326405935736627018E+00   -0.108510018747801840E+01
    0.105811275138358654E-01    0.304385950613233319E+03    0.388621016646809522E-01   -0.215279077723899306E+02    0.700837386050574218E+00    0.184217649404349459E+01    0.684552056844706536E-02    0.235202674906620013E+01   -0.196188773985937792E+01   -0.589307403273332739E-01    0.420289447431544527E+01   -0.306397852869243759E+00   -0.158394425326182586E+00    0.265105462877538611E+00   -0.331165751685745302E+00   -0.106554488359680777E+01
    0.103772090210869795E-01    0.304384870673052660E+03    0.389094962791643323E-01   -0.215206883427680360E+02    0.699244094923355486E+00    0.184369062651796090E+01    0.683788813922538499E-02    0.235239325848352632E+01   -0.205806323415273384E+01   -0.592797416137063812E-01    0.430622728287695811E+01   -0.297599458408117745E+00   -0.159526165674905296E+00    0.264300728920882244E+00   -0.331040708061348721E+00   -0.107125097554556437E+01
    0.101842798646396802E-01    0.304382403911960012E+03    0.391494564072347243E-01   -0.214520417693269216E+02    0.700038926752327706E+00    0.184311030137773102E+01    0.684000574209058139E-02    0.235308799612674147E+01   -0.196991667179306051E+01   -0.588657771159398768E-01    0.427454134561994170E+01   -0.299412456032398355E+00   -0.157402270967425734E+00    0.264872664119939594E+00   -0.325299756431517484E+00   -0.107906773334899264E+01
    0.100273580516549374E-01    0.304373460270036674E+03    0.391485369935073019E-01   -0.214318875945163221E+02    0.702018460494701402E+00    0.184354628044647484E+01    0.683402754601565403E-02    0.235112637985256967E+01   -0.184803559760121794E+01   -0.587015978664318025E-01    0.423518457981829677E+01   -0.294961717818778113E+00   -0.157397268702361065E+00    0.264970849145358345E+00   -0.331056101864734775E+00   -0.109335242399466392E+01
    0.985200343771075460E-02    0.304368744936961775E+03    0.391654131041484777E-01   -0.215448620552813566E+02    0.702063436121342921E+00    0.184270347697131909E+01    0.683549985093574036E-02    0.235021886429118121E+01   -0.192384685158855806E+01   -0.591415621711993827E-01    0.427316716616284609E+01   -0.303802056267858778E+00   -0.155000125780470815E+00    0.264824312983522103E+00   -0.330104220192197706E+00   -0.107738793994104065E+01
    0.967367358997077952E-02    0.304365278329602120E+03    0.392299196398202960E-01   -0.214722293081575195E+02    0.699157448822509187E+00    0.184371959727629098E+01    0.684503696572849856E-02    0.235139762390875307E+01   -0.192061100754089797E+01   -0.579150655127728883E-01    0.418710381009330135E+01   -0.291633115495478157E+00   -0.154051931805191444E+00    0.266786566889517851E+00   -0.328501282969267561E+00   -0.107256204656443521E+01
    0.948660626430868417E-02    0.304364332721560629E+03    0.393644882776856136E-01   -0.214138611018739553E+02    0.700040007298825762E+00    0.184335706515869058E+01    0.683492060629889344E-02    0.235096996435591565E+01   -0.200323211958840997E+01   -0.578898495364555329E-01    0.428133762379484484E+01   -0.303287502782166096E+00   -0.155164759398822405E+00    0.264880048860588080E+00   -0.329229726022170766E+00   -0.108454148332415667E+01
    0.930672010615701470E-02    0.304362621132798608E+03    0.393194318396430723E-01   -0.214615471252698242E+02    0.700514175849791032E+00    0.184320115576769705E+01    0.684470336297441934E-02    0.235145482842842890E+01   -0.202173512487821139E+01   -0.585539788361905261E-01    0.426912429861800646E+01   -0.290388752201857114E+00   -0.154484960197991544E+00    0.266873570002392591E+00   -0.330034391726954202E+00   -0.108240122750480761E+01
    0.913000104785432857E-02    0.304360962976594237E+03    0.390728358648700438E-01   -0.213733507492151951E+02    0.700404439652366206E+00    0.184218771623285926E+01    0.684661057587405888E-02    0.235171269088502033E+01   -0.189265109884586868E+01   -0.587618865968035017E-01    0.426580605933102497E+01   -0.304090314873608325E+00   -0.157006304496606741E+00    0.265676857001678757E+00   -0.328083210650319979E+00   -0.107834205988899656E+01
    0.897452886994760599E-02    0.304355313716554178E+03    0.388855126498507328E-01   -0.215114805623814327E+02    0.698912914684279296E+00    0.184312721165786697E+01    0.685398007956494054E-02    0.235308818394592389E+01   -0.209925973181714021E+01   -0.580994131198055638E-01    0.417433429790868082E+01   -0.301738584422975131E+00   -0.156174438087970546E+00    0.264839832278790765E+00   -0.329960487095059929E+00   -0.109430643578934061E+01
    0.879763277435170223E-02    0.304355129230585305E+03    0.390017308664948187E-01   -0.214994956074028458E+02    0.700503386525514360E+00    0.184309712830612482E+01    0.682709207729969431E-02    0.235212210732501115E+01   -0.186979538594606076E+01   -0.595263223894257759E-01    0.427563655568495626E+01   -0.301209867854318247E+00   -0.158286220528309374E+00    0.264505496956642328E+00   -0.329690715725562189E+00   -0.106805336295014808E+01
    0.868522570037466926E-02    0.304340847821882846E+03    0.391815433214038819E-01   -0.215362173149087610E+02    0.701885986365325620E+00    0.184280594696192601E+01    0.684714408464313484E-02    0.235118973797789854E+01   -0.205271397372062614E+01   -0.583334674424034749E-01    0.425951410281089604E+01   -0.299369893629216399E+00   -0.156106026210463100E+00    0.265540242773429247E+00   -0.326919301302871890E+00   -0.108930060035411436E+01
    0.851590154555194496E-02    0.304340224223648363E+03    0.390745197459036672E-01   -0.214995697702364303E+02    0.701309139211039545E+00    0.184292722284895083E+01    0.683906874733488691E-02    0.235089916055880499E+01   -0.196947228266290453E+01   -0.581643534724902850E-01    0.426101533460487936E+01   -0.298616496390200326E+00   -0.157868763427974040E+00    0.265068481335592854E+00   -0.331712115777388739E+00   -0.108205537448719857E+01
    0.835005873702826182E-02    0.304339557448923586E+03    0.390743803343544180E-01   -0.214788719436143865E+02    0.700210545715381438E+00    0.184341492587446165E+01    0.684474177133589847E-02    0.235184445540285658E+01   -0.214500429509978696E+01   -0.589149708359171242E-01    0.418747615773300996E+01   -0.293376739684163612E+00   -0.155145061513997595E+00    0.264781114951897656E+00   -0.332535450033107804E+00   -0.107269360122542645E+01
    0.819581638205495351E-02    0.304336846941819090E+03    0.392128770761076204E-01   -0.215515261592029113E+02    0.701266183301614721E+00    0.184235630908855019E+01    0.683553521216191499E-02    0.235155042019743776E+01   -0.205400767617371072E+01   -0.580764864244657300E-01    0.420459286567899682E+01   -0.298571436771456811E+00   -0.155977108082089783E+00    0.265302567376322407E+00   -0.329603771453656602E+00   -0.106572254992406545E+01
    0.803480119056385923E-02    0.304336530083440550E+03    0.392800148462726789E-01   -0.215401599615389117E+02    0.701024673638872997E+00    0.184395646758966891E+01    0.683490150154600525E-02    0.235194263133948400E+01   -0.205213275369540948E+01   -0.573708932070182698E-01    0.430173947667695167E+01   -0.304301818175612027E+00   -0.158657955685252566E+00    0.265600041372303641E+00   -0.329481166787070734E+00   -0.105034591460956528E+01
    0.787801989877688451E-02    0.304335941414524711E+03    0.388437006503749294E-01   -0.215267093460803416E+02    0.699933520820538169E+00    0.184245750148065213E+01    0.685260493440101141E-02    0.235174167991263117E+01   -0.194191493302016571E+01   -0.585471101941833841E-01    0.429411454170434581E+01   -0.306038186448518268E+00   -0.157967524072539056E+00    0.265949288862464717E+00   -0.329941954330281062E+00   -0.108303888885759991E+01
    0.774114093309516589E-02    0.304330996427119146E+03    0.393713434979298879E-01   -0.215285614128559573E+02    0.697289595897644943E+00    0.184379814820706667E+01    0.683587916466585170E-02    0.235116656872983532E+01   -0.187953947466391069E+01   -0.586583395923823414E-01    0.426658143961678604E+01   -0.307363576697214758E+00   -0.157634925811281135E+00    0.266010904044223007E+00   -0.331903589562420054E+00   -0.109574747618089052E+01
    0.760001354584014400E-02    0.304327794536072759E+03    0.389577878723279328E-01   -0.214104989585542640E+02    0.699865482816833362E+00    0.184324281239784549E+01    0.684301919802923417E-02    0.235170191124967021E+01   -0.193975319038004401E+01   -0.590525720632326945E-01    0.428124610920013726E+01   -0.304956087317485969E+00   -0.153483730152374820E+00    0.264447134101205905E+00   -0.324706650893562487E+00   -0.105674209725801593E+01
    0.745186458249809305E-02    0.304327166034135473E+03    0.394903786971115348E-01   -0.215186621890833436E+02    0.699448205424102465E+00    0.184374292137980178E+01    0.683533760177848591E-02    0.235134788340496481E+01   -0.198296833055484467E+01   -0.583180857410825412E-01    0.419762574140247757E+01   -0.301197636907166111E+00   -0.156762469319250503E+00    0.264789097865687606E+00   -0.331993291679645752E+00   -0.108074025333170609E+01
    0.731634240768498818E-02    0.304323873531319407E+03    0.390926946313488663E-01   -0.214647146100267356E+02    0.701138719403677557E+00    0.184294875714042994E+01    0.684147970800335400E-02    0.235143362316427895E+01   -0.199844611475258116E+01   -0.583849842658154608E-01    0.418260514276742157E+01   -0.308316100199337029E+00   -0.152557194819905345E+00    0.266379106863650073E+00   -0.328111125186137942E+00   -0.106701644701892184E+01
    0.717383732231501210E-02    0.304323213189659953E+03    0.391853616121758952E-01   -0.213881889044752107E+02    0.700037003652609569E+00    0.184297167590133570E+01    0.683687637221922807E-02    0.235215937909175521E+01   -0.209961837350764835E+01   -0.585416742793318581E-01    0.418056158495748154E+01   -0.302725763755345045E+00   -0.158062594000758394E+00    0.265822238594703553E+00   -0.330448340207363855E+00   -0.108919884248815246E+01
    0.705112615825122940E-02    0.304317719909696223E+03    0.392477023768626407E-01   -0.215425361485748041E+02    0.701190700664643951E+00    0.184308138732731108E+01    0.684129282298572786E-02    0.235075532814357979E+01   -0.192092779618669640E+01   -0.583910702933994399E-01    0.434828585099670484E+01   -0.299196543408866034E+00   -0.156525937487116379E+00    0.266143772136021362E+00   -0.331213945049644576E+00   -0.107718976108946873E+01
    0.691232301262246010E-02    0.304317483070228718E+03    0.388812310168875214E-01   -0.214091940969581245E+02    0.701860240453166861E+00    0.184418356449952325E+01    0.683644471961816682E-02    0.235256210441799052E+01   -0.197490945764980141E+01   -0.585603511306201779E-01    0.418695409669173557E+01   -0.297285396783118439E+00   -0.156550885949719332E+00    0.266079436728773711E+00   -0.332674247805570644E+00   -0.108685520126324753E+01
    0.677658253109622664E-02    0.304317148748519060E+03    0.391618632933923363E-01   -0.214500915652521194E+02    0.699053417964473955E+00    0.184260898768949399E+01    0.684055774306671204E-02    0.235133532125272682E+01   -0.196692852942778962E+01   -0.588567450695506311E-01    0.413633089362120820E+01   -0.301949871810889559E+00   -0.154261219680913497E+00    0.264376225575669532E+00   -0.333106847293883512E+00   -0.105532748142934008E+01
    0.664452857947269142E-02    0.304316507103343611E+03    0.390345215180853133E-01   -0.214986089460745404E+02    0.699965204829508969E+00    0.184305628216096085E+01    0.684483032663694632E-02    0.235153241742807229E+01   -0.192827702288431468E+01   -0.581000102834523385E-01    0.419466682241711730E+01   -0.309981613418950586E+00   -0.156491808909956259E+00    0.266126743476942762E+00   -0.329946664215945207E+00   -0.109095610536489396E+01
    0.651448093157541794E-02    0.304316039526184056E+03    0.393311408477302268E-01   -0.214265846607929014E+02    0.699676786232116932E+00    0.184275219425924286E+01    0.684435087640514628E-02    0.235120199912314432E+01   -0.186453201000218760E+01   -0.589735634105987977E-01    0.425515272829961333E+01   -0.296047191792620068E+00   -0.155013197329276042E+00    0.265132971026377895E+00   -0.328868889369831385E+00   -0.106945066974403247E+01
    0.638574583171977721E-02    0.304315958010064207E+03    0.391140653872577709E-01   -0.215372122319655723E+02    0.701749853234377996E+00    0.184246859202819513E+01    0.684389502121485367E-02    0.235180845985684739E+01   -0.195727069908282569E+01   -0.584554757438705344E-01    0.422828598207798478E+01   -0.300442630112994491E+00   -0.157335730860855783E+00    0.265809501394680514E+00   -0.329860374446822813E+00   -0.107624421404377535E+01
    0.627342346732674694E-02    0.304311450168978752E+03    0.393027403603648101E-01   -0.215167420035411006E+02    0.698452618668196079E+00    0.184335493123096850E+01    0.683365044728079501E-02    0.235248060892979716E+01   -0.187515986489763908E+01   -0.581255450245192345E-01    0.422026548583852623E+01   -0.297714694742511443E+00   -0.157878011173733096E+00    0.265570042399663309E+00   -0.330092449124017584E+00   -0.107846114427563622E+01
    0.630568327452749045E-02    0.304301058596170662E+03    0.391418240621873165E-01   -0.214595937351632244E+02    0.700035385820140021E+00    0.184372901341672923E+01    0.682674426721280748E-02    0.235175903985524926E+01   -0.222586021241564858E+01   -0.588816894100946536E-01    0.423957438937822317E+01   -0.299594600484573537E+00   -0.158279595183167671E+00    0.265206423221148069E+00   -0.329262160559479045E+00   -0.108532824004745820E+01
    0.629281106705779480E-02    0.304305145501034019E+03    0.388317180175830612E-01   -0.214827917326281970E+02    0.699981519661049711E+00    0.184208765035559718E+01    0.683243334297745520E-02    0.235104628948394767E+01   -0.200008918976937800E+01   -0.581160804318243338E-01    0.427576901658048580E+01   -0.304883201467014198E+00   -0.158230341699276689E+00    0.265747072636876192E+00   -0.331179791119014189E+00   -0.108199232085364461E+01
    0.640276468011525927E-02    0.304270501507080098E+03    0.390888402647537950E-01   -0.215127839348729708E+02    0.698335825097768259E+00    0.184319343320115814E+01    0.682921753051345115E-02    0.235258719847558995E+01   -0.223291768879479502E+01   -0.581592254099459333E-01    0.424042581152638842E+01   -0.303997906917930827E+00   -0.154979825258743958E+00    0.265057690936802592E+00   -0.332095070794822256E+00   -0.107844224546796852E+01
    0.633426890550795128E-02    0.304292012460771616E+03    0.388848449568836088E-01   -0.214818785882759471E+02    0.701713963169857347E+00    0.184387882875740106E+01    0.683343751635801921E-02    0.235192830233914796E+01   -0.216353685816349506E+01   -0.586985081330600802E-01    0.425610862012436186E+01   -0.306470212574761980E+00   -0.158195492474897254E+00    0.265146575145061403E+00   -0.326484053333186752E+00   -0.108570853236360199E+01
    0.638465694214962118E-02    0.304276165745142748E+03    0.390498387874079755E-01   -0.214445338317636711E+02    0.700414527389640718E+00    0.184372917845811068E+01    0.684130172114497462E-02    0.235244446758351122E+01   -0.200038844723939002E+01   -0.583799547330500143E-01    0.423499791709980578E+01   -0.295182316941261624E+00   -0.153656530549796028E+00    0.264939783259042827E+00   -0.330652122299989970E+00   -0.107200906086012870E+01
    0.632250408025167472E-02    0.304295730573961407E+03    0.391982047284248764E-01   -0.214671785927336316E+02    0.702513701991205441E+00    0.184359121773458856E+01    0.683702304765529487E-02    0.235098171910741227E+01   -0.185525711695449047E+01   -0.585624475240471634E-01    0.423355247990374028E+01   -0.304223824251592445E+00   -0.154752266369985153E+00    0.264781042724763771E+00   -0.325134221481514440E+00   -0.107831972895877226E+01
    0.627871098803039086E-02    0.304309631858335251E+03    0.391218090456211184E-01   -0.214700378278220718E+02    0.699730383894605734E+00    0.184324036202066877E+01    0.684165074024464803E-02    0.235256691960862829E+01   -0.219960596323280511E+01   -0.584817415205031305E-01    0.420937425225457051E+01   -0.298220430273192727E+00   -0.158421038393818436E+00    0.265269496909804059E+00   -0.327794914267135529E+00   -0.108956371137307673E+01
    0.650328048744164364E-02    0.304239347783865526E+03    0.390227281848657126E-01   -0.214737981635400885E+02    0.698442394643913445E+00    0.184372347202653852E+01    0.683992609353812741E-02    0.235250355736203032E+01   -0.213055283302807119E+01   -0.578202860667186500E-01    0.423704723272352002E+01   -0.300920939135923382E+00   -0.154735885816552649E+00    0.265690119621102228E+00   -0.334194651227858075E+00   -0.107651877241045546E+01
    0.641345130092992304E-02    0.304267166162760930E+03    0.389948393101003168E-01   -0.214832431645139401E+02    0.699531501494362495E+00    0.184242701750012450E+01    0.683973407190038851E-02    0.235099715021315125E+01   -0.198051874343897727E+01   -0.579737041908691339E-01    0.421916744980547964E+01   -0.305107314842409161E+00   -0.156810362644186324E+00    0.266371529057187195E+00   -0.329562297584374553E+00   -0.106261205510217249E+01
    0.635340935492059809E-02    0.304285978113575879E+03    0.390219389715446771E-01   -0.214933039102545393E+02    0.700718824267927087E+00    0.184203909822144718E+01    0.683637590606614096E-02    0.235233934333713668E+01   -0.209667841686682621E+01   -0.575964604947156872E-01    0.419793750979995561E+01   -0.296335174241674160E+00   -0.154743318472586516E+00    0.265204261039814093E+00   -0.329914111185901027E+00   -0.109571957368777473E+01
    0.643788687199225128E-02    0.304259560542184715E+03    0.394067148745314497E-01   -0.214087743898728817E+02    0.700177741690495625E+00    0.184301559957843542E+01    0.684482319249618120E-02    0.235133034879128600E+01   -0.215116088781761494E+01   -0.590633191284938436E-01    0.423224195127962588E+01   -0.307891089787954209E+00   -0.154299318950271463E+00    0.265001709829201459E+00   -0.328112151655777895E+00   -0.109015080563294364E+01
    0.643118156888079773E-02    0.304261644703520574E+03    0.395686728271538862E-01   -0.214787568605789794E+02    0.699550280872765273E+00    0.184288525487364030E+01    0.684250935467793035E-02    0.235173850493328418E+01   -0.199945557683589370E+01   -0.586395581614000960E-01    0.424180964069701538E+01   -0.298312071832020020E+00   -0.159949464145281606E+00    0.267363106449066690E+00   -0.331977279220579846E+00   -0.107498918657550524E+01
    0.641288116617813944E-02    0.304267343964093811E+03    0.388755587394437885E-01   -0.214568499546758034E+02    0.698408773355042811E+00    0.184326026619351357E+01    0.683910647659127964E-02    0.235260091244761860E+01   -0.205529730125387822E+01   -0.586176452133313972E-01    0.426177849174561540E+01   -0.296958979199308304E+00   -0.154939122757230208E+00    0.265618055500769834E+00   -0.326866217416284799E+00   -0.106750408467530034E+01
    0.652348603111860097E-02    0.304233143462984515E+03    0.390300628019888407E-01   -0.214870368801075742E+02    0.701656247379579212E+00    0.184222344450051922E+01    0.683735137404789181E-02    0.235142100508371010E+01   -0.189043710406935239E+01   -0.580375863513073464E-01    0.428534474270806331E+01   -0.300670328993156821E+00   -0.155357407591897312E+00    0.265812517752462729E+00   -0.331682862755988905E+00   -0.107694742413478983E+01
    0.630268172596922145E-02    0.304302010836564989E+03    0.392635552384417094E-01   -0.215426864661841009E+02    0.702599288073256223E+00    0.184243015599851101E+01    0.683926407299456900E-02    0.235139044545189480E+01   -0.183892561789387021E+01   -0.582746455556320056E-01    0.424352538623962694E+01   -0.301378805974730934E+00   -0.156728851621566634E+00    0.266026975381582320E+00   -0.328557248176834238E+00   -0.108464653542090428E+01
    0.629060492667208974E-02    0.304305846786093468E+03    0.392592665379237829E-01   -0.215033391376488225E+02    0.701709074613779293E+00    0.184279324293206881E+01    0.683617422530880762E-02    0.235169139560371754E+01   -0.205085996905453039E+01   -0.581922768185686862E-01    0.428064700762306050E+01   -0.304123839040778554E+00   -0.157282174958911475E+00    0.265477269298894147E+00   -0.325821627999763941E+00   -0.108251857536243712E+01
    0.633509397862815765E-02    0.304291751966813422E+03    0.390096555171857776E-01   -0.214744899181457178E+02    0.702057805534011536E+00    0.184327929322505613E+01    0.683481236764988797E-02    0.235125815632250612E+01   -0.205067987168102928E+01   -0.581816881311153916E-01    0.424384941487685463E+01   -0.295465401085399981E+00   -0.155649765799904388E+00    0.265239236881521900E+00   -0.329650358910233754E+00   -0.107998194165886341E+01
    0.651437284667748424E-02    0.304235939377869215E+03    0.393034191894315182E-01   -0.214745881767775018E+02    0.698666498506250178E+00    0.184278332608064699E+01    0.683564403778171969E-02    0.235145598254650512E+01   -0.220854878402422550E+01   -0.584325524959750167E-01    0.426232099804073350E+01   -0.297263272603247142E+00   -0.156803725236890568E+00    0.266570013636732162E+00   -0.330425242584431067E+00   -0.108385472481085143E+01
    0.636908067937794805E-02    0.304281050986153161E+03    0.394068019530828331E-01   -0.214675849489500088E+02    0.699385500911620772E+00    0.184329113973994341E+01    0.683373050979135810E-02    0.235172879628593634E+01   -0.209121994512853560E+01   -0.584091401693076773E-01    0.427549772218251878E+01   -0.296376464388109717E+00   -0.155214199575420458E+00    0.264921284591827566E+00   -0.332206129350368473E+00   -0.106383633589208348E+01
    0.629202835102792967E-02    0.304305394281651672E+03    0.390661787190043214E-01   -0.214081778310013107E+02    0.700467728473326612E+00    0.184366202465777218E+01    0.684278424371882570E-02    0.235254973759468378E+01   -0.191858746735860897E+01   -0.581984825248862553E-01    0.423591561606986833E+01   -0.298791047638374552E+00   -0.154795849999251556E+00    0.264551525517079555E+00   -0.329141724268369684E+00   -0.105886386647504116E+01
    0.645484195392126946E-02    0.304254300184371459E+03    0.391834646218797780E-01   -0.215085420606360600E+02    0.699068998618776583E+00    0.184294027184501763E+01    0.683622884900985783E-02    0.235206984618444048E+01   -0.201485333739459360E+01   -0.589308142029754331E-01    0.425123176460339280E+01   -0.303132174469672944E+00   -0.153956671282858920E+00    0.264151269701788927E+00   -0.329427588411744798E+00   -0.107127228014799547E+01
    0.634190802205086661E-02    0.304289601917747063E+03    0.389741783428943014E-01   -0.215005898065605230E+02    0.698069632764064529E+00    0.184342337401148915E+01    0.683876524511811863E-02    0.235138203222458797E+01   -0.200170922184871358E+01   -0.587338785244103379E-01    0.426392379115606790E+01   -0.306568616848588882E+00   -0.156960034793209469E+00    0.265047599821233326E+00   -0.328599826265095485E+00   -0.108176869447387713E+01
    0.635834750073075057E-02    0.304284424230469199E+03    0.396039408487728825E-01   -0.215079558865558482E+02    0.700320634589841950E+00    0.184384823078722593E+01    0.683647279918153054E-02    0.235097050106358152E+01   -0.200459211704352347E+01   -0.577986172879799004E-01    0.426926685413031670E+01   -0.297626470890739736E+00   -0.153976363506597574E+00    0.265696131414701053E+00   -0.327784879955105080E+00   -0.107714450944829876E+01
    0.631443294564656803E-02    0.304298285349912589E+03    0.389141019905305391E-01   -0.215347750422242257E+02    0.700312932557380030E+00    0.184277252594794683E+01    0.684670101106360854E-02    0.235153865700602260E+01   -0.185099440774165136E+01   -0.586237556307906069E-01    0.435236447539061011E+01   -0.305529101228995736E+00   -0.154424210265755146E+00    0.264752472482721435E+00   -0.326648470089074161E+00   -0.107402507655212909E+01
    0.639388874709360001E-02    0.304273275961978186E+03    0.388707592124762774E-01   -0.214339489687823885E+02    0.700804196414078651E+00    0.184251208823348955E+01    0.683259345929153588E-02    0.235193036221591489E+01   -0.217311127762271017E+01   -0.588883851385160681E-01    0.425488172457562097E+01   -0.305484894703117238E+00   -0.154295148118108350E+00    0.264792957714627186E+00   -0.327153199531767691E+00   -0.106490651507174028E+01
    0.633859891048613698E-02    0.304290645759813458E+03    0.392936040578071508E-01   -0.213974798232168339E+02    0.701551772324950917E+00    0.184395150854724599E+01    0.683677591296702296E-02    0.235129006225076109E+01   -0.191133175216573648E+01   -0.584700788529753310E-01    0.429953613197155349E+01   -0.303414867585179715E+00   -0.155030626193497972E+00    0.266283333552812640E+00   -0.327753638218854393E+00   -0.108403416868396918E+01
    0.649329583415172041E-02    0.304242420794790007E+03    0.393547027653415940E-01   -0.214403157023279043E+02    0.700349840869394891E+00    0.184200665230727045E+01    0.684502577843096663E-02    0.235219676054285554E+01   -0.218942462474486721E+01   -0.584901701800283752E-01    0.422043943408953304E+01   -0.307639786958277928E+00   -0.155547102253927066E+00    0.265434937874137966E+00   -0.330501745866036700E+00   -0.108140286735431546E+01
    0.629219530376767811E-02    0.304305341214336806E+03    0.391343122485427117E-01   -0.214226568840098217E+02    0.699477397966912884E+00    0.184357637055547641E+01    0.683872902226065685E-02    0.235131099855193781E+01   -0.193782564494484122E+01   -0.580942882139144773E-01    0.419379876082059599E+01   -0.300659821500361302E+00   -0.155122186582164923E+00    0.264642308992854958E+00   -0.331467660813243969E+00   -0.109339549739053266E+01
    0.648794464855511916E-02    0.304244069692954042E+03    0.389447889854336454E-01   -0.214455976623269287E+02    0.702005604397015315E+00    0.184375201583037485E+01    0.683902655917022727E-02    0.235247304505699706E+01   -0.198039753536763619E+01   -0.589033071341211190E-01    0.421626767220734955E+01   -0.306709044839177880E+00   -0.155998948661017073E+00    0.264522152872359750E+00   -0.330989577506658417E+00   -0.107858269278675101E+01
    0.648820033296442639E-02    0.304243990876199234E+03    0.392001358471541286E-01   -0.214534899186464614E+02    0.700562946083623905E+00    0.184274289803521052E+01    0.683140287743662453E-02    0.235135518843915214E+01   -0.202080179760580503E+01   -0.588340617231093641E-01    0.423287653290291566E+01   -0.300396817120368587E+00   -0.155390683526852202E+00    0.265862512489706881E+00   -0.328047193519630020E+00   -0.107060454710198361E+01
    0.642315394551630416E-02    0.304264142732111509E+03    0.392925526493194816E-01   -0.214808354708033100E+02    0.699216420051956833E+00    0.184322591620890663E+01    0.683366724618277889E-02    0.235109139245250454E+01   -0.198929159251488352E+01   -0.586794076060550909E-01    0.428050493847027980E+01   -0.299250683179715204E+00   -0.154598853333248465E+00    0.264891042978971591E+00   -0.329151174228188459E+00   -0.107108055931221546E+01
    0.646012960509106254E-02    0.304252662503191573E+03    0.391668291803570628E-01   -0.215378894589012688E+02    0.702202218661465927E+00    0.184294880748005774E+01    0.683372153408178754E-02    0.235228862678768902E+01   -0.194371480981493794E+01   -0.580977032037497607E-01    0.429224749851513465E+01   -0.302855032169442540E+00   -0.155605737327521698E+00    0.265898564589355846E+00   -0.326919326963717782E+00   -0.107876547343347573E+01
    0.655013670240036597E-02    0.304224989423743580E+03    0.390315170504414860E-01   -0.214991470834890670E+02    0.701414332118832751E+00    0.184381461236803590E+01    0.683557027149033717E-02    0.235193068961496410E+01   -0.192185603301433350E+01   -0.584667702196613806E-01    0.428582237384377596E+01   -0.298917820707966742E+00   -0.155373793887088191E+00    0.266004113219916349E+00   -0.328260450700458672E+00   -0.107093354313624700E+01
    0.636187210353806546E-02    0.304283315883913190E+03    0.396555543107795574E-01   -0.215232934074895823E+02    0.701236802177992224E+00    0.184324621408966927E+01    0.683730450866901034E-02    0.235151757998619582E+01   -0.184704989450260570E+01   -0.583402142639458665E-01    0.421760758272541114E+01   -0.302586619082499064E+00   -0.157466195405171594E+00    0.266646156826947534E+00   -0.327408663639552122E+00   -0.107004984522673952E+01
    0.631702991166484869E-02    0.304297462969770493E+03    0.393831078488238728E-01   -0.215022756984001582E+02    0.700010239738781515E+00    0.184275392715318787E+01    0.684583453501359275E-02    0.235142665351327107E+01   -0.201162237995802062E+01   -0.578837090279992403E-01    0.418424144255851882E+01   -0.303970008510854928E+00   -0.154927263354993516E+00    0.265163048768504162E+00   -0.330304797333548172E+00   -0.108580076089807531E+01
    0.629055237377748946E-02    0.304305863494538755E+03    0.390658830727581216E-01   -0.215159230123612737E+02    0.699670006843256198E+00    0.184389674642000356E+01    0.683327422787102703E-02    0.235140602639426977E+01   -0.188773261682258187E+01   -0.586400995483246368E-01    0.423695872996603384E+01   -0.305286944358487966E+00   -0.160701209322789168E+00    0.266815861840532409E+00   -0.329565257943782941E+00   -0.107944240529633251E+01
    0.630151054630790838E-02    0.304302382515967963E+03    0.396255645560492781E-01   -0.215171003067492812E+02    0.701713318211901305E+00    0.184260846112693866E+01    0.684976543165219821E-02    0.235193803476069974E+01   -0.204761381063015957E+01   -0.584501008373669098E-01    0.417533915521860610E+01   -0.298097336450264483E+00   -0.155765826633922605E+00    0.265668133296132869E+00   -0.330634519946940986E+00   -0.108297882398763456E+01
    0.628336608628342428E-02    0.304308149588026424E+03    0.394976361728791095E-01   -0.215131101524951163E+02    0.702207448356807373E+00    0.184167865529496266E+01    0.684640929588552303E-02    0.235138184760074864E+01   -0.203911394497064347E+01   -0.582424468325197162E-01    0.424101146975642873E+01   -0.313869741472481645E+00   -0.154278986912347343E+00    0.265054706084448366E+00   -0.329737795226780650E+00   -0.105688381058922909E+01
    0.650741402007669681E-02    0.304238076973065461E+03    0.395040829152891251E-01   -0.214868718756813237E+02    0.700706906379761296E+00    0.184427018984347724E+01    0.684154658318919875E-02    0.235199403130171891E+01   -0.200071825479952903E+01   -0.585673015185276535E-01    0.421237038054752500E+01   -0.308747304627699837E+00   -0.157981910195516273E+00    0.265927659631652324E+00   -0.329753984199704975E+00   -0.107418649676471167E+01
    0.631274252938403019E-02    0.304298820835073457E+03    0.394373662016141505E-01   -0.214401563004160884E+02    0.700985486633793231E+00    0.184369079671893199E+01    0.684063361801946507E-02    0.235107302426846454E+01   -0.205749287992770880E+01   -0.580521239623207827E-01    0.420179258973381309E+01   -0.295821631387911732E+00   -0.154965447673866552E+00    0.265320478888981137E+00   -0.326423902052534687E+00   -0.107097273927894454E+01
    0.635083484977056693E-02    0.304286788710457927E+03    0.391941565871662609E-01   -0.215269655389768886E+02    0.701036220700388735E+00    0.184357673949618173E+01    0.683666693767204063E-02    0.235173494682391215E+01   -0.198646516561138942E+01   -0.588347433517359131E-01    0.423176542592571003E+01   -0.296482621143071945E+00   -0.155869153581159908E+00    0.265784708811031056E+00   -0.330478948814613926E+00   -0.108009461656730799E+01
    0.630188518196916122E-02    0.304302263616055768E+03    0.389491518489178748E-01   -0.215099115709277697E+02    0.701349329928655285E+00    0.184260479060674554E+01    0.684237254322982071E-02    0.235152184132466990E+01   -0.199958624278299224E+01   -0.586611761671790091E-01    0.421596457997766283E+01   -0.302643987335934894E+00   -0.153564171215856776E+00    0.264797170002333881E+00   -0.326180769747725807E+00   -0.106070291803525452E+01
    0.628381561136862488E-02    0.304308006508982544E+03    0.392206245212663729E-01   -0.214859705104299543E+02    0.697684311187744877E+00    0.184326279705656404E+01    0.684097956293427956E-02    0.235125371114791237E+01   -0.192875533113148268E+01   -0.584021022837114823E-01    0.421417535359826179E+01   -0.302563402964310169E+00   -0.153393243732725476E+00    0.264365694448844057E+00   -0.330358507828077352E+00   -0.110893636881196334E+01
    0.666540733990643713E-02    0.304190099127736914E+03    0.394566907832587174E-01   -0.214747495269432989E+02    0.701779528268922204E+00    0.184319909546659799E+01    0.683719002863881434E-02    0.235183001487939292E+01   -0.196997233111491732E+01   -0.583154313879417074E-01    0.425750821488125997E+01   -0.302450161528632466E+00   -0.156425009543006033E+00    0.266565188058955571E+00   -0.328860623947589192E+00   -0.108951348160424955E+01
    0.649112849510362355E-02    0.304243088468308144E+03    0.393175392896955786E-01   -0.214672986118574265E+02    0.701085480715455511E+00    0.184270169849360910E+01    0.684153311571902324E-02    0.235223480086097236E+01   -0.195720090013037074E+01   -0.585236726144989089E-01    0.424765215926184592E+01   -0.301066909358120693E+00   -0.155086014076250917E+00    0.264691555640275467E+00   -0.329746201651709869E+00   -0.108238267806605837E+01
    0.644067836057584699E-02    0.304258693523669251E+03    0.393096172402902441E-01   -0.214617818690797648E+02    0.700539947014245268E+00    0.184345726324687820E+01    0.683107420138024269E-02    0.235037656400338513E+01   -0.215849119306242843E+01   -0.581254205660237111E-01    0.429554238639275265E+01   -0.304796857159420620E+00   -0.155477022981780844E+00    0.266196244560959028E+00   -0.329839656053867059E+00   -0.108668913945279044E+01
    0.629931977318149913E-02    0.304303077953678951E+03    0.388898275261361018E-01   -0.214611597954433577E+02    0.700569744850391918E+00    0.184322017765379598E+01    0.683699559805420794E-02    0.235183241113417729E+01   -0.198248979122715441E+01   -0.588191253787493928E-01    0.421523167723016012E+01   -0.294173354286086652E+00   -0.154965031037286316E+00    0.264924073042650143E+00   -0.329995387846977573E+00   -0.107754649630444033E+01
    0.635307857367305683E-02    0.304286082243450153E+03    0.388989534001895620E-01   -0.214933504509791362E+02    0.700650629597890262E+00    0.184249516526741597E+01    0.683631547383086163E-02    0.235192741748301515E+01   -0.193778639780622641E+01   -0.577323582318491901E-01    0.416951979361559211E+01   -0.308688992659158112E+00   -0.154173660675184426E+00    0.265349287884317997E+00   -0.329471631491257411E+00   -0.107704610929545219E+01
    0.633114215512235300E-02    0.304292999953537276E+03    0.388023082199894856E-01   -0.214949455634854480E+02    0.698570956918273200E+00    0.184294745583042263E+01    0.683003599897229457E-02    0.235063415092600403E+01   -0.206358253055274687E+01   -0.594019996368097686E-01    0.427485670162809317E+01   -0.313845206194137638E+00   -0.157313853824255834E+00    0.266620589738828850E+00   -0.330581479295944058E+00   -0.108509605658697095E+01
    0.647857412970371735E-02    0.304246960374915147E+03    0.394322247611594429E-01   -0.214998648867617703E+02    0.699527559714339553E+00    0.184502662910381487E+01    0.683404464055433446E-02    0.235247811923736760E+01   -0.205129073093961756E+01   -0.583549318740446965E-01    0.420786751994602604E+01   -0.303640464104462215E+00   -0.155063132473373777E+00    0.266000360044231610E+00   -0.326666243524942557E+00   -0.107937717968514746E+01
