    0.698916735417242502E-01   -0.671389575207017408E+01    0.534789462937388493E+00    0.108697129920527114E+01    0.116860563406899313E-01    0.133532267663744397E+01   -0.159731057815903665E+01   -0.389647585058117418E-01    0.364626385951461796E+00   -0.754314940042476456E-01   -0.108790366254908483E+00   -0.222301487489914823E+00    0.201501000571550661E-01   -0.109678554471273304E+01   -0.131017550161243124E+01
    0.824733498761462264E-01   -0.672524563776175821E+01    0.539148676628504298E+00    0.113209256890322019E+01    0.108448173523047857E-01    0.138247228558445445E+01   -0.189846660362911535E+01   -0.264847423115477654E-01    0.193438367559738783E+00   -0.143263608044856300E+00   -0.336761256193025549E-01   -0.389260137864058664E+00    0.237798572465032707E-01   -0.107369221531561343E+01   -0.127741808954299474E+01
    0.949896032140586516E-01   -0.646868871634730880E+01    0.511641003131125593E+00    0.107780642863015785E+01    0.104032508051702510E-01    0.134780007010962177E+01   -0.156080854746111264E+01   -0.224577454380189591E-01    0.325130789146274912E+00   -0.122803124430896304E+00   -0.136081521286392365E-01   -0.357250928575243376E+00    0.949130661758411376E-02   -0.110779278815542082E+01   -0.112591323170755753E+01
    0.949896032140586516E-01   -0.646868871634730880E+01    0.511641003131125593E+00    0.107780642863015785E+01    0.104032508051702510E-01    0.134780007010962177E+01   -0.156080854746111264E+01   -0.224577454380189591E-01    0.325130789146274912E+00   -0.122803124430896304E+00   -0.136081521286392365E-01   -0.357250928575243376E+00    0.949130661758411376E-02   -0.110779278815542082E+01   -0.112591323170755753E+01
    0.712296718877032803E-01   -0.674069904896334204E+01    0.545408949906794560E+00    0.105014955741177407E+01    0.111296772649685741E-01    0.134739084284196564E+01   -0.166749767959065576E+01   -0.412453718656156584E-01    0.280245966016306469E+00   -0.122268584299733724E+00   -0.104193239438035379E+00   -0.246127680713932290E+00    0.179198595005618799E-01   -0.106794476718995979E+01   -0.111596370573664361E+01
    0.712296718877032803E-01   -0.674069904896334204E+01    0.545408949906794560E+00    0.105014955741177407E+01    0.111296772649685741E-01    0.134739084284196564E+01   -0.166749767959065576E+01   -0.412453718656156584E-01    0.280245966016306469E+00   -0.122268584299733724E+00   -0.104193239438035379E+00   -0.246127680713932290E+00    0.179198595005618799E-01   -0.106794476718995979E+01   -0.111596370573664361E+01
    0.749081074951079701E-01   -0.673110262896159384E+01    0.548664805825193502E+00    0.111198198442732155E+01    0.120093699390891716E-01    0.134553797741374814E+01   -0.165022791304689642E+01   -0.412614738580168311E-01   -0.241745421113476300E+00   -0.126727882501864453E+00   -0.124174965414304173E+00   -0.155377581179823865E+00   -0.440198919639524650E-01   -0.107407426815199902E+01   -0.106916522065989006E+01
    0.749081074951079701E-01   -0.673110262896159384E+01    0.548664805825193502E+00    0.111198198442732155E+01    0.120093699390891716E-01    0.134553797741374814E+01   -0.165022791304689642E+01   -0.412614738580168311E-01   -0.241745421113476300E+00   -0.126727882501864453E+00   -0.124174965414304173E+00   -0.155377581179823865E+00   -0.440198919639524650E-01   -0.107407426815199902E+01   -0.106916522065989006E+01
    0.639134990434681027E-01   -0.652579383570350213E+01    0.507684577583042418E+00    0.106288097659835534E+01    0.117892122006641904E-01    0.136428234168083384E+01   -0.201266453064371031E+01   -0.448084953213373771E-01   -0.305299022277787102E-01   -0.909270501961736283E-01   -0.652736924219594478E-01   -0.383530498385500573E+00   -0.458743599873994747E-02   -0.103489219254880571E+01   -0.105630988801519154E+01
    0.721221163611053817E-01   -0.685640421951932755E+01    0.548882571872055580E+00    0.107243026953944343E+01    0.112078304772048540E-01    0.134829176076319834E+01   -0.179341840936956487E+01   -0.410940124602362580E-01    0.101690020760784289E+00   -0.840304711317104436E-01   -0.818584191458867211E-01   -0.118914835618701906E+00    0.567684901270300510E-01   -0.107755288723308018E+01   -0.104892962920339827E+01
    0.710537376859942532E-01   -0.638439521964501822E+01    0.473493874647186119E+00    0.101066667843343749E+01    0.119448651191056271E-01    0.134741691941360631E+01   -0.163808942533372770E+01   -0.441281706091838227E-01   -0.221069674929311011E+00   -0.597681323380891694E-01   -0.658930175827366488E-01   -0.301555717169984028E+00    0.207327722074548762E-01   -0.106845542363025547E+01   -0.102162049182532200E+01
    0.100213107844226768E+00   -0.678316273614473175E+01    0.523862912562754635E+00    0.106388944874550906E+01    0.105324613791770577E-01    0.136766371701499212E+01   -0.185304966684510464E+01   -0.273847797313587840E-01   -0.310789078550624764E+00   -0.101302007405181804E+00   -0.369041756758689693E-01   -0.232544825235251912E+00   -0.871440457449106608E-02   -0.107234218896863043E+01   -0.970203437199258834E+00
    0.100213107844226768E+00   -0.678316273614473175E+01    0.523862912562754635E+00    0.106388944874550906E+01    0.105324613791770577E-01    0.136766371701499212E+01   -0.185304966684510464E+01   -0.273847797313587840E-01   -0.310789078550624764E+00   -0.101302007405181804E+00   -0.369041756758689693E-01   -0.232544825235251912E+00   -0.871440457449106608E-02   -0.107234218896863043E+01   -0.970203437199258834E+00
    0.698693820715914765E-01   -0.639570264163266700E+01    0.483098311142460102E+00    0.103172537119679641E+01    0.125113235868966090E-01    0.136031621258788249E+01   -0.163874469440781256E+01   -0.431255660497030444E-01    0.164031025067671032E-01   -0.924533576910332722E-01   -0.386264276533929002E-01   -0.241688689322044320E+00    0.638574465486421543E-02   -0.104422851401433148E+01   -0.955635240427185950E+00
    0.614047639483036936E-01   -0.669808357944468202E+01    0.558841058765280119E+00    0.110374396093409755E+01    0.123705597483901811E-01    0.137131091357558854E+01   -0.169263935001717969E+01   -0.345132408462710885E-01   -0.199363452112146289E+00   -0.103321429725031555E+00   -0.770384424925676936E-02   -0.405854474535249699E+00   -0.169451861038087265E-01   -0.104292011266073681E+01   -0.949207028621899984E+00
    0.705906613719378545E-01   -0.669745185161750456E+01    0.507910094746865437E+00    0.101942759343692146E+01    0.116970595959178178E-01    0.133298743491319138E+01   -0.170598915170978849E+01   -0.331358788390749628E-01    0.191476063259843982E+00   -0.103584459378629257E+00   -0.728037774880691407E-01   -0.226147020943988614E+00    0.639459668551385779E-01   -0.109438248213821088E+01   -0.875896653433578254E+00
    0.705906613719378545E-01   -0.669745185161750456E+01    0.507910094746865437E+00    0.101942759343692146E+01    0.116970595959178178E-01    0.133298743491319138E+01   -0.170598915170978849E+01   -0.331358788390749628E-01    0.191476063259843982E+00   -0.103584459378629257E+00   -0.728037774880691407E-01   -0.226147020943988614E+00    0.639459668551385779E-01   -0.109438248213821088E+01   -0.875896653433578254E+00
    0.739944718381119609E-01   -0.651753528909088686E+01    0.523530476967787650E+00    0.108518278969754944E+01    0.993941839462488680E-02    0.139161438862300879E+01   -0.120899656194433502E+01   -0.464288537598846890E-01   -0.111573497244739778E+00   -0.115154943235738716E+00   -0.172505879020020791E+00   -0.215941991924047255E+00    0.218006263092357030E-01   -0.105848062280552369E+01   -0.869873789015567778E+00
    0.739944718381119609E-01   -0.651753528909088686E+01    0.523530476967787650E+00    0.108518278969754944E+01    0.993941839462488680E-02    0.139161438862300879E+01   -0.120899656194433502E+01   -0.464288537598846890E-01   -0.111573497244739778E+00   -0.115154943235738716E+00   -0.172505879020020791E+00   -0.215941991924047255E+00    0.218006263092357030E-01   -0.105848062280552369E+01   -0.869873789015567778E+00
    0.774885725942328352E-01   -0.664476573167345208E+01    0.557313118557970055E+00    0.107540770514166684E+01    0.105919299968630226E-01    0.138486843168526264E+01   -0.180864609070536630E+01   -0.310553991256651632E-01   -0.101290431594669120E+00   -0.128185156516913257E+00   -0.537439985461415221E-01   -0.326666488423761614E+00    0.715264534658670847E-01   -0.106113099575113656E+01   -0.845438231468979673E+00
    0.937517604160882229E-01   -0.659031979064334905E+01    0.535470338046617700E+00    0.110129849501654031E+01    0.122660521081304815E-01    0.136954244657633084E+01   -0.171277252279418568E+01   -0.316845284232317101E-01   -0.385680433932742206E+00   -0.399279963096797752E-01   -0.210221645663812226E-01   -0.236636141137217065E+00    0.477506247833682437E-01   -0.106601002187918481E+01   -0.817189711911577965E+00
    0.731729663818774106E-01   -0.650235396356931261E+01    0.509514335344121383E+00    0.104135411336161821E+01    0.114076971009535785E-01    0.135685865823056551E+01   -0.190468321850517253E+01   -0.454160366989208586E-01   -0.720226788360503467E-02   -0.101162581187069153E+00   -0.645173235015369106E-01   -0.371984909654063833E+00   -0.237676454036904253E-01   -0.106972644045063103E+01   -0.812184401665608346E+00
    0.838985152302201692E-01   -0.695250218941272724E+01    0.521687904802348945E+00    0.105637652019470107E+01    0.121007461352006292E-01    0.133343105245024907E+01   -0.182000286455779392E+01   -0.472910881556186241E-01   -0.312163998014225119E+00   -0.148395650956817005E+00   -0.640474949433354895E-01   -0.222893656742995411E+00    0.138042376755215506E-01   -0.109002645953757860E+01   -0.793400557455182787E+00
    0.838985152302201692E-01   -0.695250218941272724E+01    0.521687904802348945E+00    0.105637652019470107E+01    0.121007461352006292E-01    0.133343105245024907E+01   -0.182000286455779392E+01   -0.472910881556186241E-01   -0.312163998014225119E+00   -0.148395650956817005E+00   -0.640474949433354895E-01   -0.222893656742995411E+00    0.138042376755215506E-01   -0.109002645953757860E+01   -0.793400557455182787E+00
    0.732747888226317756E-01   -0.650782801891829710E+01    0.489924091803621731E+00    0.105531662711895025E+01    0.114527341795884856E-01    0.135302595013888194E+01   -0.175925714471155414E+01   -0.485209321594464102E-01    0.129653972260302258E-01   -0.142730076152660090E+00   -0.989936823848500957E-01   -0.263962571012149261E+00    0.624071021794436916E-02   -0.108615935954512444E+01   -0.743222768601226269E+00
    0.769635420618554195E-01   -0.664078841101150896E+01    0.509429371820734000E+00    0.106537553879592362E+01    0.137450856208798898E-01    0.135434767132018341E+01   -0.166237435912990006E+01   -0.243473522633934694E-01   -0.170679741637907001E+00   -0.902147255298604012E-01    0.432534055034308751E-01   -0.183170987910590333E+00    0.673724243020297209E-01   -0.107999051332084561E+01   -0.742604121505726189E+00
    0.769635420618554195E-01   -0.664078841101150896E+01    0.509429371820734000E+00    0.106537553879592362E+01    0.137450856208798898E-01    0.135434767132018341E+01   -0.166237435912990006E+01   -0.243473522633934694E-01   -0.170679741637907001E+00   -0.902147255298604012E-01    0.432534055034308751E-01   -0.183170987910590333E+00    0.673724243020297209E-01   -0.107999051332084561E+01   -0.742604121505726189E+00
    0.952139100388895293E-01   -0.686354968215738825E+01    0.544136637586079663E+00    0.102882373789766879E+01    0.110743860140543587E-01    0.134093754137740162E+01   -0.164507073070157039E+01   -0.262372691857284332E-01    0.914176794753723820E-03   -0.747999373815780577E-01    0.277711779253432406E-01   -0.237835320294562585E+00    0.228384633573518597E-01   -0.106990910458687716E+01   -0.725305686078646539E+00
    0.792106692230301196E-01   -0.676014879403165914E+01    0.500853503051835736E+00    0.102474856288444549E+01    0.129670214384447549E-01    0.134709141930314247E+01   -0.179147691485193450E+01   -0.284825010388442511E-01   -0.425791062225356232E+00   -0.784621100170236480E-01   -0.124579447396833937E+00   -0.344873101702805940E+00    0.505833093191737360E-01   -0.107923013837324677E+01   -0.714354447836383022E+00
    0.792106692230301196E-01   -0.676014879403165914E+01    0.500853503051835736E+00    0.102474856288444549E+01    0.129670214384447549E-01    0.134709141930314247E+01   -0.179147691485193450E+01   -0.284825010388442511E-01   -0.425791062225356232E+00   -0.784621100170236480E-01   -0.124579447396833937E+00   -0.344873101702805940E+00    0.505833093191737360E-01   -0.107923013837324677E+01   -0.714354447836383022E+00
    0.862581207625240376E-01   -0.667873684268360179E+01    0.554770999116215524E+00    0.105202650672501119E+01    0.110968437421074019E-01    0.131509937249444087E+01   -0.167578604364255512E+01   -0.429513813739981765E-01   -0.254294133200055283E+00   -0.743005985725486706E-01   -0.627905577369096829E-01   -0.296217904709143609E+00    0.845569972356800294E-02   -0.108551203896951476E+01   -0.713999524383512219E+00
    0.862581207625240376E-01   -0.667873684268360179E+01    0.554770999116215524E+00    0.105202650672501119E+01    0.110968437421074019E-01    0.131509937249444087E+01   -0.167578604364255512E+01   -0.429513813739981765E-01   -0.254294133200055283E+00   -0.743005985725486706E-01   -0.627905577369096829E-01   -0.296217904709143609E+00    0.845569972356800294E-02   -0.108551203896951476E+01   -0.713999524383512219E+00
    0.787576352107510341E-01   -0.660608430917614164E+01    0.484034214891087444E+00    0.112776710424801196E+01    0.115403248610827652E-01    0.137148586997857813E+01   -0.174050163577978201E+01   -0.476641950864157143E-01    0.172494498736657592E+00   -0.755917326400941947E-01   -0.823965776819933771E-01   -0.269903217948198548E+00    0.492585445924205792E-01   -0.108187324596522760E+01   -0.712436938896864547E+00
    0.880533400284340545E-01   -0.659588133815391497E+01    0.539602473372567504E+00    0.108034755032298757E+01    0.117386613013322396E-01    0.134313413957404459E+01   -0.180589077898475736E+01   -0.314182967992208545E-01   -0.835361845272065279E-01   -0.918672266746562022E-01   -0.144445991041412647E+00   -0.112610637260512486E+00   -0.319892610099328997E-01   -0.107912297092535581E+01   -0.706619400283416299E+00
    0.880533400284340545E-01   -0.659588133815391497E+01    0.539602473372567504E+00    0.108034755032298757E+01    0.117386613013322396E-01    0.134313413957404459E+01   -0.180589077898475736E+01   -0.314182967992208545E-01   -0.835361845272065279E-01   -0.918672266746562022E-01   -0.144445991041412647E+00   -0.112610637260512486E+00   -0.319892610099328997E-01   -0.107912297092535581E+01   -0.706619400283416299E+00
    0.845473041001487541E-01   -0.687754243251380792E+01    0.515425361144299710E+00    0.110490254617877426E+01    0.948890475076857344E-02    0.135497719921931847E+01   -0.168952701131042926E+01   -0.360923924822444814E-01    0.423189992184607844E+00   -0.133913454202635285E+00    0.445783706757553466E-02   -0.306693779534225053E+00   -0.790856960347517506E-02   -0.103832421119264140E+01   -0.682196641366622392E+00
    0.845473041001487541E-01   -0.687754243251380792E+01    0.515425361144299710E+00    0.110490254617877426E+01    0.948890475076857344E-02    0.135497719921931847E+01   -0.168952701131042926E+01   -0.360923924822444814E-01    0.423189992184607844E+00   -0.133913454202635285E+00    0.445783706757553466E-02   -0.306693779534225053E+00   -0.790856960347517506E-02   -0.103832421119264140E+01   -0.682196641366622392E+00
    0.812752972388007811E-01   -0.653219946054603540E+01    0.527936082733854395E+00    0.110605915299365187E+01    0.958753013974624792E-02    0.138947526498071161E+01   -0.162498647482535308E+01   -0.367594740092102024E-01   -0.117918121296041317E+00   -0.119966774857098071E+00   -0.412643331735389474E-01   -0.180067874853797272E+00    0.150152634643887367E-01   -0.108594260131622122E+01   -0.666087826852424292E+00
    0.938319670203473788E-01   -0.683042432668847699E+01    0.506235142922766168E+00    0.104723329431013767E+01    0.107623794108416861E-01    0.135092577461461483E+01   -0.157117759185201078E+01   -0.294704533989143987E-01   -0.116238348476872921E+00   -0.948118686362489360E-01   -0.285691585542672752E-01   -0.257912120815227408E+00    0.312654245101998199E-01   -0.108422842832479138E+01   -0.663859006562848686E+00
    0.937297824148647929E-01   -0.701797295194802295E+01    0.537842316282760802E+00    0.106480885145749227E+01    0.134557113861818300E-01    0.137117010175396126E+01   -0.165156924770382463E+01   -0.413973573441933293E-01   -0.241362565221302644E-01   -0.496134774588638250E-01   -0.133962451972955421E+00   -0.340064939896564111E+00    0.629134301910885957E-01   -0.108565613940486982E+01   -0.656799604578258700E+00
    0.937297824148647929E-01   -0.701797295194802295E+01    0.537842316282760802E+00    0.106480885145749227E+01    0.134557113861818300E-01    0.137117010175396126E+01   -0.165156924770382463E+01   -0.413973573441933293E-01   -0.241362565221302644E-01   -0.496134774588638250E-01   -0.133962451972955421E+00   -0.340064939896564111E+00    0.629134301910885957E-01   -0.108565613940486982E+01   -0.656799604578258700E+00
    0.824037830622964124E-01   -0.686153662954178056E+01    0.468542167371155394E+00    0.103966188576629115E+01    0.116733049478193567E-01    0.131920405788242312E+01   -0.158850743175118936E+01   -0.360043558979114761E-01   -0.440253255536232180E+00   -0.406896658410710876E-01   -0.260640714805677187E-01   -0.294616483540082519E+00    0.128951361424234218E-01   -0.106942739571175727E+01   -0.651513259777511955E+00
    0.824037830622964124E-01   -0.686153662954178056E+01    0.468542167371155394E+00    0.103966188576629115E+01    0.116733049478193567E-01    0.131920405788242312E+01   -0.158850743175118936E+01   -0.360043558979114761E-01   -0.440253255536232180E+00   -0.406896658410710876E-01   -0.260640714805677187E-01   -0.294616483540082519E+00    0.128951361424234218E-01   -0.106942739571175727E+01   -0.651513259777511955E+00
    0.837762759667796675E-01   -0.693108075760348985E+01    0.558342061849821047E+00    0.107151382295500186E+01    0.127749959780849558E-01    0.141183160231950722E+01   -0.155274656329034277E+01   -0.451348136467104727E-01   -0.121869784245473164E+00   -0.113689060666044020E+00   -0.182383796490971639E-02   -0.323346027848338380E+00   -0.643385140332691265E-02   -0.106645476128859640E+01   -0.642550137158872103E+00
    0.895724947067210592E-01   -0.685056134739946909E+01    0.507858221345662941E+00    0.107748203651588015E+01    0.116211438618887084E-01    0.136563535678956094E+01   -0.136937855392319596E+01   -0.327294852893368349E-01    0.200605934168881589E+00   -0.801851334577354802E-01    0.480411976469445334E-01   -0.884033250542221871E-01    0.294386294899902576E-01   -0.102654928044475446E+01   -0.635280589975252719E+00
    0.895724947067210592E-01   -0.685056134739946909E+01    0.507858221345662941E+00    0.107748203651588015E+01    0.116211438618887084E-01    0.136563535678956094E+01   -0.136937855392319596E+01   -0.327294852893368349E-01    0.200605934168881589E+00   -0.801851334577354802E-01    0.480411976469445334E-01   -0.884033250542221871E-01    0.294386294899902576E-01   -0.102654928044475446E+01   -0.635280589975252719E+00
    0.712058371467633594E-01   -0.668783125747227114E+01    0.514029710085632585E+00    0.107742809111747517E+01    0.125316066534012661E-01    0.134441430068725887E+01   -0.181401959552173397E+01   -0.398991546093378363E-01   -0.464046985375716065E-01   -0.951290592255497058E-01   -0.187377186553951136E-02   -0.187185417673505300E+00   -0.266510601630905800E-01   -0.105324527565357728E+01   -0.632748795031730649E+00
    0.801115085548724931E-01   -0.694239857315110065E+01    0.532661999057406965E+00    0.108624681685275570E+01    0.105650786342477519E-01    0.136743009724297115E+01   -0.183163876537114279E+01   -0.438884900314471388E-01    0.475775822640206458E-02   -0.891949340383071387E-01   -0.224356398201397272E-01   -0.287591030127911707E+00    0.550751340719506377E-01   -0.107622768600260121E+01   -0.613670525497072794E+00
    0.904581037558821882E-01   -0.643335929745667556E+01    0.477330219147744816E+00    0.998704143660251731E+00    0.105413044338111810E-01    0.138318526896180072E+01   -0.157958990594434523E+01   -0.269273581625932602E-01   -0.850359628325990657E-01   -0.140343392759834290E+00   -0.118702738642423866E+00   -0.695621595355497002E-01    0.873249339878963693E-01   -0.112606136389861078E+01   -0.612908441887660582E+00
    0.904581037558821882E-01   -0.643335929745667556E+01    0.477330219147744816E+00    0.998704143660251731E+00    0.105413044338111810E-01    0.138318526896180072E+01   -0.157958990594434523E+01   -0.269273581625932602E-01   -0.850359628325990657E-01   -0.140343392759834290E+00   -0.118702738642423866E+00   -0.695621595355497002E-01    0.873249339878963693E-01   -0.112606136389861078E+01   -0.612908441887660582E+00
    0.845161220477615854E-01   -0.630900740672885352E+01    0.536997351254159705E+00    0.108840231274816168E+01    0.980390098667312075E-02    0.136908389988553947E+01   -0.161319828997172721E+01   -0.206350069010540899E-01   -0.138982798413380515E+00   -0.801512322804243532E-01   -0.374458506622787415E-01   -0.276172208856979517E+00   -0.219218684231282518E-01   -0.106490887069263174E+01   -0.610730113591502644E+00
    0.898853317382779238E-01   -0.684123556265297683E+01    0.513643790792268518E+00    0.105036313104245660E+01    0.861889723774175026E-02    0.136704521112054311E+01   -0.155909668482330432E+01   -0.450631341273568936E-01    0.283640722334185913E+00   -0.131624129877713381E+00   -0.813940854319289420E-01   -0.311698398178413327E+00   -0.806716983268667698E-01   -0.108083674120579554E+01   -0.604520479444951353E+00
    0.728253242583538768E-01   -0.657040862152284433E+01    0.539712351788190325E+00    0.111513489983605885E+01    0.886416816733547920E-02    0.132962031921396817E+01   -0.158541137331198123E+01   -0.316863246942274135E-01   -0.994251619905691802E-01   -0.113650870496502243E+00    0.274154065069617953E-01   -0.248613014653841197E+00   -0.332366389417294503E-02   -0.109509038769201661E+01   -0.596875314903834053E+00
    0.866192398504100625E-01   -0.666321459463515797E+01    0.499623374754242733E+00    0.105429130766959411E+01    0.126139062057194599E-01    0.134839146560533751E+01   -0.174164475307760336E+01   -0.337984000205541688E-01   -0.475271576978361782E-01   -0.484460120105042608E-01    0.127927905627347738E-01   -0.380934146585923616E+00    0.359645544696489891E-01   -0.108871757638196609E+01   -0.574461298352862970E+00
    0.866192398504100625E-01   -0.666321459463515797E+01    0.499623374754242733E+00    0.105429130766959411E+01    0.126139062057194599E-01    0.134839146560533751E+01   -0.174164475307760336E+01   -0.337984000205541688E-01   -0.475271576978361782E-01   -0.484460120105042608E-01    0.127927905627347738E-01   -0.380934146585923616E+00    0.359645544696489891E-01   -0.108871757638196609E+01   -0.574461298352862970E+00
    0.747759396827785555E-01   -0.706278011653810189E+01    0.531279198693343835E+00    0.107762748088068694E+01    0.127822383262192786E-01    0.137622903462596224E+01   -0.168968232936571239E+01   -0.521714198449291094E-01   -0.347586037969024764E+00   -0.189221615513318731E+00   -0.504522158556900552E-02   -0.351802553079973657E+00    0.101027494997766622E-02   -0.107542655430095269E+01   -0.568400257978611045E+00
    0.915012826640340532E-01   -0.669916467621369272E+01    0.495761832613807074E+00    0.107571214692663264E+01    0.116124867848558435E-01    0.131541102048535508E+01   -0.200310311628177784E+01   -0.273532759078553914E-01   -0.143224404145025686E+00   -0.857305440435690708E-01   -0.460439639965699865E-01   -0.378985800405053808E+00    0.296539243990441778E-01   -0.107562448393088994E+01   -0.562530590439559663E+00
    0.695560938674654600E-01   -0.665982535982050283E+01    0.525149792327461062E+00    0.111215552830968534E+01    0.109858587476592100E-01    0.134337061325100149E+01   -0.158571725441624145E+01   -0.460507433751111001E-01   -0.161802242859969747E+00   -0.107572895395680851E+00   -0.656791340038522242E-01   -0.355611251463301969E+00    0.283970426889334146E-01   -0.108741364911616545E+01   -0.551330483726462650E+00
    0.815894924974061159E-01   -0.677601530770842420E+01    0.483213356382740322E+00    0.110150655169415912E+01    0.934034985555299430E-02    0.135597620465007984E+01   -0.156387086239417994E+01   -0.327912264335369838E-01   -0.116046495647084524E+00   -0.100404053693472980E+00   -0.883233513674519105E-01   -0.305927795545226811E+00    0.684113903109810073E-01   -0.107574694593834153E+01   -0.548031743154827722E+00
    0.706776043211164995E-01   -0.654389148363162487E+01    0.539217602198358681E+00    0.104315136555897903E+01    0.105854325084162246E-01    0.136491956116088331E+01   -0.163414899743293462E+01   -0.257359992535937596E-01   -0.700557418036339280E-01   -0.100090339171059001E+00   -0.754382505185335200E-01   -0.310292108319867477E+00   -0.164423916551845947E-01   -0.109617008151892592E+01   -0.547656203905792394E+00
    0.706776043211164995E-01   -0.654389148363162487E+01    0.539217602198358681E+00    0.104315136555897903E+01    0.105854325084162246E-01    0.136491956116088331E+01   -0.163414899743293462E+01   -0.257359992535937596E-01   -0.700557418036339280E-01   -0.100090339171059001E+00   -0.754382505185335200E-01   -0.310292108319867477E+00   -0.164423916551845947E-01   -0.109617008151892592E+01   -0.547656203905792394E+00
    0.870083132865757253E-01   -0.660326110825967039E+01    0.498675859203312810E+00    0.108203719097134043E+01    0.104338065578236851E-01    0.134763262817475149E+01   -0.173779978111233091E+01   -0.286907591728730420E-01   -0.194155903875345037E+00   -0.866822163757536290E-01   -0.116983784942433944E+00   -0.395752254364409972E+00    0.840310274384298284E-01   -0.108329572964197607E+01   -0.540585278330036223E+00
    0.809704764011187350E-01   -0.667332748324453462E+01    0.473068978228306070E+00    0.103830485347753942E+01    0.120484475344769595E-01    0.134728831184984754E+01   -0.167360241437521351E+01   -0.480826047685221705E-01   -0.114590137898848921E+00   -0.373696880251446414E-01   -0.666326549757084718E-02   -0.188377544208135017E+00    0.137305190108656938E-01   -0.109790664717226627E+01   -0.538991394613609454E+00
    0.818675464936117758E-01   -0.683133606679971450E+01    0.556358821360634304E+00    0.105387307888579085E+01    0.114544863766093998E-01    0.136112520588265062E+01   -0.159899295067950931E+01   -0.412211950798964943E-01   -0.124615570540948517E-01   -0.179343113318908398E+00   -0.517723517300822528E-01   -0.117274627303844720E+00   -0.120273019049758016E-01   -0.109269569538777822E+01   -0.538645623919286387E+00
    0.764973690880575985E-01   -0.654290429279272523E+01    0.543650832799976835E+00    0.105782531713408812E+01    0.116386750351796051E-01    0.138108199434187440E+01   -0.156083913247477901E+01   -0.380688749627130091E-01   -0.791097096465241539E-01   -0.137247433873976143E+00   -0.347701031471902150E-01   -0.132876296357655549E+00   -0.118916239521676247E-01   -0.107792732398136026E+01   -0.538337734524806821E+00
    0.795118684148448801E-01   -0.679236332120595865E+01    0.496621169473222879E+00    0.113274544714589265E+01    0.121763103013432759E-01    0.137582420619908352E+01   -0.180359174775427089E+01   -0.424353665514778794E-01   -0.608579557384160252E+00   -0.125979864460707441E+00   -0.981243297423785993E-01   -0.162938901658974455E+00   -0.614328204130902555E-02   -0.108867413913429356E+01   -0.533373100694174651E+00
    0.809914357230318571E-01   -0.692612850781161793E+01    0.501384970218100579E+00    0.104785244477835904E+01    0.116008431875274706E-01    0.134812937509156638E+01   -0.174032045902217192E+01   -0.453830272658851952E-01    0.674853718950939874E-01   -0.970388334334533476E-01    0.469025445584076578E-01   -0.171029825245677225E+00    0.515057986295713380E-01   -0.104831642668687919E+01   -0.524673771884872964E+00
    0.860079726533097971E-01   -0.655374379353058067E+01    0.491480980012137858E+00    0.105555532915365347E+01    0.974226336406594333E-02    0.135512749042238734E+01   -0.161809466249203804E+01   -0.389272225501271427E-01   -0.267471018112208303E+00   -0.802234795493775854E-01   -0.170526183014475863E+00   -0.171567305292150002E+00    0.291913789437859769E-01   -0.108629175887418916E+01   -0.510654931669987211E+00
    0.719940185966881641E-01   -0.663739202861718880E+01    0.466887127140334535E+00    0.110010055460397704E+01    0.116913590501083360E-01    0.136765022634029298E+01   -0.180055281192205729E+01   -0.483042939730736962E-01    0.133132574280915017E+00   -0.987752301586442422E-01   -0.107217978451589868E+00   -0.355178055841517015E+00    0.158110800738491264E-01   -0.107943992103505626E+01   -0.506528825753159384E+00
    0.695277023010110046E-01   -0.720499062999556017E+01    0.477500448087199214E+00    0.107049892996221141E+01    0.998589373855975418E-02    0.134458059157078047E+01   -0.157112964884452255E+01   -0.449933228592148196E-01    0.202903636600561682E+00   -0.115953282512241185E+00   -0.403137719577889159E-01   -0.186449421359447698E+00    0.192272762225806117E-01   -0.109919440355840403E+01   -0.500346172978903270E+00
    0.804989520855033530E-01   -0.669839287932621552E+01    0.523162084401376903E+00    0.105478907320657145E+01    0.115286546337085485E-01    0.134904009697674976E+01   -0.160851328964585050E+01   -0.298622058381779326E-01    0.169194236902056511E+00   -0.793879571914772320E-01   -0.142323227336662000E+00   -0.369226688032867623E+00    0.685512586102046510E-02   -0.103600958410978183E+01   -0.498409365309662289E+00
    0.794969952665808971E-01   -0.687776485112516234E+01    0.482562602147750375E+00    0.107211518238478409E+01    0.115398627684212447E-01    0.132917668990930560E+01   -0.203149852831149280E+01   -0.481815166203045375E-01   -0.880672789705372189E-01   -0.121053010682229109E+00   -0.687395020937620338E-01   -0.283041461747295497E+00    0.965972737692867220E-02   -0.106151341326754300E+01   -0.496965014224433566E+00
    0.692493119672122487E-01   -0.676991210577417935E+01    0.502078015654902066E+00    0.106616689179083868E+01    0.936563481347128801E-02    0.133426346346273550E+01   -0.181027992151694450E+01   -0.368888660251079498E-01   -0.207572851514026269E+00   -0.142018880539579756E+00   -0.727770291618458909E-01   -0.176900124449780871E+00    0.136777050176137213E-01   -0.107805721587620695E+01   -0.494992824508164286E+00
    0.751299731388820197E-01   -0.633365186249609735E+01    0.524859173592856387E+00    0.104813416928594472E+01    0.106749904846018869E-01    0.138406566708455459E+01   -0.177229382545533443E+01   -0.403678907668246628E-01   -0.286838122612554258E+00   -0.145690615822795355E+00   -0.638981259407642305E-01   -0.288940257592540939E+00    0.150560520759190648E-01   -0.106572238474699543E+01   -0.486323850525412493E+00
    0.850117556333588320E-01   -0.672003282095941135E+01    0.515735072634592284E+00    0.110476598042009266E+01    0.119089813037892567E-01    0.134118961284481575E+01   -0.179334026636511457E+01   -0.487370678628700274E-01    0.783600299734135142E-01   -0.134978951689662924E+00   -0.282819083739399083E-01   -0.296645302472855976E+00    0.602398654949344720E-01   -0.105503280067953331E+01   -0.484567540352194015E+00
    0.833307581965716943E-01   -0.661724869174066122E+01    0.531149326146856837E+00    0.103936293221857468E+01    0.111550561179608546E-01    0.136407990475806540E+01   -0.161881552898582459E+01   -0.370824344748346343E-01   -0.130555405487544490E+00   -0.108706898352544712E+00   -0.698878958226422514E-01   -0.252149998032834388E+00   -0.469646264895252213E-01   -0.108335361912536898E+01   -0.478474361764078204E+00
    0.908255003503692787E-01   -0.681113107639012938E+01    0.512183252056526594E+00    0.104766338047851515E+01    0.109040102193171291E-01    0.138292545844789805E+01   -0.164849551731817456E+01   -0.319640644122135623E-01   -0.119092541840616808E+00   -0.956655145675877616E-01   -0.119356569238138976E+00   -0.265332866938305545E+00    0.268163891770544296E-02   -0.107305480987147006E+01   -0.469604742144286047E+00
    0.765228678291318271E-01   -0.679937788039516633E+01    0.501413122441662362E+00    0.109541059897042303E+01    0.110044395289011551E-01    0.137744889996256847E+01   -0.157224524169254298E+01   -0.243274365676097865E-01   -0.169480380707165645E+00   -0.128038170855103328E+00   -0.520373431618702600E-01   -0.174503381274120517E+00    0.243262849592325581E-01   -0.109575291616730386E+01   -0.459350518245577322E+00
    0.897795276550420046E-01   -0.664593422743721618E+01    0.540641088910835510E+00    0.105356636288893979E+01    0.113214155797044091E-01    0.136352238256920111E+01   -0.170212478923588706E+01   -0.425714488213244507E-01   -0.297467627974276561E+00   -0.109276920256393031E+00   -0.330081999121107222E-01   -0.306251541013518203E+00    0.533830656626821734E-01   -0.108285676701382960E+01   -0.458186077279865211E+00
    0.843049084361531115E-01   -0.672386808330009789E+01    0.542588084179006835E+00    0.112066267291184785E+01    0.108797711127372829E-01    0.137101185228022104E+01   -0.174662705523175599E+01   -0.342898973132368182E-01    0.791175791239278059E-01   -0.811436512301417362E-01   -0.881036542887004004E-01   -0.189762679896491704E+00   -0.109611274816150111E-01   -0.108665325287807768E+01   -0.445008792970733313E+00
    0.792176101587182685E-01   -0.647984724711293314E+01    0.453495110489470665E+00    0.107230082595023757E+01    0.109644264676179506E-01    0.134170399788993189E+01   -0.159315488500738023E+01   -0.370433842823355425E-01    0.133423344877289740E+00   -0.906948961497139744E-01   -0.100588564322906429E+00   -0.108234237480084344E+00    0.271017905842795906E-01   -0.107946908448249612E+01   -0.444875972754337323E+00
    0.835118925196678130E-01   -0.690122934137935484E+01    0.531431787176034787E+00    0.105046865818428170E+01    0.929149187518858721E-02    0.136867875605201328E+01   -0.180969245429342962E+01   -0.369143868068697173E-01   -0.214616966197120201E+00   -0.653585144885069358E-01   -0.892936500406795175E-01   -0.280049784727472773E+00    0.263102154857818571E-01   -0.107336028631431168E+01   -0.440786723903090372E+00
    0.872402747846132698E-01   -0.651958391403374637E+01    0.479506911034215333E+00    0.110004312660734582E+01    0.939344981420244668E-02    0.136108872839959494E+01   -0.161891173297721735E+01   -0.421855479461140104E-01   -0.419414712781851717E+00   -0.104809232852600312E+00   -0.175226732657834464E-01   -0.301415897493644835E+00   -0.313820627901756216E-01   -0.107845300386854004E+01   -0.438361768587043399E+00
    0.706497178196458103E-01   -0.687448894455199877E+01    0.518661909799742693E+00    0.104631474205093400E+01    0.101231227008474495E-01    0.134355855509576183E+01   -0.196848564792180136E+01   -0.209000373682494828E-01    0.103208452076447715E+00   -0.560552547786325739E-01   -0.651912418430183882E-01   -0.335927942599457463E+00    0.283080265584590915E-02   -0.108095049089626194E+01   -0.434464421447921245E+00
    0.932071598993174516E-01   -0.678246401289634360E+01    0.495430364947944790E+00    0.106162910951195655E+01    0.127525133390835720E-01    0.134173860662022926E+01   -0.171212789328338055E+01   -0.404131066556781618E-01   -0.116813934970583858E+00   -0.123171522405436357E+00   -0.679205129462251977E-01   -0.241883259494838992E+00    0.515960853524435360E-02   -0.107123098876933009E+01   -0.433057541077534414E+00
    0.779238072043342139E-01   -0.641319365269322361E+01    0.482620300725236817E+00    0.102130005112470434E+01    0.117108823975279937E-01    0.138246909865514112E+01   -0.187646737665716068E+01   -0.420780922237646710E-01   -0.117852643940869500E+00   -0.126903087960406724E+00   -0.715689895024382988E-02   -0.327587165634959321E+00    0.390593812479238661E-01   -0.107452812447172974E+01   -0.431014779845368901E+00
    0.788881645035508228E-01   -0.679287577378122798E+01    0.539360374724760616E+00    0.106953878688310455E+01    0.111102235868940323E-01    0.136754105331037135E+01   -0.162003741227746589E+01   -0.259204195321510282E-01   -0.836383564437339772E-01   -0.152598899987006570E+00   -0.387824551200667555E-01   -0.316017174425849423E+00   -0.184284663811183462E-02   -0.107604882947436953E+01   -0.426767193357170616E+00
    0.785420791092594911E-01   -0.694048119553837317E+01    0.483640461564217583E+00    0.103694558854127927E+01    0.936169650812821580E-02    0.135895169728317677E+01   -0.164997331093275901E+01   -0.448882356943388766E-01   -0.625304172862177210E-01   -0.922592057204922739E-01   -0.678996146853040744E-01   -0.364609950573399733E+00    0.552854247466599627E-01   -0.107272225424891943E+01   -0.410449241736236481E+00
    0.758180152390666162E-01   -0.701441901014424563E+01    0.488021106045755049E+00    0.105863966091730366E+01    0.100829002610799950E-01    0.134569940877302718E+01   -0.186970520334925450E+01   -0.226864397180686905E-01    0.315986770112251292E+00   -0.129437967702055123E+00   -0.917168220188043504E-01   -0.235522150782439627E+00    0.233503554084670134E-01   -0.107179632148885262E+01   -0.393714424571937782E+00
    0.719811273078642538E-01   -0.673095152710377764E+01    0.488731965068721186E+00    0.107702633132504455E+01    0.128307718843982312E-01    0.134708481631238697E+01   -0.165687222493646513E+01   -0.299723077607433920E-01   -0.164478430403113357E+00   -0.114758130617803697E+00   -0.670353678361995942E-01   -0.352276477417030498E+00    0.393644289436142786E-02   -0.108759850440182215E+01   -0.362679687606072665E+00
    0.836054612278873815E-01   -0.659915334245773799E+01    0.517815748371308171E+00    0.105723780355837804E+01    0.909829761053077002E-02    0.134526405190002563E+01   -0.170131536395995941E+01   -0.237483504262762588E-01   -0.239695079772401440E-01   -0.831403976641736514E-01   -0.460404677485969430E-01   -0.337257931505093700E+00   -0.889237309123675802E-02   -0.106628655912503767E+01   -0.277836250877972035E+00
    0.800953280404287926E-01   -0.683599213330833777E+01    0.491893124016483885E+00    0.106719865085793164E+01    0.111597311982810296E-01    0.134147389729699218E+01   -0.142281644185090661E+01   -0.365216761943593787E-01   -0.237275862431621409E+00   -0.122899300345882423E+00   -0.504387094021919793E-01   -0.241370371864178535E+00    0.221429102736045574E-01   -0.107144959122144345E+01   -0.390471149211801483E+00
    0.717662790334269440E-01   -0.655147339268455742E+01    0.497186682707937866E+00    0.111285055645088016E+01    0.108183845777737511E-01    0.132542671997409967E+01   -0.174690710004457550E+01   -0.296605276657272120E-01   -0.392142849179868969E+00   -0.756503836837522647E-01   -0.262811150911163097E-01   -0.274975289332400175E+00    0.426537802359253787E-01   -0.107811826619004925E+01   -0.403372784042253851E+00
    0.817249132595528061E-01   -0.673209849207642286E+01    0.499611247654064894E+00    0.112678733685459465E+01    0.104310402326334289E-01    0.134403996379429191E+01   -0.187608358758508542E+01   -0.381379920932338051E-01   -0.634834706547026673E-01   -0.953904491679157668E-01   -0.174748282262159049E-02   -0.166737167149622056E+00    0.200500999878208824E-01   -0.104118390399351735E+01   -0.404999760952603371E+00
    0.799076170868816826E-01   -0.672486419487140985E+01    0.515562679934949086E+00    0.109751953370971722E+01    0.105261405175105915E-01    0.136638157935364779E+01   -0.180875236948176621E+01   -0.421886316964645083E-01   -0.111124521747138064E+00   -0.118341452683446452E+00   -0.852361075676185409E-01   -0.238907462089674949E+00    0.248741928042503085E-01   -0.108931054924571780E+01   -0.313966651253866080E+00
    0.743520513432659735E-01   -0.666941932640432533E+01    0.498317784480859227E+00    0.109079748015663847E+01    0.107704751155486868E-01    0.134404803473396051E+01   -0.214515287434885860E+01   -0.403067226654971744E-01   -0.433002868783189609E+00   -0.602738778026038896E-01   -0.593532355547815374E-01   -0.265765458147643296E+00    0.519399343926466722E-01   -0.104571408064091464E+01   -0.362492675903829109E+00
    0.826561342472561106E-01   -0.682478033751131363E+01    0.488224374323275645E+00    0.111414328067205948E+01    0.107345390013447260E-01    0.135258612998171279E+01   -0.177851494839355873E+01   -0.287893633682978073E-01    0.528203550177441805E-01   -0.920285576826770368E-01   -0.133774720901113420E+00   -0.217474168229916831E+00    0.649922070763044209E-02   -0.108930271889085306E+01   -0.268017876580285475E+00
    0.769235430983158525E-01   -0.665980553801112496E+01    0.510207148875170824E+00    0.115008862803035705E+01    0.116629652974701084E-01    0.134271702903960710E+01   -0.153279151934348934E+01   -0.386734465736497807E-01    0.431690100014372191E-01   -0.897370697415417473E-01   -0.675516405328395880E-01   -0.289087774550881194E+00    0.560856021940227961E-02   -0.107812162428178748E+01   -0.389943555873649372E+00
    0.731131188270774113E-01   -0.670946588522060239E+01    0.507789682187782976E+00    0.111858165918613928E+01    0.119325148593489722E-01    0.136246141912296781E+01   -0.149414626430676112E+01   -0.292974993379921562E-01   -0.778521264690661408E-01   -0.863722016226046024E-01   -0.111647581514660713E+00   -0.216638604406468205E+00    0.138246931577774915E-01   -0.107343539334724847E+01   -0.330438395513647010E+00
    0.803115555122129454E-01   -0.668461559594323695E+01    0.495625188150676688E+00    0.109051219413973133E+01    0.120159687793408888E-01    0.134576185427956507E+01   -0.170831956690470244E+01   -0.381207942343473397E-01    0.397438391727615997E-01   -0.118999307777083022E+00   -0.636555032864931092E-01   -0.307873886499266947E+00   -0.849592472399554426E-02   -0.108464129808903120E+01   -0.222760998994215115E+00
    0.930192420692795979E-01   -0.657929048815469031E+01    0.508262937515317370E+00    0.107809840689283409E+01    0.134472781927263176E-01    0.133068928552107280E+01   -0.153308652684234437E+01   -0.352477988751310339E-01   -0.511663411852945893E-01   -0.128485207319476158E+00   -0.883158134199119316E-01   -0.518710568931887717E-01    0.165865114171771105E-01   -0.105759540822395581E+01   -0.406954037036775129E+00
    0.837075864251648066E-01   -0.672472617816188389E+01    0.525526420097784053E+00    0.107561782412471274E+01    0.107028428300014519E-01    0.135152247494108946E+01   -0.159265441827517407E+01   -0.346943079865800544E-01   -0.869338981706486991E-01   -0.979199946960375850E-01   -0.474819381690896117E-01   -0.219275027877917139E+00    0.379683145823416779E-01   -0.106434289939306082E+01   -0.341187149583921046E+00
    0.743382228148246338E-01   -0.670611036061092758E+01    0.479657245596227022E+00    0.110090031372447172E+01    0.104791018007743975E-01    0.133966629810739346E+01   -0.146349285440905952E+01   -0.329371519067758328E-01   -0.189048583206875537E+00   -0.621896176932753286E-01   -0.953504968450491763E-01   -0.383902542666334834E+00    0.108340525838557730E-01   -0.107815723944153241E+01   -0.214078448329261511E+00
    0.858423402112884482E-01   -0.686734517631265806E+01    0.469745126100248656E+00    0.111696725965952237E+01    0.122417114543531564E-01    0.134291723920844364E+01   -0.144969716402919624E+01   -0.282759007556385410E-01    0.232127980442742937E+00   -0.856369807675923383E-01   -0.149770988549803863E-01   -0.146943328977452436E+00   -0.487357027165817060E-02   -0.110258963712000968E+01   -0.319246657629355113E+00
    0.863423403515553439E-01   -0.640557798144462254E+01    0.489205958338670421E+00    0.111480393997500804E+01    0.105324846192837735E-01    0.134457732833809485E+01   -0.186797067523964566E+01   -0.375414334050206758E-01   -0.364290651725785342E+00   -0.783714442268576561E-01   -0.110767112220920116E+00   -0.217494160553329430E+00   -0.827163980806512079E-02   -0.109323978794551113E+01   -0.245179786971713859E+00
    0.790914025388130132E-01   -0.666957042872013428E+01    0.471059772522104792E+00    0.107244761559363533E+01    0.999131592304730240E-02    0.137305486917228459E+01   -0.151026559329696575E+01   -0.425606061081149900E-01   -0.180497925145579441E+00   -0.934294419645016611E-01   -0.835368768835751119E-01   -0.324489180750825057E+00   -0.116529907812112227E-02   -0.109482814774278281E+01   -0.252744044291594416E+00
    0.837727203003110349E-01   -0.673136090813874777E+01    0.486466587313324761E+00    0.106085291108464719E+01    0.114351548687250341E-01    0.132018378535261260E+01   -0.163954690877235598E+01   -0.362440929703452680E-01    0.700105958996152800E-02   -0.101640998404651156E+00   -0.145116807973632925E-01   -0.163790314296288264E+00   -0.266215597512994701E-01   -0.108204107953276307E+01   -0.392423330206628673E+00
    0.861981718392640234E-01   -0.681735150075225516E+01    0.519240009946193348E+00    0.108993474069022800E+01    0.126469094668034965E-01    0.137006760944644967E+01   -0.181860017151010034E+01   -0.367703247182853896E-01    0.964615094882352031E-01   -0.123170880693222157E+00   -0.526020456192621555E-01   -0.294569589687657230E+00   -0.129190544913803645E-01   -0.108374006572137604E+01   -0.281432337972217506E+00
    0.796889810668601623E-01   -0.683118810509102392E+01    0.520566856024271107E+00    0.103037265370959652E+01    0.110129259156034366E-01    0.135421534880457539E+01   -0.176254765386695422E+01   -0.220168528804470624E-01    0.866073558471783245E-02   -0.113566385736060926E+00   -0.164484460264222934E-01   -0.321421937633813937E+00   -0.235564860567862785E-01   -0.106946435084665570E+01   -0.376686040893023932E+00
    0.805804649616192192E-01   -0.669362662822326637E+01    0.537305011533001919E+00    0.109955180665686081E+01    0.110276913262807447E-01    0.138701519370199677E+01   -0.175393505865918686E+01   -0.206970658995366957E-01   -0.788437621855153370E-01   -0.128303580594195027E+00   -0.110762949917446604E+00   -0.303097576631557342E+00   -0.421205100242342534E-01   -0.105292950366246973E+01   -0.373862544112665118E+00
    0.903366245920037558E-01   -0.659154740327714528E+01    0.502065134244331635E+00    0.104253515166093580E+01    0.117942885245162915E-01    0.136938765115423888E+01   -0.194450317560366837E+01   -0.424976554098258075E-01   -0.553675546625000126E-01   -0.948328169411812860E-01   -0.440611098841723545E-01   -0.305134665493748403E+00    0.472144778780627800E-01   -0.105014781783621580E+01   -0.377738033083593383E+00
    0.870740118571274035E-01   -0.652164742975993939E+01    0.468790220770088362E+00    0.106309228912941722E+01    0.128854634129376717E-01    0.135332613222228626E+01   -0.173054506013617604E+01   -0.433440058359539290E-01   -0.180094775820943409E+00   -0.818925667158082460E-01   -0.706895146100016691E-01   -0.279148332121424869E+00    0.258991612969762461E-01   -0.104443121858124899E+01   -0.245398683992986005E+00
    0.892190055102521223E-01   -0.673898378390725217E+01    0.512191148808072594E+00    0.105142569740284841E+01    0.125899149290836978E-01    0.135976597817513079E+01   -0.171512991196610898E+01   -0.321828581119880802E-01   -0.219695552442647490E+00   -0.100503973924194537E+00   -0.874984242134249357E-01   -0.243902753348605866E+00    0.316458040761790210E-01   -0.108571473761767390E+01   -0.400773275530439343E+00
    0.721852466934001374E-01   -0.670835156626373230E+01    0.477861864313232743E+00    0.105457407750190102E+01    0.114197243730695432E-01    0.137361891868961661E+01   -0.171318337481887228E+01   -0.419321892611847630E-01   -0.364313781052913344E+00   -0.123970411758029614E+00   -0.479597904811666920E-01   -0.263646512528284749E+00    0.551435655089695630E-02   -0.106473871702866774E+01   -0.343195990182915189E+00
    0.945021214501774176E-01   -0.646102924661372757E+01    0.496138202746079393E+00    0.105051856613199401E+01    0.967240539563545172E-02    0.136694959987524611E+01   -0.155927391658431347E+01   -0.422350771270932554E-01   -0.245573362554762920E-01   -0.630471580801129361E-01   -0.252356663539070464E-01   -0.102412191478816722E+00   -0.359838003311713922E-02   -0.106785603493144166E+01   -0.404767389606955408E+00
    0.837867487802022304E-01   -0.677669178505890013E+01    0.513643005434539446E+00    0.107227455325291032E+01    0.119580055068419649E-01    0.135646841818426345E+01   -0.175158722376145026E+01   -0.364575668748777920E-01   -0.479615379094403688E-01   -0.106149426397800270E+00   -0.474594143579906286E-01   -0.142541231683826958E+00   -0.169443755986722761E-01   -0.108763279669841073E+01   -0.310439184264304391E+00
    0.836809384246524346E-01   -0.664213417760833735E+01    0.505457505715907640E+00    0.105328092554327757E+01    0.113824296062129057E-01    0.137403280463029276E+01   -0.176461973480682888E+01   -0.389977279503156971E-01   -0.980003850717066638E-01   -0.154820256068513740E+00   -0.313350947357508292E-01   -0.206651244866133343E+00   -0.220071665660988083E-01   -0.108154705301258902E+01   -0.227900322848278380E+00
    0.799678448011035686E-01   -0.649895360940965716E+01    0.489776480162487815E+00    0.103700899778273947E+01    0.120312416081149887E-01    0.138208026786892169E+01   -0.180150764425750665E+01   -0.337016185601324153E-01    0.141756087236173750E+00   -0.126171398534798362E+00   -0.283741433778936236E-01   -0.243554013009332160E+00   -0.202874492529427283E-01   -0.106516579164718839E+01   -0.284034400606332116E+00
    0.942555143202312151E-01   -0.663263184164078634E+01    0.509649362031200925E+00    0.105782550169159806E+01    0.134757376867988277E-01    0.138572560508812814E+01   -0.146456909351006681E+01   -0.313206486697248307E-01   -0.170913297776023709E+00   -0.115918726198978958E+00   -0.454540401029731658E-01   -0.124182549741713485E+00   -0.239675313495192888E-01   -0.107574256308293936E+01   -0.313183413870985028E+00
    0.776587876131641236E-01   -0.655869398590432695E+01    0.521762903447162474E+00    0.103927338723512963E+01    0.118435037075542583E-01    0.136209463971448885E+01   -0.209190372645305089E+01   -0.206672588167418556E-01   -0.288703391066482240E+00   -0.778407475450729747E-01   -0.524860576892642386E-01   -0.174860859880282354E+00   -0.252347366302543563E-01   -0.107065135514153731E+01   -0.391825890978679592E+00
    0.737157977111032592E-01   -0.681067599957368852E+01    0.528008346658254024E+00    0.104947360487508279E+01    0.107494594633208047E-01    0.137922937982396387E+01   -0.170609559344252770E+01   -0.284758402738304536E-01   -0.347443613706019505E+00   -0.711233269901126730E-01   -0.209170989990524608E-01   -0.316586439967136757E+00   -0.651573857146657033E-02   -0.109209226190744846E+01   -0.359988323390801279E+00
    0.722680107668785404E-01   -0.657990625674186091E+01    0.453287108787043702E+00    0.108692268478938403E+01    0.102504085454562868E-01    0.137044152982497658E+01   -0.209697021373776193E+01   -0.303638769816005002E-01   -0.217134139705244006E+00   -0.657269532692952296E-01   -0.157827282440663463E-01   -0.136696906937694346E+00    0.122521922700099071E-01   -0.110165134337783144E+01   -0.272907558180922383E+00
    0.796798074621266894E-01   -0.670820254733058796E+01    0.480350481547370534E+00    0.108600047026953939E+01    0.125828159606557223E-01    0.137802113392633707E+01   -0.207487709674923870E+01   -0.319316159089289009E-01    0.119922653693318976E+00   -0.878937008858485663E-01   -0.496827350600369255E-01   -0.222917787529067324E+00    0.167819660082233479E-01   -0.109286636669349191E+01   -0.293704759855336894E+00
    0.744791859569127190E-01   -0.685873413514168817E+01    0.485647988638590433E+00    0.108313113653225535E+01    0.109020480815886119E-01    0.137103106289685894E+01   -0.182408053410719528E+01   -0.362336826658226918E-01   -0.378365064830455067E+00   -0.119826417835839957E+00   -0.647313570723844628E-01   -0.242027521221479941E+00    0.158961024094659426E-03   -0.109104288428445484E+01   -0.386448178455689129E+00
    0.841447630216083930E-01   -0.657573678747718127E+01    0.455474338867983108E+00    0.106345176189928581E+01    0.105192379311538214E-01    0.137484755403507286E+01   -0.201607776899065527E+01   -0.527038110395971759E-01   -0.260134654032695312E+00   -0.855933625225915734E-01   -0.137435693798841976E-01   -0.246432959883953445E+00   -0.590954576794935557E-02   -0.109195098102940191E+01   -0.262776868530629315E+00
    0.791275798623235771E-01   -0.681271155624502267E+01    0.517749183611162289E+00    0.104935202427034935E+01    0.122582623556197531E-01    0.138713966711597059E+01   -0.191752771889066009E+01   -0.241044573660659754E-01   -0.110205227811816714E+00   -0.671650786614173961E-01   -0.421807003933419994E-01   -0.184979150045260221E+00   -0.460639699755674356E-01   -0.107228081986719981E+01   -0.325495351340491956E+00
    0.715043323927176400E-01   -0.664698411392669808E+01    0.494831968983118764E+00    0.105645753765472761E+01    0.115170877613836875E-01    0.135192654637092691E+01   -0.177495913888666568E+01   -0.331310964238247241E-01   -0.231112710657858628E+00   -0.130430151959156748E+00   -0.594198144045029256E-01   -0.346229328917400825E+00   -0.425642518598272172E-02   -0.107828788680710641E+01   -0.366158972627682933E+00
