    0.175223571419582357E-01    0.462492974026232329E+01    0.437472398814559016E-01   -0.752678037881619844E+01    0.355436722819647555E+00    0.853440989222887136E+00    0.109551982206659709E-01    0.173533979148336504E+01   -0.187693418822708691E+01   -0.148575122034304230E+00   -0.271690646890697218E+00   -0.447976671815844052E+00   -0.145289927676777481E+00   -0.271179790698111767E+00   -0.269800037434412943E+00   -0.108113453554852512E+01
    0.175883072012303250E-01    0.457741633793087566E+01    0.394760480562761779E-01   -0.754292535573216494E+01    0.391099900637563669E+00    0.838517335954291232E+00    0.113248857988979181E-01    0.173293206542323275E+01   -0.179019354258410202E+01   -0.136995928496484315E+00   -0.389580631695244151E+00   -0.483907008803959038E+00   -0.863705886956636915E-01   -0.183850845452345035E+00   -0.257102151914131383E+00   -0.108430492531880307E+01
    0.172956549803041267E-01    0.457097434781038370E+01    0.386024273131078607E-01   -0.757066256507197544E+01    0.393517616205611487E+00    0.878501953532375146E+00    0.120114563770960300E-01    0.173928271181561844E+01   -0.179152797623135074E+01   -0.133260568188473733E+00   -0.420651110188420385E+00   -0.460875046871568717E+00   -0.123244377603924246E+00   -0.164821456911242559E+00   -0.269928387654170543E+00   -0.109076539653947102E+01
    0.170512953683818365E-01    0.455943262225413726E+01    0.397428984297842694E-01   -0.766487049758949723E+01    0.430004607179099385E+00    0.906125930275271330E+00    0.116189034268399400E-01    0.172717959114449959E+01   -0.172626995167118236E+01   -0.146202873225394658E+00   -0.208819297129314158E+00   -0.483267707159119986E+00   -0.847094873708871404E-01   -0.197646660368738875E+00   -0.266609826003537609E+00   -0.109618633336906934E+01
    0.169865253655878713E-01    0.452704416489395456E+01    0.389296729581905462E-01   -0.772017288626964682E+01    0.368034705873007628E+00    0.853586084824968450E+00    0.103982787743172739E-01    0.172513329854212860E+01   -0.173847297859060768E+01   -0.173717015057149982E+00   -0.302454294085977016E+00   -0.480922791172393171E+00   -0.117796490582022198E+00   -0.127209047656829083E+00   -0.272975146254186674E+00   -0.109092709401933075E+01
    0.167881853983543675E-01    0.451053419548180567E+01    0.389715270152288726E-01   -0.769252174809063227E+01    0.418430587096970452E+00    0.800420388423008888E+00    0.115874114316843434E-01    0.173288707721833823E+01   -0.174462800193812839E+01   -0.134211918247011563E+00   -0.432655388599856028E+00   -0.506174530758325081E+00   -0.901185067859070210E-01   -0.214130035945807207E+00   -0.267123233200451560E+00   -0.108110204594861825E+01
    0.165705172594410276E-01    0.449663487816340091E+01    0.405828762629052223E-01   -0.754184288518226786E+01    0.411904679999781698E+00    0.838397507481834059E+00    0.112115284224024690E-01    0.173323462012703455E+01   -0.178800622369574902E+01   -0.132402337169383072E+00   -0.310611233713010249E+00   -0.500001246413562583E+00   -0.792776580571107337E-01   -0.187518177680208703E+00   -0.274185358544809354E+00   -0.108701194479600249E+01
    0.162758952292794794E-01    0.449251458733327347E+01    0.411874228753600080E-01   -0.756200719510914698E+01    0.401587781883573192E+00    0.829189866356473293E+00    0.116160934310996708E-01    0.172109744850067914E+01   -0.182494602004382589E+01   -0.150181287876285846E+00   -0.333089680446840009E+00   -0.443128344157854515E+00   -0.124822264297642593E+00   -0.200858629791610177E+00   -0.272114700475667881E+00   -0.108839243181130385E+01
    0.160314305024112751E-01    0.448278256987697432E+01    0.422529101513195934E-01   -0.761394317620921157E+01    0.436054946490258388E+00    0.816729453060778043E+00    0.112137083478766365E-01    0.173122101315243948E+01   -0.168217224683882716E+01   -0.158632088151890449E+00   -0.351760835202053479E+00   -0.465112204188545764E+00   -0.108425991940187871E+00   -0.211061413709801859E+00   -0.284467068088343267E+00   -0.105958004735011380E+01
    0.157722904546948699E-01    0.447537570993158962E+01    0.399981328060622227E-01   -0.761845804124273585E+01    0.409108569598836735E+00    0.866387142956157819E+00    0.110512657309747211E-01    0.172636033487967810E+01   -0.179716630221045870E+01   -0.147543150978485693E+00   -0.319180930210011093E+00   -0.456601203421428847E+00   -0.858037197908022992E-01   -0.276398701647807776E+00   -0.274439851397298651E+00   -0.110068901898736038E+01
    0.154623839544741105E-01    0.447506450786133403E+01    0.416487644328566511E-01   -0.757991598258144972E+01    0.441681076099562475E+00    0.823447586118046138E+00    0.110933851223846205E-01    0.173816850221125496E+01   -0.178856880408022767E+01   -0.156063569715002404E+00   -0.348282323380124270E+00   -0.472594860735380040E+00   -0.147368852649363585E+00   -0.107504076637363541E+00   -0.263069163077348234E+00   -0.107925754095148863E+01
    0.151685477004157299E-01    0.447343686570830279E+01    0.372661397742052244E-01   -0.758853427803608493E+01    0.397632596363000856E+00    0.804106394233760402E+00    0.111017041241940201E-01    0.174483901734274083E+01   -0.172436423566370545E+01   -0.147068297996936631E+00   -0.256961050560223614E+00   -0.449776132482529623E+00   -0.588004309969321973E-01   -0.256603031125726910E+00   -0.283848618700006106E+00   -0.107642268707573585E+01
    0.148774733295842301E-01    0.447218854957677792E+01    0.409379069790998598E-01   -0.769145980184700395E+01    0.363275427886015079E+00    0.852143385420514043E+00    0.114072043914495384E-01    0.173510805852245453E+01   -0.175367186991242163E+01   -0.148878784784442414E+00   -0.327544064098215015E+00   -0.473384695901762020E+00   -0.104304682558056430E+00   -0.187710615780163070E+00   -0.258218184961923891E+00   -0.110562972360281120E+01
    0.147146778785128829E-01    0.445419399179775333E+01    0.409809975847350433E-01   -0.752846071778663006E+01    0.408966252530973406E+00    0.861731400124411295E+00    0.114018403721345453E-01    0.173864864455431678E+01   -0.179324954642728662E+01   -0.158666608746289961E+00   -0.312795359416697893E+00   -0.481678065822602919E+00   -0.691000079911121556E-01   -0.235944434772475731E+00   -0.274473782345603323E+00   -0.108070527766690172E+01
    0.144551301529366946E-01    0.444978621443993116E+01    0.395945040568443513E-01   -0.765685708304796009E+01    0.408952274021493090E+00    0.851099231347601681E+00    0.113296868054322160E-01    0.173266028863665711E+01   -0.177516034722095650E+01   -0.147375484565252152E+00   -0.375404764641894373E+00   -0.456082055348124349E+00   -0.807496399083476590E-01   -0.271533612751465370E+00   -0.282550163457220227E+00   -0.109245379051624902E+01
    0.141751035429715823E-01    0.444891066489973674E+01    0.402562240540653357E-01   -0.758922049924206021E+01    0.435266924168678404E+00    0.823057332683922782E+00    0.116764944896406517E-01    0.172937986030458246E+01   -0.174577620661042254E+01   -0.158471242363397130E+00   -0.302411667056442957E+00   -0.476604939839571362E+00   -0.756199761889486399E-01   -0.160844171486538956E+00   -0.275172153712758771E+00   -0.108364340514024948E+01
    0.139085941065953764E-01    0.444687111305224825E+01    0.388122519478129382E-01   -0.752376018116858969E+01    0.413325043839849082E+00    0.869935581435640648E+00    0.111585745502242577E-01    0.172929631810424933E+01   -0.176070359425465273E+01   -0.164957645652555801E+00   -0.419887818652770084E+00   -0.461720763281967150E+00   -0.117002359758929933E+00   -0.199299459429347209E+00   -0.269859210226295831E+00   -0.107997079621423686E+01
    0.137303342650282982E-01    0.443266984315327139E+01    0.415414165464688331E-01   -0.753832913633612467E+01    0.353557759076268852E+00    0.802850259538705147E+00    0.111921403526414626E-01    0.173452475951996443E+01   -0.176198121132665353E+01   -0.149171145910606789E+00   -0.260203555508062179E+00   -0.490866451029482176E+00   -0.134778558470408538E+00   -0.246766947026785477E+00   -0.282352267262201806E+00   -0.108725150401800152E+01
    0.134637081357514513E-01    0.443188941476515730E+01    0.386954204786390948E-01   -0.759484158480338767E+01    0.363269509525289136E+00    0.842475970346814207E+00    0.123597953513052434E-01    0.172695267424648602E+01   -0.174603919922523487E+01   -0.142061714278895579E+00   -0.265479296093723616E+00   -0.441599303269335886E+00   -0.148601401578599496E+00   -0.204111535294788177E+00   -0.275059338643344586E+00   -0.109194361279557151E+01
    0.132423312827216234E-01    0.442504774578317761E+01    0.395147052161280918E-01   -0.756720374278401575E+01    0.398656884855823068E+00    0.883906666712873657E+00    0.117703231406411125E-01    0.173026493085609157E+01   -0.179641980991490025E+01   -0.156960750647074015E+00   -0.281472526464511874E+00   -0.465816513487624206E+00   -0.161783632772353608E+00   -0.200647574168825449E+00   -0.272867071715245713E+00   -0.108562720582388539E+01
    0.129905795028650382E-01    0.442343609101679913E+01    0.373700816280747930E-01   -0.758517000135511488E+01    0.417804922914834398E+00    0.831162375652249819E+00    0.110593486215381509E-01    0.172955567322478032E+01   -0.183295272767073625E+01   -0.150437203094463373E+00   -0.335709691243711805E+00   -0.464481011897048657E+00   -0.122655157075783575E+00   -0.256949721505295048E+00   -0.271188163790897496E+00   -0.107082644890665746E+01
    0.127686308791534996E-01    0.441790207241554800E+01    0.377427933981291652E-01   -0.764499729627615121E+01    0.405303877833102899E+00    0.862341281074128552E+00    0.112774754956270276E-01    0.172862695055970583E+01   -0.171270325409735791E+01   -0.152377225586713599E+00   -0.421900150072985092E+00   -0.469398497895253675E+00   -0.115551973290855425E+00   -0.237299202775086648E+00   -0.264179480504634467E+00   -0.109547785758415839E+01
    0.125310329044542347E-01    0.441546857326374287E+01    0.415140009500032450E-01   -0.766997093487018677E+01    0.405119622196211782E+00    0.813024436413155027E+00    0.114513740125612717E-01    0.174519069655637149E+01   -0.175950177715863187E+01   -0.144092473258362025E+00   -0.422403335955239712E+00   -0.493183659980168332E+00   -0.109853062730921103E+00   -0.201772200502254390E+00   -0.272943042858581120E+00   -0.109513238138484104E+01
    0.123037228949251110E-01    0.441208119137987875E+01    0.384239876075182021E-01   -0.764559470737662483E+01    0.436584700794054203E+00    0.846114570595755122E+00    0.105565281631005391E-01    0.173073607413821806E+01   -0.178237008695350085E+01   -0.148174118370839464E+00   -0.271607373735635149E+00   -0.480741406855908049E+00   -0.116893421534292830E+00   -0.800354609202769823E-01   -0.266356631428250279E+00   -0.107931204549159077E+01
    0.120994564983030062E-01    0.440556390511511520E+01    0.385870506704203420E-01   -0.757740047469558764E+01    0.363382784188699237E+00    0.879748250753625949E+00    0.122995082399702266E-01    0.173721494891002681E+01   -0.176784037056384413E+01   -0.148346770574166537E+00   -0.355229638833271133E+00   -0.433421693909226968E+00   -0.869424980274621506E-01   -0.994422190509182541E-01   -0.280186687346973051E+00   -0.106937655418263255E+01
    0.118911951349669441E-01    0.440028853005495435E+01    0.382158215013373714E-01   -0.759359461963797333E+01    0.384280314958772462E+00    0.841906497205546334E+00    0.119665973732433692E-01    0.174490122339644294E+01   -0.175719462296409534E+01   -0.146479868821040859E+00   -0.253459437250981856E+00   -0.525034114402432861E+00   -0.102128210432723521E+00   -0.259336489765828793E+00   -0.269248654874301385E+00   -0.109231547142148733E+01
    0.116645223258319813E-01    0.439878106274178382E+01    0.405951328213275883E-01   -0.749552986521209608E+01    0.372068499850133294E+00    0.844836219785074727E+00    0.116505240850404545E-01    0.172325935040595679E+01   -0.176675633610573768E+01   -0.155574962247984477E+00   -0.384902131302616191E+00   -0.464787193205856874E+00   -0.101482865184054014E+00   -0.168374004209019879E+00   -0.273050897025643058E+00   -0.106711260942301500E+01
    0.114439485754048199E-01    0.439696281012756884E+01    0.365065887827480187E-01   -0.749169788207290654E+01    0.374795899486180806E+00    0.869699380613120021E+00    0.107834139915629172E-01    0.172918692580869671E+01   -0.185525968071891700E+01   -0.153056352345992991E+00   -0.314662284720888974E+00   -0.490393523367743223E+00   -0.104005560437315916E+00   -0.218017557951587920E+00   -0.280568699919056086E+00   -0.107936112826485053E+01
    0.112463309491133631E-01    0.439180109811297736E+01    0.397829604504754894E-01   -0.762526417432016057E+01    0.406865180251973602E+00    0.831966610968915332E+00    0.110868102404650982E-01    0.173541018019527393E+01   -0.177891043133606463E+01   -0.151458987519653115E+00   -0.413681037517431349E+00   -0.469401611658468221E+00   -0.697628050866985761E-01   -0.215877242965562988E+00   -0.276375455671485803E+00   -0.106922103157483939E+01
    0.110268884101003325E-01    0.439121159125510996E+01    0.408344803313806515E-01   -0.762305186327722240E+01    0.376451807071919886E+00    0.849444235337850850E+00    0.113473260838939469E-01    0.173437383984649252E+01   -0.177997994541948756E+01   -0.139331270127324464E+00   -0.280257973515188941E+00   -0.482704332459260421E+00   -0.116546693150793745E+00   -0.273161039965976626E+00   -0.276384585499723223E+00   -0.109318004671819691E+01
    0.108205435387059030E-01    0.438899195973666956E+01    0.408858847377652768E-01   -0.764390731594878137E+01    0.373818121851312413E+00    0.831075755990963727E+00    0.103720261426006825E-01    0.173542199051324730E+01   -0.179328676599366421E+01   -0.166444385954897384E+00   -0.398625238313253027E+00   -0.478557224465540165E+00   -0.106703459944721135E+00   -0.169963728233364392E+00   -0.281625497369294875E+00   -0.108528869925541893E+01
    0.106487399736104726E-01    0.438100182767375923E+01    0.361351665935366259E-01   -0.758585872785687521E+01    0.373928847010065457E+00    0.866294200259139724E+00    0.123766957672062413E-01    0.172760634128108403E+01   -0.174414472974808166E+01   -0.148090474315543508E+00   -0.396415986573513457E+00   -0.453833039361162094E+00   -0.107870781902118310E+00   -0.190405448168734281E+00   -0.271032011091696334E+00   -0.109099994053145766E+01
    0.104384414609471482E-01    0.438089440139075670E+01    0.430677696522837467E-01   -0.757577477665777543E+01    0.367417189481114570E+00    0.847029056108004275E+00    0.113521573113068968E-01    0.174092242017347787E+01   -0.175907147586941814E+01   -0.145598720540824039E+00   -0.252225223258403797E+00   -0.508080080831800562E+00   -0.107765448778951334E+00   -0.180617321954410770E+00   -0.284992321431663975E+00   -0.106600066545161587E+01
    0.102394775681706358E-01    0.437938377415857794E+01    0.406047259892125811E-01   -0.767331479458714849E+01    0.429713445445008335E+00    0.821929649390255146E+00    0.118427621490485718E-01    0.173063708254089499E+01   -0.180180759982380190E+01   -0.146206415599199585E+00   -0.282070267670242736E+00   -0.485260098643190696E+00   -0.824993004725286805E-01   -0.154628712376855021E+00   -0.272716994762760956E+00   -0.108843472200925562E+01
    0.100383030827543435E-01    0.437906880467780546E+01    0.397793362392450944E-01   -0.760758996751527228E+01    0.386650783926225927E+00    0.813773340299039027E+00    0.108846052968174841E-01    0.173349184033152159E+01   -0.178928644327152719E+01   -0.150240516366461740E+00   -0.388874751331633073E+00   -0.468262669319481684E+00   -0.912013737832925997E-01   -0.128437163176522401E+00   -0.264242211256103310E+00   -0.106929736428835676E+01
    0.984169564457921392E-02    0.437862893766746364E+01    0.422785246763708669E-01   -0.756432192123116831E+01    0.383225796371138017E+00    0.809982427716759545E+00    0.120779113995993746E-01    0.173032312253124276E+01   -0.175136590474325948E+01   -0.145135005172338016E+00   -0.418559596912230436E+00   -0.451898504873418982E+00   -0.126718135597785886E+00   -0.229612629821517561E+00   -0.281498875241369961E+00   -0.107682555223961263E+01
    0.965288908438484590E-02    0.437737045825874027E+01    0.393107062753044537E-01   -0.767377557968238211E+01    0.370566773206606914E+00    0.804298978138785370E+00    0.106522232083799007E-01    0.172584148879683386E+01   -0.173093628547887413E+01   -0.151200972774349851E+00   -0.417752535356545995E+00   -0.476946858247052352E+00   -0.939715320030191092E-01   -0.184743452778222739E+00   -0.279107264407020383E+00   -0.109089834217153103E+01
    0.946957197578655353E-02    0.437571755677977414E+01    0.402962097897416952E-01   -0.755196257937584825E+01    0.383683752277296231E+00    0.827539375997671578E+00    0.115284075349193667E-01    0.174029911581667829E+01   -0.179483685257132897E+01   -0.159221905725792701E+00   -0.314293618531875818E+00   -0.478637179852787531E+00   -0.101427883348442091E+00   -0.139099923432511541E+00   -0.277168897959303107E+00   -0.106956078123556320E+01
    0.929108216282648752E-02    0.437377490753042242E+01    0.397988494657524824E-01   -0.760717780872134508E+01    0.450143646741981263E+00    0.805014780943784869E+00    0.105824052899811689E-01    0.173728349478711452E+01   -0.176199573405751764E+01   -0.148559753028825015E+00   -0.506894678220545125E+00   -0.516409577992538282E+00   -0.110444753697127585E+00   -0.291652507131539063E+00   -0.273520656337154666E+00   -0.108865634541956546E+01
    0.911383705306314032E-02    0.437229734544995630E+01    0.378114220215527985E-01   -0.761966463863791521E+01    0.380283820529827787E+00    0.837406968688995335E+00    0.117636836392356250E-01    0.173547594712563602E+01   -0.189492362010105508E+01   -0.142771661743702094E+00   -0.252370120609079540E+00   -0.502640574707880483E+00   -0.103991746764064544E+00   -0.193814555847757503E+00   -0.265132757057650603E+00   -0.108788530027533548E+01
    0.893848034631710905E-02    0.437115379110535507E+01    0.419561339746030229E-01   -0.766933376567406189E+01    0.399671027128229550E+00    0.826236858312132338E+00    0.115975168888537306E-01    0.173152014059947823E+01   -0.182690725526269548E+01   -0.144536010292668493E+00   -0.257273779678477643E+00   -0.470102395800052419E+00   -0.130416586839738197E+00   -0.189559997414683906E+00   -0.273062018736936751E+00   -0.108687730001298988E+01
    0.876261337277223218E-02    0.437089659194796898E+01    0.427551252107725918E-01   -0.763856936818821453E+01    0.399340199958714726E+00    0.831656085597392791E+00    0.115189785103153829E-01    0.172957424921756386E+01   -0.174855386737149487E+01   -0.152048280429941229E+00   -0.340970187959288573E+00   -0.471106907746497494E+00   -0.992082859489589186E-01   -0.109992067741368674E+00   -0.270137860908890970E+00   -0.108450977253882641E+01
    0.860408800129340047E-02    0.436741009470257691E+01    0.418640497229350525E-01   -0.766575212933577799E+01    0.433674456908107464E+00    0.807854355382861433E+00    0.111811778036510247E-01    0.173234332637251032E+01   -0.179597128410893125E+01   -0.149923438879314336E+00   -0.327761491764360702E+00   -0.484753645695123692E+00   -0.116682585712143724E+00   -0.236955198892923546E+00   -0.277870780735760881E+00   -0.107470360151031041E+01
    0.843482053835315111E-02    0.436714809343336530E+01    0.370664996499569174E-01   -0.767859241522785929E+01    0.377941532574151473E+00    0.794718865867905633E+00    0.118524428540415887E-01    0.173859135930543518E+01   -0.171995540587397100E+01   -0.156177669491169568E+00   -0.261880473634866440E+00   -0.468949467774899931E+00   -0.125426192541156473E+00   -0.280669863001071551E+00   -0.276146951941036389E+00   -0.108215797361511723E+01
    0.828335981249545689E-02    0.436338765221372693E+01    0.409553985849338276E-01   -0.762132831842552516E+01    0.419774136235123774E+00    0.841197502826971144E+00    0.119758457189408033E-01    0.173067606213645520E+01   -0.176217723500076673E+01   -0.154418028286421205E+00   -0.412787771299641892E+00   -0.483881375946412229E+00   -0.124050748615738129E+00   -0.168298352729371103E+00   -0.269086804563694604E+00   -0.107444154123441793E+01
    0.813675942916507015E-02    0.435910098086236797E+01    0.391279045065420980E-01   -0.759977831874805965E+01    0.435456532982269051E+00    0.826610639163480987E+00    0.113438724556393054E-01    0.173139726096193103E+01   -0.179345209865108424E+01   -0.150755900189444653E+00   -0.283084654738910868E+00   -0.491383934110490306E+00   -0.626791292653574444E-01   -0.173078920900510247E+00   -0.282114508731399816E+00   -0.109310000366794458E+01
    0.798058004555058861E-02    0.435786278084668144E+01    0.427915824877540263E-01   -0.768360145695689223E+01    0.338051043015481778E+00    0.858627211175543303E+00    0.100691160210413799E-01    0.173353785363295909E+01   -0.171643762269308775E+01   -0.160205656337919777E+00   -0.311778445183914732E+00   -0.510955179647162305E+00   -0.943402168197581548E-01   -0.138041345327510778E+00   -0.283038524358401045E+00   -0.108025552416305115E+01
    0.783162081848370883E-02    0.435554599398275855E+01    0.408103430683243451E-01   -0.752702476877028914E+01    0.370630117701293282E+00    0.844701556371337481E+00    0.112988754525800723E-01    0.173501620334799034E+01   -0.170983729224624081E+01   -0.148609317033152194E+00   -0.321977257221985780E+00   -0.463453533045896870E+00   -0.929410788900387475E-01   -0.205621541033497557E+00   -0.293750254369153418E+00   -0.107487487347386046E+01
    0.767675091235087582E-02    0.435549217459656735E+01    0.393872484318131336E-01   -0.760052684284779101E+01    0.403742657850687914E+00    0.818645250034544247E+00    0.112472839224959341E-01    0.174266227570641874E+01   -0.174622471299591853E+01   -0.156908750995272239E+00   -0.360807552570633405E+00   -0.468531088935856044E+00   -0.120468848415620791E+00   -0.219570958814021971E+00   -0.283780565747376368E+00   -0.107346947465250242E+01
    0.752643489010529528E-02    0.435504202225622095E+01    0.416260270400118509E-01   -0.763325728761070721E+01    0.386516869822615960E+00    0.852664302720062772E+00    0.112701003986646515E-01    0.173713709713676279E+01   -0.181808590299821038E+01   -0.151625657193457497E+00   -0.339595786721635262E+00   -0.489002720297156968E+00   -0.817417285232012042E-01   -0.200948828438929944E+00   -0.271128171005663499E+00   -0.108815777075076481E+01
    0.738351766348109475E-02    0.435338462687183458E+01    0.402332748501979601E-01   -0.764899630938356889E+01    0.375492693395430066E+00    0.856882810992408817E+00    0.113032121781558650E-01    0.173105241280324540E+01   -0.172246610687120194E+01   -0.156548896781461749E+00   -0.284234721152705705E+00   -0.467682034765425747E+00   -0.792411463799225640E-01   -0.152641664551585371E+00   -0.278486475365471498E+00   -0.109426337202341695E+01
    0.725492300389606569E-02    0.434852442641809844E+01    0.404244309846429201E-01   -0.760859377821591565E+01    0.402775644740412775E+00    0.847469040614318381E+00    0.116845178552230557E-01    0.172920086125252559E+01   -0.176296295888689181E+01   -0.152220645782620734E+00   -0.368699066077892046E+00   -0.467925455062817686E+00   -0.698593088613047447E-01   -0.159220661866327357E+00   -0.283015076443659641E+00   -0.107140721114319337E+01
    0.711488433893931859E-02    0.434750702238562692E+01    0.398300301052481528E-01   -0.759610174514229186E+01    0.414025591908821711E+00    0.837288124847048065E+00    0.111107831993151329E-01    0.173223968409131368E+01   -0.175204427828596443E+01   -0.152136560018755501E+00   -0.332766757540584546E+00   -0.478579000648994002E+00   -0.968369542401640443E-01   -0.210697179923711481E+00   -0.275634296214997521E+00   -0.107568443074321407E+01
    0.697943031824681780E-02    0.434595037901867975E+01    0.397870623277835206E-01   -0.763937669774210626E+01    0.390703195305751427E+00    0.818363489892293128E+00    0.104105453621584701E-01    0.172438735787503483E+01   -0.175998707762580153E+01   -0.156540538417740210E+00   -0.422136774174386165E+00   -0.494793154107223909E+00   -0.126002110900838155E+00   -0.205204096901971361E+00   -0.278328931322947837E+00   -0.108188739848347959E+01
    0.684765122715709582E-02    0.434407355945424722E+01    0.394980946086203114E-01   -0.757840936565314660E+01    0.368363018758376126E+00    0.839407427866762812E+00    0.121779417553308511E-01    0.172954344221609202E+01   -0.173347853752422565E+01   -0.146779069109618882E+00   -0.338466060486372511E+00   -0.475881511562123327E+00   -0.737950207886482051E-01   -0.167860224283634951E+00   -0.270876006178818685E+00   -0.108462520545706220E+01
    0.671373057200925182E-02    0.434357543636778587E+01    0.379278603230649158E-01   -0.766404660053304099E+01    0.373608915862689128E+00    0.819885738158736332E+00    0.110343081750762292E-01    0.173074035664692549E+01   -0.176499050096962606E+01   -0.163619632027853873E+00   -0.331659749605391296E+00   -0.484899299140502116E+00   -0.105158914844187074E+00   -0.268922612190738153E+00   -0.274919093567629613E+00   -0.107975511412261604E+01
    0.659056873695258814E-02    0.434060567767516226E+01    0.388426123282660171E-01   -0.768596072170387856E+01    0.411306680206592890E+00    0.854795033095178902E+00    0.113122205154035874E-01    0.173348816349435997E+01   -0.186866130687301690E+01   -0.143261282478523516E+00   -0.338784924258121678E+00   -0.487224340788120214E+00   -0.839255347944096869E-01   -0.205233557584180382E+00   -0.280631920762758336E+00   -0.108150344524748809E+01
    0.646245938167490635E-02    0.433986506415014528E+01    0.405172243989824279E-01   -0.764396852529542503E+01    0.382760152137760712E+00    0.840204855738911793E+00    0.119177614389081865E-01    0.174103720568339027E+01   -0.167585560554837598E+01   -0.146236122601041435E+00   -0.204894794781449036E+00   -0.489575143871757545E+00   -0.132604817245547180E+00   -0.270593829443458833E+00   -0.280674678869148542E+00   -0.108324510513685834E+01
    0.633784927850649174E-02    0.433880601255569243E+01    0.400751494433863875E-01   -0.763637844767562868E+01    0.386036211387520922E+00    0.821612449290275326E+00    0.112788023682435165E-01    0.174367486326802990E+01   -0.178760067924031318E+01   -0.152314947625003028E+00   -0.404549269884659390E+00   -0.488894400795805373E+00   -0.350528752087752304E-01   -0.209176602870271983E+00   -0.277347205428570998E+00   -0.108030183434985116E+01
    0.622142448398962326E-02    0.433588717881292052E+01    0.378643941016352653E-01   -0.766996615855294372E+01    0.385577340373858546E+00    0.843739899978955488E+00    0.116174908952045731E-01    0.173050900712137579E+01   -0.181927660101621758E+01   -0.153772390762602212E+00   -0.322883220980267671E+00   -0.470786118285741850E+00   -0.102397654899897050E+00   -0.302672244411983316E+00   -0.273534829185359651E+00   -0.108034755214699696E+01
    0.610086371170494128E-02    0.433502426683395647E+01    0.401784074044394118E-01   -0.767768592005813844E+01    0.386555500925649720E+00    0.863504845701877022E+00    0.107538313187835709E-01    0.173581236562052355E+01   -0.182343226883407117E+01   -0.151339837899238744E+00   -0.336725416868288996E+00   -0.487558463938875253E+00   -0.109915567269269182E+00   -0.988456356004428910E-01   -0.265778569790084018E+00   -0.108986405785893647E+01
    0.620156491773336815E-02    0.430214830917998547E+01    0.393095110124933519E-01   -0.771014182949153692E+01    0.375039145786272232E+00    0.827881170909589570E+00    0.111215424875756221E-01    0.173934620881726842E+01   -0.175390227146639255E+01   -0.152534583272993823E+00   -0.312707123889338801E+00   -0.479751847328168668E+00   -0.147688175184142151E+00   -0.207229489972656944E+00   -0.286926844380919865E+00   -0.107912346032447060E+01
    0.613683604922156661E-02    0.432313302592416004E+01    0.391868898382830219E-01   -0.754945743434448069E+01    0.378202107579337032E+00    0.868094619949162039E+00    0.109000046399866830E-01    0.173110530924319073E+01   -0.185176964420628964E+01   -0.146673994877187630E+00   -0.416441794947657817E+00   -0.466581195512020375E+00   -0.115998087644859416E+00   -0.228408880194731656E+00   -0.278924644988974124E+00   -0.106110763624954396E+01
    0.628647283522312892E-02    0.427495132993030769E+01    0.384720951972319439E-01   -0.759855447963037367E+01    0.380396111630715794E+00    0.860724535493612053E+00    0.113506413378474356E-01    0.173591323439069178E+01   -0.176296112381975911E+01   -0.153455030616489019E+00   -0.422583188414409117E+00   -0.476600142945329486E+00   -0.132983488713972808E+00   -0.186013716645974020E+00   -0.285774426028085893E+00   -0.108303161882968157E+01
    0.616051319443143217E-02    0.431543147203681787E+01    0.389467492977156396E-01   -0.750204152217012599E+01    0.383147267754431753E+00    0.804959055077084096E+00    0.104814442259873967E-01    0.172930381090083030E+01   -0.176169863705697871E+01   -0.148560516538893655E+00   -0.453814635476905814E+00   -0.479665742961058017E+00   -0.136693617987462546E+00   -0.170355234099477615E+00   -0.286021170458809371E+00   -0.106406433672923373E+01
    0.613972962733984329E-02    0.432219022864743074E+01    0.398228809919152424E-01   -0.756915195944683994E+01    0.397671631382619406E+00    0.881253183854068811E+00    0.103155707783273033E-01    0.172464248408062848E+01   -0.188772251465308960E+01   -0.157019427556177094E+00   -0.391834734737757595E+00   -0.482101905615153703E+00   -0.141370282668385056E+00   -0.234900637168032222E+00   -0.282035047761605706E+00   -0.108342532498874267E+01
    0.615709477535802702E-02    0.431654156392139221E+01    0.378587060112381690E-01   -0.765646467292972144E+01    0.380298109646610816E+00    0.863455564781066554E+00    0.115660783316649477E-01    0.172718708963372358E+01   -0.176539408690920552E+01   -0.161713005637347529E+00   -0.407533690006828708E+00   -0.490333746745087673E+00   -0.101666028200133013E+00   -0.255665728188991581E+00   -0.288391838792000810E+00   -0.107992439969253784E+01
    0.622153022993171632E-02    0.429571985342079365E+01    0.374409228481067530E-01   -0.754107549029284918E+01    0.379223345273126566E+00    0.803365482653389362E+00    0.117172907468633940E-01    0.173338632798517511E+01   -0.175925505107724267E+01   -0.145400426307462111E+00   -0.335699643108495593E+00   -0.488038493884680125E+00   -0.138747447511631261E+00   -0.230335208565821015E+00   -0.276520431246633835E+00   -0.108623835922893863E+01
    0.636548502223056867E-02    0.424997078064322942E+01    0.409903042512605870E-01   -0.755340169182844701E+01    0.419636234454615675E+00    0.826513392856316309E+00    0.117866330742622209E-01    0.173153930033168901E+01   -0.174125118403639823E+01   -0.148015851137197230E+00   -0.381890223274038265E+00   -0.503053905781099098E+00   -0.123613488480780187E+00   -0.239337804374413404E+00   -0.280564471066883592E+00   -0.107540063064780367E+01
    0.623791417154428984E-02    0.429045992351437988E+01    0.402683899826335595E-01   -0.758808916079685769E+01    0.389430353368658555E+00    0.879872993629566724E+00    0.118454726836393857E-01    0.173196054122765486E+01   -0.175766446404985821E+01   -0.144976185554744841E+00   -0.354193162975573628E+00   -0.472584913533831086E+00   -0.114610168275976809E+00   -0.205922431800839023E+00   -0.287368633612903324E+00   -0.108226221790797150E+01
    0.616998691233013215E-02    0.431235820828244520E+01    0.404733294177136368E-01   -0.752458575684191278E+01    0.394677819404535279E+00    0.845879137917163848E+00    0.112104096739242612E-01    0.173534496810044492E+01   -0.173591236754134659E+01   -0.140180593773292617E+00   -0.408162438780883208E+00   -0.477118878036670080E+00   -0.108375351452836985E+00   -0.175216326743125761E+00   -0.283086498085726668E+00   -0.107647424495891064E+01
    0.614388123639459261E-02    0.432083831046673161E+01    0.410380436405594906E-01   -0.767330746866567903E+01    0.390426534521816193E+00    0.835291256935787430E+00    0.104127508190128108E-01    0.173307230381388888E+01   -0.176535880940681822E+01   -0.149628731657717784E+00   -0.388027714696583148E+00   -0.493307217188229452E+00   -0.140362659206521051E+00   -0.126437574982537437E+00   -0.293371574340658803E+00   -0.106694164605719455E+01
    0.621540335574443607E-02    0.429769039532028163E+01    0.413592151274002132E-01   -0.758279905919846442E+01    0.399332694192281679E+00    0.829977371174711820E+00    0.109888672917520698E-01    0.172269227686221682E+01   -0.174285876454045385E+01   -0.149870236856017108E+00   -0.356862897281387925E+00   -0.488791829104313069E+00   -0.930747791981711425E-01   -0.196822462407699600E+00   -0.280149596588466332E+00   -0.107873284581445739E+01
    0.615553096680557070E-02    0.431704959806248034E+01    0.395304179421073765E-01   -0.763795988229392098E+01    0.370876544679064557E+00    0.854354960284613774E+00    0.112608415724397958E-01    0.174329266560635610E+01   -0.174714166636828949E+01   -0.153408167079397334E+00   -0.336973949251075433E+00   -0.468741548525063556E+00   -0.961960613679098964E-01   -0.202275010661681104E+00   -0.283576072565009718E+00   -0.108064670146566000E+01
    0.642165883981144284E-02    0.423239870057731427E+01    0.391836134090075630E-01   -0.760552141256676162E+01    0.386617331530647867E+00    0.821322724244941238E+00    0.111814414902904474E-01    0.173652029963098342E+01   -0.174409900894309344E+01   -0.145637006695199606E+00   -0.395864762116136970E+00   -0.493253393559716147E+00   -0.105788275736276915E+00   -0.188951692244379382E+00   -0.280456942376427099E+00   -0.107089646488166146E+01
    0.637388189697279690E-02    0.424733426785213641E+01    0.383968610088676818E-01   -0.754189043035026963E+01    0.396082126456229533E+00    0.854145489664757007E+00    0.107307552267337011E-01    0.173049915044718117E+01   -0.177446170586997320E+01   -0.150323987648451646E+00   -0.440250519895291792E+00   -0.488477917909838522E+00   -0.110907900008212712E+00   -0.258642396724289736E+00   -0.282450576773845552E+00   -0.107307680704883990E+01
    0.614060385453278883E-02    0.432190547182198692E+01    0.384722470548966231E-01   -0.758826005533295156E+01    0.361209387067238930E+00    0.859307287852207891E+00    0.116874332751071425E-01    0.172717708013702942E+01   -0.177671446590454907E+01   -0.155517052941565342E+00   -0.360383251327209109E+00   -0.470146348365425681E+00   -0.104731460400775619E+00   -0.232961311287322420E+00   -0.282868206593724469E+00   -0.108684628402421812E+01
    0.623002389543790905E-02    0.429299130508439664E+01    0.403432458015556411E-01   -0.752443333296854888E+01    0.415302661066059287E+00    0.828403408377692219E+00    0.120824945295041133E-01    0.173082762539489843E+01   -0.173833883786601073E+01   -0.131984384666552185E+00   -0.354341186675991127E+00   -0.492385656963966745E+00   -0.125824570767973959E+00   -0.184396608183886729E+00   -0.284494136639517226E+00   -0.108588216560539119E+01
    0.618917132512577031E-02    0.430614923261110061E+01    0.390131704544761093E-01   -0.760246084019512480E+01    0.352302928880744604E+00    0.831483246342657911E+00    0.111121831736404140E-01    0.173545780061235888E+01   -0.174632236567121613E+01   -0.151765069919556017E+00   -0.344938613324912602E+00   -0.475520742825465026E+00   -0.153846975694683280E+00   -0.212710988855920435E+00   -0.278430970600141825E+00   -0.108931260489766513E+01
    0.610633152513354299E-02    0.433309926612317931E+01    0.411428179692772053E-01   -0.757566242175900939E+01    0.377138345150436316E+00    0.830376121655653887E+00    0.114644828502835569E-01    0.173207068623278615E+01   -0.169685847417250346E+01   -0.160759938405938774E+00   -0.326003901277095054E+00   -0.501162399497225852E+00   -0.743125961054193623E-01   -0.898437682596232023E-01   -0.263552354303228265E+00   -0.107904880782938695E+01
    0.632651895339096573E-02    0.426225132872449475E+01    0.422322161809307317E-01   -0.762425443553076843E+01    0.406152089741495748E+00    0.879998111831149066E+00    0.107889895845368570E-01    0.172567451937869731E+01   -0.176223764537947436E+01   -0.157333680777589635E+00   -0.321792694989962380E+00   -0.509057886344867594E+00   -0.101581846043286933E+00   -0.186308896794692230E+00   -0.274318636365980806E+00   -0.108340387099296209E+01
    0.616880672798115169E-02    0.431274080139064786E+01    0.432606736101221051E-01   -0.768033434726465547E+01    0.405375495017643639E+00    0.817691637817336003E+00    0.110972422384618546E-01    0.173939406901399596E+01   -0.178539738681522686E+01   -0.144260211638828045E+00   -0.226555452940092883E+00   -0.490416560304746729E+00   -0.774405211216025319E-01   -0.182756316483109110E+00   -0.289832243781220689E+00   -0.109243682158076338E+01
    0.639183246230409872E-02    0.424170964657136373E+01    0.408817173065888495E-01   -0.758115135604172963E+01    0.405997543250386894E+00    0.809079801263738019E+00    0.111512700200332941E-01    0.173685791046117788E+01   -0.178530361815073468E+01   -0.158759848730492925E+00   -0.405500270268761009E+00   -0.516234558691435308E+00   -0.694736248127118955E-01   -0.156266489848465501E+00   -0.265249135077675224E+00   -0.109049973374557441E+01
    0.619487233413744745E-02    0.430430782779333310E+01    0.392345242535684646E-01   -0.767731946170576318E+01    0.375767295973664928E+00    0.787788880803104941E+00    0.117879826758289421E-01    0.173583712170244664E+01   -0.166902865479363904E+01   -0.157214325658289439E+00   -0.362109180209803483E+00   -0.492274009981401639E+00   -0.108894187254476388E+00   -0.132584440598521702E+00   -0.268369648112720460E+00   -0.107120193410576658E+01
    0.624533225953148238E-02    0.428808294925489619E+01    0.423794375805633741E-01   -0.763542379519346603E+01    0.408649824030561437E+00    0.858580190487203687E+00    0.111193780732659515E-01    0.172993334307014468E+01   -0.176792433570089780E+01   -0.153932840505891788E+00   -0.335414264084413938E+00   -0.489725649402904917E+00   -0.821937966142659432E-01   -0.139277439562555727E+00   -0.283437974377441337E+00   -0.108616098792372928E+01
    0.615005774429958681E-02    0.431882869957331295E+01    0.431038882196849785E-01   -0.754980410245241096E+01    0.376240063054483875E+00    0.869067111977463891E+00    0.115516600962328152E-01    0.174142440901140283E+01   -0.184822551396160928E+01   -0.161126972222212145E+00   -0.330991673866588676E+00   -0.531913740711951855E+00   -0.941245500916118583E-01   -0.178428987267408329E+00   -0.274016210279380279E+00   -0.107710383129936571E+01
    0.610888543530723003E-02    0.433226296162882019E+01    0.407511770890760655E-01   -0.759388173338708494E+01    0.429158649035055573E+00    0.844110101704682370E+00    0.111080354240493395E-01    0.173510175833024927E+01   -0.180205200207195482E+01   -0.159193619374581347E+00   -0.310644667214634018E+00   -0.503555803099053678E+00   -0.109736188814011620E+00   -0.202990230946208883E+00   -0.268675926988203140E+00   -0.108254025312676316E+01
    0.627201982461940075E-02    0.427955475404371288E+01    0.426191706724824357E-01   -0.765304773533157068E+01    0.389229581601000074E+00    0.846019563861045598E+00    0.110370237974143880E-01    0.173850212190908304E+01   -0.171138666590621580E+01   -0.145892853138831990E+00   -0.391083941194324214E+00   -0.504446021884954132E+00   -0.126560111350919630E+00   -0.199036173439950503E+00   -0.278751565885204333E+00   -0.108909145815952146E+01
    0.618728862488373502E-02    0.430675771040334787E+01    0.377330587314252119E-01   -0.757435419748154715E+01    0.379323969898205160E+00    0.853360717212561015E+00    0.109678150887172077E-01    0.173271157662398378E+01   -0.172305943536927275E+01   -0.159222580552573489E+00   -0.344781375995319495E+00   -0.491107363570820632E+00   -0.838043886864524301E-01   -0.192265559447788753E+00   -0.270714047352013321E+00   -0.108413210722210596E+01
    0.625733832360994644E-02    0.428424182821150357E+01    0.402355398320599217E-01   -0.756302987260264992E+01    0.388288268885086940E+00    0.830897586728638671E+00    0.109883932777591082E-01    0.173366287149898435E+01   -0.176124155455545406E+01   -0.153529088582835843E+00   -0.396439004917652715E+00   -0.481676926308632236E+00   -0.926957235400836382E-01   -0.139530066950457776E+00   -0.282760103433024157E+00   -0.109574859069431851E+01
    0.625896659763845817E-02    0.428372145928538917E+01    0.397631547246264372E-01   -0.758215260144642755E+01    0.382880025571644411E+00    0.837022736993754624E+00    0.108243815349672277E-01    0.173686778329144653E+01   -0.172663286131214266E+01   -0.152171178263958540E+00   -0.374847523210058986E+00   -0.487667956861655205E+00   -0.124550853744147982E+00   -0.155556263809933815E+00   -0.271565457301183699E+00   -0.108950113875602650E+01
    0.624796507888928168E-02    0.428723999504498288E+01    0.441342198569909180E-01   -0.767971781918330265E+01    0.419265131887882614E+00    0.844982352167200967E+00    0.108574122357994809E-01    0.173166889879039609E+01   -0.174897278523282829E+01   -0.153482967571895446E+00   -0.334828571668816521E+00   -0.510352449505992012E+00   -0.109409893188095950E+00   -0.197020355697560434E+00   -0.271523995116224826E+00   -0.108557741820422637E+01
    0.632596515529850953E-02    0.426242640836515907E+01    0.413077167143623969E-01   -0.756412263017294784E+01    0.390205923040363445E+00    0.819789273020847253E+00    0.115723344531202411E-01    0.173301599467925604E+01   -0.175885236396887179E+01   -0.159002371988246294E+00   -0.390029210208966470E+00   -0.502647758233846886E+00   -0.804973012520270592E-01   -0.102619612094144927E+00   -0.274504616133530499E+00   -0.107994987970975309E+01
    0.641379035058684249E-02    0.423485081272190378E+01    0.420461387766888905E-01   -0.766411447234096510E+01    0.420979709261230517E+00    0.831184838728697750E+00    0.100993945689794948E-01    0.173413600165537751E+01   -0.177133782806740903E+01   -0.154201942242662593E+00   -0.300543849522089901E+00   -0.513382186826330189E+00   -0.923419224903614805E-01   -0.213051447140438277E+00   -0.287927368883232726E+00   -0.107818121976011616E+01
    0.639619012950958400E-02    0.424034660006659969E+01    0.405799927403090732E-01   -0.763446525206888715E+01    0.391752640679250363E+00    0.816189785416086444E+00    0.107603135605904513E-01    0.174236348692388510E+01   -0.169569934280380896E+01   -0.151792018188737610E+00   -0.438999485123208411E+00   -0.519808604109524897E+00   -0.103091567860557856E+00   -0.194561987817961857E+00   -0.270389972987851834E+00   -0.108854891806841736E+01
    0.610844709307712709E-02    0.433240647650140875E+01    0.398033010941772347E-01   -0.758887319739228872E+01    0.407869876279687571E+00    0.802112404745193075E+00    0.116707800051351063E-01    0.173572239393790495E+01   -0.174563125137052055E+01   -0.153197447461851544E+00   -0.323862009658953232E+00   -0.484025467029085277E+00   -0.945506021902979693E-01   -0.201876048724011992E+00   -0.274207230645200861E+00   -0.109200114684404848E+01
    0.617103643687407985E-02    0.431201803404671846E+01    0.398585633780612417E-01   -0.762426131453498179E+01    0.425324218776157392E+00    0.850603985249911765E+00    0.107465713399443694E-01    0.172995851549655910E+01   -0.170028703659454883E+01   -0.156588754479006748E+00   -0.357595595253813903E+00   -0.502846813040741525E+00   -0.102987965541601001E+00   -0.235814267762374824E+00   -0.264805224016591678E+00   -0.109308772287053402E+01
    0.622825433722066623E-02    0.429355946007213785E+01    0.388825980891048875E-01   -0.757368344053457943E+01    0.431915355292270486E+00    0.840401309992044543E+00    0.113560529730088091E-01    0.173816334037191567E+01   -0.186428808769609766E+01   -0.147738023161974014E+00   -0.361863844453693684E+00   -0.525871026411881215E+00   -0.997729931615901899E-01   -0.192936553801671240E+00   -0.267041809502220673E+00   -0.106554467909489015E+01
    0.672675872496431536E-02    0.413956481827965206E+01    0.392148612550038481E-01   -0.760034640424406138E+01    0.419966306756813068E+00    0.873971460996886385E+00    0.111724978034653862E-01    0.173177080294648311E+01   -0.170950358033579541E+01   -0.142746792053078997E+00   -0.315491230469181982E+00   -0.537238270328826095E+00   -0.699264423376252525E-01   -0.229615607290183210E+00   -0.299726335664266597E+00   -0.109027393513623561E+01
    0.616876985404474307E-02    0.431275275639207578E+01    0.388849573723516612E-01   -0.751875602417771738E+01    0.382272606998263820E+00    0.835653640886949045E+00    0.109364584931342986E-01    0.173258606784525693E+01   -0.178550718229954719E+01   -0.152326077403871302E+00   -0.319148237188102701E+00   -0.511109062884589349E+00   -0.771890359571283657E-01   -0.203510797087404216E+00   -0.281227405497813943E+00   -0.108441775750036884E+01
    0.646437478059948712E-02    0.421913904333604162E+01    0.402783461149156391E-01   -0.758113965227126396E+01    0.384463969079373413E+00    0.795180619163521119E+00    0.104193046812203673E-01    0.173496026401786785E+01   -0.182667482034364825E+01   -0.145482547325370526E+00   -0.343046720701990326E+00   -0.519416809423399295E+00   -0.739775749535442617E-01   -0.189818137330183989E+00   -0.278637336130123592E+00   -0.108402709749827153E+01
    0.629911533402844736E-02    0.427093324102173266E+01    0.359782127554504547E-01   -0.760113381537152843E+01    0.413737088550275411E+00    0.818983462617700830E+00    0.112852081546130113E-01    0.173935569497477260E+01   -0.177704684243480027E+01   -0.149162623001775740E+00   -0.330894867184457375E+00   -0.499179487784731424E+00   -0.955337827474383866E-01   -0.142817230573601933E+00   -0.278478346761124929E+00   -0.108752768608777250E+01
    0.627578117731952476E-02    0.427835570639792717E+01    0.421573343534695014E-01   -0.758265545442944244E+01    0.402030348170127005E+00    0.846792763477330013E+00    0.104132199807662924E-01    0.173026802054875883E+01   -0.178822067112806593E+01   -0.142575205188741810E+00   -0.297742044699954467E+00   -0.504143105786625356E+00   -0.141005821055584568E+00   -0.127679575040227478E+00   -0.277493832057981338E+00   -0.108596380484189559E+01
    0.621286946097100116E-02    0.429850592128946651E+01    0.381523728119528074E-01   -0.757045809995844898E+01    0.371568750060223885E+00    0.854845365700680038E+00    0.120191369571634159E-01    0.173452003928678145E+01   -0.171245579508997103E+01   -0.153728361610804332E+00   -0.332236123381284831E+00   -0.508132159000465489E+00   -0.107872607667294729E+00   -0.212810297549938493E+00   -0.263866302449391243E+00   -0.107019731945629526E+01
    0.631336006095592744E-02    0.426641557655440362E+01    0.388458580717708918E-01   -0.770563694495253060E+01    0.349298677879666397E+00    0.784287193392923077E+00    0.110243735709341217E-01    0.173779785266932341E+01   -0.179914877300878784E+01   -0.140846287792590369E+00   -0.286693224598650986E+00   -0.488541840568761487E+00   -0.875997659798070927E-01   -0.146166484811615038E+00   -0.283464490929549506E+00   -0.107469874440324387E+01
    0.636775684141095352E-02    0.424925711503354098E+01    0.400082426421732168E-01   -0.756651718525369077E+01    0.418880426117231863E+00    0.825983037289446886E+00    0.107326095914238827E-01    0.172981887616696928E+01   -0.175967550390185679E+01   -0.145070545283094876E+00   -0.422342601783026628E+00   -0.516096055452971103E+00   -0.111086643764790702E+00   -0.166480409699363591E+00   -0.267539866681039462E+00   -0.106445779340054925E+01
    0.627012758617006855E-02    0.428015823553749719E+01    0.388885676128449612E-01   -0.759431648166346474E+01    0.392276333587647519E+00    0.844548928967468804E+00    0.111149439854518681E-01    0.172890243072700422E+01   -0.176134821661385765E+01   -0.153205664029834432E+00   -0.294882997115472667E+00   -0.516495907135667398E+00   -0.677341379727577214E-01   -0.219630095040751844E+00   -0.272932520672052870E+00   -0.107407095358160998E+01
    0.655660360962185152E-02    0.419080618886519751E+01    0.394338490463978369E-01   -0.749873889451648967E+01    0.374529376175171347E+00    0.815568683299691899E+00    0.117408891496405543E-01    0.173458127247809135E+01   -0.181768783932281108E+01   -0.143107388982376543E+00   -0.384810387446613000E+00   -0.512220100552791435E+00   -0.707253394532778301E-01   -0.190578232548656495E+00   -0.291999167208929489E+00   -0.108471062703981169E+01
    0.635127037475888886E-02    0.425444193793079517E+01    0.389576535399319759E-01   -0.765552899895297845E+01    0.389197341548024156E+00    0.802484291755211743E+00    0.119353878270764806E-01    0.173278474544110295E+01   -0.183350126876511510E+01   -0.138694844408015550E+00   -0.318935391843278071E+00   -0.491242857147193845E+00   -0.130434334812598335E+00   -0.130076023898359816E+00   -0.278383747372197510E+00   -0.107546913371756903E+01
    0.635278123675841761E-02    0.425396622764470678E+01    0.392529766781506834E-01   -0.759008188051501342E+01    0.389778683474652443E+00    0.849499161349296261E+00    0.111308943326391997E-01    0.173262981396666849E+01   -0.178854196967189716E+01   -0.148747573230129410E+00   -0.295337997509888317E+00   -0.498302677933544658E+00   -0.110128269947920687E+00   -0.192846180034490611E+00   -0.286303973415678925E+00   -0.109233313445108360E+01
    0.634880470390665388E-02    0.425521852259441236E+01    0.381375501436480926E-01   -0.760961384697940346E+01    0.401895811850104645E+00    0.843283258259715285E+00    0.116018013052335885E-01    0.173445995198334590E+01   -0.174295908830170587E+01   -0.140676385708527557E+00   -0.329955488887393844E+00   -0.500549020213364892E+00   -0.108704324174538208E+00   -0.159128675836262057E+00   -0.276521935087118254E+00   -0.107628536029877142E+01
