         MJD         m       dm  uJy  duJy F  err  chi/N       RA      Dec        x       y  maj  min   phi  apfit  mag5sig   Sky            Obs     Mask
57399.620255 19.766969      NaN   -1    15 c    0   1.03 197.6278 -1.31086  7208.98 3246.64 3.74 3.58  25.9 -0.407    19.51 21.38 02a57399o0673c 0xc00800
57399.643693 19.155932      NaN   31    16 c    0   0.88 197.6278 -1.31086  6878.69 2652.82 3.77 3.55  16.4 -0.419    19.53 21.38 02a57399o0707c 0xc00900
57399.656312 19.569016      NaN    6    16 c    0   0.81 197.6278 -1.31086  7726.76 3811.34 3.65 3.48  61.6 -0.405    19.52 21.35 02a57399o0726c 0xc00800
57399.658479 18.978793      NaN   -5    31 c    0   0.99 197.6278 -1.31086  8025.80 2055.93 3.79 3.60  25.8 -0.426    19.49 21.33 02a57399o0729c 0xc00800
57436.395205 18.336727      NaN  -22    56 c    0   1.09 197.6278 -1.31086  8002.28 2991.11 4.62 4.29  28.6 -0.367    18.14 19.23 02a57436o0300c 0xc00800
57436.408823 18.298627      NaN   30    48 c    0   1.13 197.6278 -1.31086  8288.50 3574.83 4.34 4.08  43.3 -0.381    18.28 19.39 02a57436o0323c 0xc00800
57436.422408 18.249822      NaN   59    41 c    0   1.19 197.6278 -1.31086  7119.54 4157.00 4.41 4.30  41.9 -0.356    18.33 19.49 02a57436o0346c 0xc00800
57436.436041 18.220396      NaN   79    36 c    0   1.23 197.6278 -1.31086  6846.96 3962.86 4.13 4.03  43.1 -0.366    18.45 19.61 02a57436o0369c 0xc00800
57452.579498 19.318728      NaN   26    14 c    0   1.15 197.6278 -1.31086  2794.48 8092.41 3.73 3.56 -65.1 -0.418    19.65 21.62 02a57452o0633c 0xc00900
57452.601793 19.089302      NaN   33    17 c    0   0.79 197.6278 -1.31086  2507.40 7510.32 3.82 3.61 -61.5 -0.416    19.57 21.48 02a57452o0676c 0xc00800
57452.624263 19.197966      NaN   28    16 c    0   0.87 197.6278 -1.31086  3674.74 6930.51 3.72 3.52 -67.2 -0.408    19.51 21.38 02a57452o0719c 0xc00900
57452.646861 19.419021      NaN   14    16 c    0   1.18 197.6278 -1.31086  3795.23 6701.61 3.67 3.49 -64.8 -0.410    19.42 21.21 02a57452o0762c 0xc00800
57460.552256 19.051202      NaN   36    17 c    0   0.86 197.6278 -1.31086  2911.18 7857.79 3.74 3.59 -45.1 -0.435    19.57 21.47 02a57460o0679c 0xc00900
57460.575931 19.454622      NaN   18    14 c    0   1.24 197.6278 -1.31086  2621.31 7277.80 3.74 3.48 -61.8 -0.429    19.58 21.47 02a57460o0722c 0xc00800
57460.598204 18.933071      NaN   46    17 c    0   0.94 197.6278 -1.31086  3789.36 6699.08 3.71 3.49 -63.5 -0.411    19.53 21.40 02a57460o0765c 0xc00900
57460.620826 19.051202      NaN   39    16 c    0   1.01 197.6278 -1.31086  3792.57 6700.70 3.73 3.50 -56.5 -0.413    19.48 21.33 02a57460o0808c 0xc00900
57480.508123 19.212347      NaN   27    16 c    0   0.93 197.6278 -1.31086  2622.63 7906.87 3.79 3.57 -65.1 -0.417    19.53 21.41 02a57480o0596c 0xc00800
57480.531583 19.569016      NaN   12    14 c    0   1.29 197.6278 -1.31086  2335.66 7325.96 3.76 3.52 -57.9 -0.428    19.42 21.17 02a57480o0641c 0xc00800
57480.555125 19.631075      NaN  -13    17 c    0   0.96 197.6278 -1.31086  3503.94 6749.17 3.67 3.47 -64.0 -0.415    19.32 20.99 02a57480o0686c 0xc00800
57480.578528 19.115465      NaN   28    18 c    0   1.22 197.6278 -1.31086  3779.66 6692.16 3.66 3.45 -64.2 -0.417    19.23 20.83 02a57480o0731c 0xc00800
57490.431970 19.766969      NaN  -17    15 c    0   1.28 197.6278 -1.31086  2657.98 7744.06 4.08 3.83  -4.1 -0.410    19.52 21.53 02a57490o0485c 0xc00800
57490.450418 19.696897      NaN    0    16 c    0   0.93 197.6278 -1.31086  2368.97 7162.11 3.78 3.65 -72.5 -0.406    19.55 21.46 02a57490o0516c 0xc00800
57490.469679 19.922338      NaN  -13    13 c    0   1.25 197.6278 -1.31086  3534.97 6587.40 3.67 3.54 -78.6 -0.397    19.55 21.42 02a57490o0548c 0xc00800
57490.489227 19.791368      NaN    2    14 c    0   1.36 197.6278 -1.31086  3787.56 6684.17 3.69 3.57 -80.4 -0.391    19.51 21.37 02a57490o0580c 0xc00800
57491.426464 18.702047      NaN   24    32 c    0   1.04 197.6278 -1.31086  3067.44 7764.97 5.08 4.22  -5.3 -0.379    18.75 20.70 02a57491o0395c 0xc00800
57491.448778 19.051202      NaN  -49    29 c    0   0.95 197.6278 -1.31086  2783.33 7181.33 4.54 4.23 -59.5 -0.366    18.84 20.81 02a57491o0432c 0xc00800
57491.484437 19.169763      NaN   12    22 c    0   1.03 197.6278 -1.31086  3790.96 6680.89 4.22 4.01 -62.2 -0.368    19.05 20.94 02a57491o0492c 0xc00800
57507.455652 18.826541      NaN   44    21 c    0   0.99 197.6278 -1.31086  3146.54 7573.95 3.88 3.64 -63.2 -0.416    19.18 20.85 02a57507o0466c 0xc00900
57507.470781 19.401649      NaN   -3    21 c    0   1.17 197.6278 -1.31086  3187.62 7535.06 3.84 3.62 -62.3 -0.422    19.06 20.62 02a57507o0496c 0xc00800
57507.484879 19.169763      NaN    6    24 c    0   1.00 197.6278 -1.31086  3129.97 7515.24 3.77 3.56 -64.3 -0.425    18.99 20.46 02a57507o0524c 0xc00800
57507.498519 18.776955      NaN   37    25 c    0   1.01 197.6278 -1.31086  3207.08 7591.87 3.78 3.59 -63.1 -0.430    18.91 20.34 02a57507o0551c 0xc00900
57507.510957 19.051202      NaN  -21    29 c    0   1.02 197.6278 -1.31086  3109.41 7610.29 3.89 3.70 -57.4 -0.413    18.83 20.25 02a57507o0576c 0xc00800
57509.461463 19.609992      NaN    4    16 c    0   1.12 197.6278 -1.31086  3144.97 7573.17 3.77 3.52 -63.7 -0.426    19.44 21.27 02a57509o0496c 0xc00800
57509.474396 19.102305      NaN   32    17 c    0   1.20 197.6278 -1.31086  3185.78 7533.80 3.79 3.53 -62.7 -0.424    19.39 21.20 02a57509o0522c 0xc00800
57509.487444 19.271854      NaN   17    18 c    0   0.97 197.6278 -1.31086  3127.51 7514.13 3.77 3.51 -61.0 -0.426    19.36 21.15 02a57509o0548c 0xc00800
57509.499969 19.102305      NaN   23    20 c    0   0.83 197.6278 -1.31086  3204.27 7590.71 3.84 3.59 -61.6 -0.428    19.24 21.00 02a57509o0573c 0xc00800
57509.511409 18.857417      NaN   38    22 c    0   1.09 197.6278 -1.31086  3107.85 7609.01 3.85 3.59 -60.4 -0.425    19.10 20.75 02a57509o0596c 0xc00800
57510.456166 19.212347      NaN   27    16 c    0   1.05 197.6278 -1.31086  3147.35 7570.57 4.37 4.10 -58.2 -0.379    19.32 21.38 02a57510o0471c 0xc00800
57510.474051 19.367717      NaN    5    20 c    0   0.88 197.6278 -1.31086  3188.16 7532.51 4.18 3.93 -46.5 -0.398    19.34 21.36 02a57510o0506c 0xc00800
57510.491821 19.696897      NaN  -15    16 c    0   1.04 197.6278 -1.31086  3130.04 7512.46 3.94 3.65 -59.0 -0.414    19.35 21.25 02a57510o0541c 0xc00800
57510.508479 19.334813      NaN    7    20 c    0   0.91 197.6278 -1.31086  3207.97 7590.44 4.01 3.75 -54.4 -0.411    19.26 21.15 02a57510o0574c 0xc00800
57514.349181 19.318728      NaN   17    17 c    0   0.87 197.6278 -1.31086  2823.40 8616.02 4.10 3.84 -60.3 -0.425    19.54 21.58 02a57514o0281c 0xc00800
57514.362520 19.631075      NaN   -1    17 c    0   1.01 197.6278 -1.31086  2804.56 8584.78 4.14 3.79 -60.3 -0.425    19.53 21.57 02a57514o0308c 0xc00800
57514.375297 19.631075      NaN   -4    17 c    0   1.02 197.6278 -1.31086  2862.11 8668.22 4.09 3.76 -62.5 -0.421    19.54 21.53 02a57514o0334c 0xc00800
57514.388108 19.271854      NaN   20    17 c    0   1.07 197.6278 -1.31086  2881.34 8556.99 4.06 3.72 -61.2 -0.427    19.51 21.47 02a57514o0360c 0xc00800
57514.401441 19.183773      NaN   26    17 c    0   1.07 197.6278 -1.31086  2840.54 8619.70 4.07 3.68 -58.1 -0.427    19.49 21.43 02a57514o0387c 0xc00800
57538.326191 19.226921      NaN   20    18 c    0   0.97 197.6278 -1.31086  2387.84 7049.48 4.16 3.66 -60.3 -0.452    19.51 21.53 02a57538o0193c 0xc00800
57538.336887 18.990530      NaN   38    18 c    0   1.07 197.6278 -1.31086  2368.13 7010.14 4.21 3.65 -60.1 -0.449    19.52 21.56 02a57538o0213c 0xc00900
57538.348751 19.696897      NaN    0    16 c    0   1.13 197.6278 -1.31086  2427.40 7085.99 4.24 3.69 -54.5 -0.446    19.50 21.55 02a57538o0235c 0xc00800
57538.360566 19.102305      NaN   26    19 c    0   0.78 197.6278 -1.31086  2448.22 6968.85 4.21 3.65 -58.7 -0.458    19.49 21.52 02a57538o0257c 0xc00800
57538.371433 19.271854      NaN   20    17 c    0   0.91 197.6278 -1.31086  2409.40 7023.71 4.15 3.61 -58.3 -0.447    19.51 21.54 02a57538o0277c 0xc00800
57540.322702 19.318728      NaN   20    16 c    0   1.02 197.6278 -1.31086  4500.83 7316.71 3.88 3.57 -72.6 -0.449    19.57 21.56 02a57540o0178c 0xc00800
57540.334981 19.183773      NaN   26    17 c    0   0.70 197.6278 -1.31086  4480.99 7278.44 3.84 3.55 -69.0 -0.443    19.58 21.58 02a57540o0202c 0xc00900
57540.347227 19.128787      NaN   30    17 c    0   0.93 197.6278 -1.31086  4538.31 7355.27 3.98 3.66 -67.2 -0.424    19.53 21.55 02a57540o0226c 0xc00900
57540.359522 19.766969      NaN   -3    15 c    0   0.92 197.6278 -1.31086  4559.30 7235.41 3.76 3.49 -67.7 -0.441    19.57 21.52 02a57540o0250c 0xc00800
57540.372276 19.351140      NaN   18    16 c    0   0.92 197.6278 -1.31086  4522.04 7290.74 3.80 3.54 -65.2 -0.426    19.53 21.48 02a57540o0275c 0xc00800
57544.315579 19.454622      NaN  -12    20 c    0   0.92 197.6278 -1.31086  4572.51 7926.14 3.87 3.57 -81.1 -0.456    19.39 21.35 02a57544o0173c 0xc00800
57544.327804 18.867907      NaN   34    23 c    0   0.88 197.6278 -1.31086  4555.61 7889.65 3.91 3.66 -73.3 -0.447    19.17 21.14 02a57544o0197c 0xc00800
57544.339982 19.454622      NaN  -11    20 c    0   1.12 197.6278 -1.31086  4616.26 7967.61 3.84 3.59 -72.1 -0.452    19.33 21.29 02a57544o0221c 0xc00800
57544.364925 19.241693      NaN   25    16 c    0   0.96 197.6278 -1.31086  4601.22 7906.37 3.86 3.58 -72.5 -0.439    19.53 21.54 02a57544o0270c 0xc00800
57548.307874 19.510313 0.361912   57    19 c    0   1.03 197.6278 -1.31086  2327.02 7034.22 4.08 3.69 -67.4 -0.435    19.37 21.19 02a57548o0160c 0xc00900
57548.319610 19.510313      NaN   -1    19 c    0   0.77 197.6278 -1.31086  2307.55 6997.50 4.08 3.71 -59.2 -0.432    19.38 21.23 02a57548o0183c 0xc00900
57548.331846 19.026525      NaN   32    19 c    0   1.03 197.6278 -1.31086  2366.83 7075.93 4.19 3.79 -56.9 -0.424    19.39 21.30 02a57548o0207c 0xc00800
57548.356797 19.051202      NaN   33    18 c    0   0.96 197.6278 -1.31086  2353.90 7014.60 4.06 3.68 -56.7 -0.429    19.46 21.41 02a57548o0256c 0xc00800
57574.267486 19.401649      NaN  -10    21 c    0   0.90 197.6278 -1.31086  1389.78 7564.40 4.12 3.89 -72.8 -0.424    19.36 21.26 02a57574o0057c 0xc00800
57574.278624 19.212347      NaN   18    19 c    0   1.05 197.6278 -1.31086  1371.98 7524.47 4.24 3.86 -66.0 -0.430    19.37 21.31 02a57574o0079c 0xc00800
57574.292732 19.491430      NaN    4    18 c    0   1.15 197.6278 -1.31086  1428.81 7602.00 4.20 3.78 -61.1 -0.443    19.36 21.32 02a57574o0107c 0xc00800
57574.305367 19.529530 0.348987   56    18 c    0   0.99 197.6278 -1.31086  1449.58 7483.60 4.15 3.76 -61.5 -0.446    19.37 21.27 02a57574o0132c 0xc00900
57574.318339 19.549093      NaN    1    18 c    0   1.10 197.6278 -1.31086  1411.56 7541.51 4.17 3.77 -55.0 -0.436    19.33 21.24 02a57574o0157c 0xc00800
57578.258275 19.212347      NaN  -27    25 c    0   1.11 197.6278 -1.31086  4204.47 7304.27 3.92 3.70 -81.9 -0.439    18.93 20.37 02a57578o0039c 0xc00800
57578.265327 19.212347      NaN   12    21 c    0   1.18 197.6278 -1.31086  4185.87 7266.03 4.17 3.86 -76.4 -0.428    19.10 20.80 02a57578o0053c 0xc00800
57578.275320 19.212347      NaN   18    19 c    0   1.14 197.6278 -1.31086  4243.33 7343.70 4.02 3.73 -71.9 -0.439    19.15 20.85 02a57578o0073c 0xc00800
57578.288515 19.115465      NaN   13    23 c    0   0.94 197.6278 -1.31086  4264.93 7226.23 4.49 4.18 -63.3 -0.394    19.00 20.82 02a57578o0099c 0xc00800
57578.301846 19.183773      NaN   14    21 c    0   1.21 197.6278 -1.31086  4227.89 7282.54 4.38 4.07 -63.0 -0.410    19.00 20.77 02a57578o0125c 0xc00800
57776.671837 19.212347      NaN    3    24 c    0   0.90 197.6278 -1.31086  2601.89 6738.14 3.89 3.69  52.7 -0.462    19.06 20.41 02a57776o0872c 0xc00800
57780.677311 17.397568      NaN   36   121 c    0   1.52 197.6278 -1.31086  2440.51 8270.89 3.68 3.46  11.8 -0.465    18.20 18.72 02a57780o0872c 0xc00800
57784.656179 19.241693      NaN   22    17 c    0   0.98 197.6278 -1.31086  4154.98 6444.81 3.90 3.77  72.6 -0.380    19.54 21.56 02a57784o0651c 0xc00800
57784.659754 19.841877      NaN    0    14 c    0   1.21 197.6278 -1.31086  4136.26 6406.84 3.91 3.79  79.3 -0.379    19.57 21.59 02a57784o0658c 0xc00900
57804.609523 19.454622      NaN   -1    20 c    0   0.82 197.6278 -1.31086  1194.57 8782.13 3.97 3.65  31.2 -0.443    19.36 21.07 02a57804o0761c 0xc00800
57804.625209 19.351140      NaN   12    18 c    0   1.35 197.6278 -1.31086  1179.84 8743.63 3.73 3.44  23.8 -0.434    19.37 21.02 02a57804o0788c 0xc00800
57804.638149 19.089302      NaN   24    20 c    0   1.13 197.6278 -1.31086  1238.17 8818.03 3.75 3.44  21.4 -0.432    19.32 20.95 02a57804o0814c 0xc00800
57804.656098 19.256669      NaN  -52    24 c    0   1.09 197.6278 -1.31086  1260.95 8699.00 3.73 3.47  24.3 -0.447    19.16 20.71 02a57804o0848c 0xc00800
57804.672704 16.123526      NaN  -16   430 c    0   1.26 197.6278 -1.31086  1223.97 8754.93 3.97 3.52  14.6 -0.494    17.67 17.94 02a57804o0879c 0xc00802
57808.597335 18.867907      NaN   43    20 c    0   0.97 197.6278 -1.31086  1302.74 7514.55 3.77 3.58  42.8 -0.430    19.44 21.29 02a57808o0721c 0xc00900
57808.609113 19.529530      NaN    8    16 c    0   1.05 197.6278 -1.31086  1285.56 7474.19 3.79 3.60  44.2 -0.430    19.58 21.45 02a57808o0744c 0xc00800
57808.622247 19.226921      NaN   29    15 c    0   1.18 197.6278 -1.31086  1348.26 7552.91 3.76 3.57  50.7 -0.430    19.57 21.41 02a57808o0767c 0xc00800
57808.642983 19.169763      NaN   24    18 c    0   0.86 197.6278 -1.31086  1371.81 7433.34 3.77 3.60  48.5 -0.429    19.49 21.31 02a57808o0807c 0xc00900
57808.664856 18.504094      NaN  -29    48 c    0   1.20 197.6278 -1.31086  1334.19 7487.80 3.75 3.62  42.0 -0.436    18.58 19.63 02a57808o0847c 0xc00800
57816.517185 19.841877      NaN  -16    14 c    0   1.11 197.6278 -1.31086  6160.30 4440.99 3.79 3.58  86.6 -0.381    19.69 21.81 02a57816o0518c 0xc00800
57816.532512 19.472870      NaN   20    13 c    0   1.38 197.6278 -1.31086  4301.06 5967.23 3.68 3.56  59.3 -0.403    19.68 21.75 02a57816o0546c 0xc00800
57816.552026 19.589310      NaN   11    14 c    0   0.96 197.6278 -1.31086  4357.77 6047.61 3.62 3.52  65.7 -0.411    19.69 21.76 02a57816o0582c 0xc00800
57816.564303 19.529530      NaN   14    14 c    0   0.96 197.6278 -1.31086  4381.01 5931.65 3.84 3.68  75.1 -0.388    19.65 21.75 02a57816o0605c 0xc00800
57816.586771 19.922338      NaN  -35    13 c    0   1.16 197.6278 -1.31086  4344.21 5989.30 3.84 3.74  60.4 -0.383    19.62 21.73 02a57816o0646c 0xc00900
57836.561241 19.351140      NaN  -19    22 c    0   1.03 197.6278 -1.31086  1727.50 7880.66 3.96 3.76  52.1 -0.409    18.78 20.51 02a57836o0624c 0xc00800
57836.579607 19.226921      NaN    2    24 c    0   1.18 197.6278 -1.31086  1748.31 7763.05 4.22 4.02  61.3 -0.375    18.42 20.36 02a57836o0657c 0xc00800
57840.517290 19.197966      NaN   16    20 c    0   1.09 197.6278 -1.31086  1926.13 7416.08 3.88 3.69  47.3 -0.415    18.86 20.63 02a57840o0546c 0xc00900
57840.532813 19.351140      NaN  -19    22 c    0   0.83 197.6278 -1.31086  1909.90 7378.83 3.65 3.49  45.0 -0.445    18.89 20.59 02a57840o0575c 0xc00800
57844.494441 19.510313      NaN  -28    19 c    0   0.97 197.6278 -1.31086  4023.20 7534.06 3.68 3.49  10.0 -0.443    19.51 21.43 02a57844o0499c 0xc00900
57844.505472 19.351140      NaN   12    18 c    0   1.24 197.6278 -1.31086  4005.33 7493.98 3.53 3.47  13.4 -0.452    19.53 21.41 02a57844o0520c 0xc00900
57844.540510 19.454622      NaN   -3    20 c    0   1.05 197.6278 -1.31086  4090.07 7454.78 3.66 3.61  41.6 -0.434    19.44 21.33 02a57844o0586c 0xc00800
57844.563265 19.197966      NaN   10    22 c    0   1.11 197.6278 -1.31086  4050.43 7511.20 3.74 3.64  37.7 -0.430    19.39 21.25 02a57844o0628c 0xc00800
57868.500691 19.256669      NaN   27    15 c    0   1.24 197.6278 -1.31086  2692.31 5667.76 3.01 2.80   6.6 -0.447    18.88 19.97 02a57868o0305c 0xc00800
57868.540586 19.256669      NaN   30    14 c    0   0.78 197.6278 -1.31086  2751.62 5589.99 2.70 2.49  10.6 -0.462    19.00 19.94 02a57868o0381c 0xc00800
57868.553790 19.696897      NaN  -24    16 c    0   1.20 197.6278 -1.31086  2714.75 5646.63 3.06 2.79   7.1 -0.443    18.82 19.86 02a57868o0406c 0xc00800
57900.381250 20.207197      NaN  -12    10 c    0   1.03 197.6278 -1.31086  2967.52 6472.13 2.47 2.19   7.7 -0.518    19.65 21.28 02a57900o0256c 0xc00900
57900.398687 20.244005      NaN    5     8 c    0   1.77 197.6278 -1.31086  2949.57 6432.78 2.49 2.18   6.8 -0.509    19.63 21.28 02a57900o0287c 0xc00800
57900.433100 20.009244      NaN   -2    12 c    0   1.05 197.6278 -1.31086  3034.96 6389.95 2.55 2.20   2.7 -0.499    19.55 21.12 02a57900o0352c 0xc00800
57904.294459 20.009244      NaN  -24    12 c    0   0.97 197.6278 -1.31086  1790.47 6855.65 2.48 2.30   6.2 -0.464    19.38 20.65 02a57904o0065c 0xc00900
58082.637347 19.696897      NaN   -1    16 c    0   1.11 197.6278 -1.31086  6741.79 6002.59 2.59 2.41  47.3 -0.443    18.91 20.33 02a58082o0933c 0xc00800
58082.645859 17.896499      NaN  -31    84 c    0   1.28 197.6278 -1.31086  6765.07 6041.50 2.47 2.33  46.5 -0.456    17.20 18.45 02a58082o0950c 0xc00800
58082.654591 17.518329      NaN   48   103 c    0   1.21 197.6278 -1.31086  6708.90 5966.57 2.57 2.42  50.0 -0.440    16.93 18.00 02a58082o0967c 0xc00800
58082.663624 16.753657      NaN  260   154 c    0   1.18 197.6278 -1.31086  6691.11 6084.65 2.66 2.51  48.4 -0.454    16.53 17.38 02a58082o0984c 0xc00800
58138.670660 19.922338      NaN    9    10 c    0   1.01 197.6278 -1.31086  6162.35 4180.06 2.62 2.49 -59.4 -0.411    19.46 20.86 02a58138o0005c 0xc00800
58138.680660 18.336727      NaN  -16    56 c    0   1.12 197.6278 -1.31086  6218.71 4254.65 2.66 2.39  45.5 -0.395    17.72 18.37 02a58138o0026c 0xc00800
58162.617527 20.449472      NaN    0     8 c    0   0.93 197.6278 -1.31086  3615.18 2388.08 2.59 2.38  47.4 -0.399    19.77 21.74 02a58162o0373c 0xc00800
58162.628194 20.207197      NaN    9     7 c    0   0.94 197.6278 -1.31086  3597.35 2349.05 2.57 2.33  46.5 -0.404    19.83 21.76 02a58162o0395c 0xc00800
58162.638374 19.894850      NaN   16     8 c    0   1.24 197.6278 -1.31086  3658.67 2425.63 2.56 2.34  46.8 -0.400    19.84 21.79 02a58162o0416c 0xc00900
58162.648992 20.761819      NaN   -2     6 c    0   1.24 197.6278 -1.31086  3679.69 2310.22 2.59 2.37  46.0 -0.400    19.85 21.77 02a58162o0438c 0xc00800
58226.484166 18.900000      NaN   16    28 c    0   1.21 197.6278 -1.31086  5334.36 1425.69 2.74 2.67 -89.0 -0.411    18.35 20.00 02a58226o0346c 0xc00800
58226.494690 19.256669      NaN  -43    24 c    0   1.31 197.6278 -1.31086  5316.17 1385.77 2.76 2.63  55.0 -0.404    18.51 20.10 02a58226o0368c 0xc00900
58226.505709 18.424171      NaN    8    49 c    0   1.08 197.6278 -1.31086  5374.05 1463.64 2.82 2.68  48.3 -0.405    17.94 19.47 02a58226o0391c 0xc00800
58226.516263 17.797727      NaN  -97    92 c    0   0.89 197.6278 -1.31086  5393.79 1345.59 2.82 2.70  52.7 -0.401    17.22 18.69 02a58226o0413c 0xc00800
58252.520896 19.922338      NaN    3    12 c    0   1.27 197.6278 -1.31086  4975.76 2651.06 2.60 2.47 -66.1 -0.395    19.33 20.88 02a58252o0587c 0xc00800
58254.417606 20.449472      NaN  -16     8 c    0   1.10 197.6278 -1.31086  6039.08 3352.42 2.54 2.43  82.4 -0.418    19.65 21.52 02a58254o0165c 0xc00800
58254.428733 20.103715      NaN    9     8 c    0   1.22 197.6278 -1.31086  6022.15 3312.02 2.59 2.51 -79.9 -0.414    19.60 21.43 02a58254o0188c 0xc00800
58254.440032 20.362567      NaN    2     8 c    0   1.21 197.6278 -1.31086  6082.05 3388.33 2.70 2.63  81.9 -0.411    19.58 21.44 02a58254o0211c 0xc00800
58254.451062 20.071303      NaN    7     9 c    0   1.43 197.6278 -1.31086  6102.52 3271.40 2.75 2.71  50.2 -0.410    19.46 21.37 02a58254o0234c 0xc00800
58286.358522 20.449472      NaN    0     8 c    0   1.39 197.6278 -1.31086  5042.29 2239.33 2.60 2.50 -82.2 -0.406    19.70 21.47 02a58286o0251c 0xc00800
58286.369215 20.594452      NaN  -16     7 c    0   1.32 197.6278 -1.31086  5024.09 2200.24 2.58 2.48 -87.0 -0.404    19.66 21.45 02a58286o0274c 0xc00800
58286.380012 20.449472      NaN   -1     8 c    0   1.02 197.6278 -1.31086  5082.53 2277.75 2.57 2.49 -83.7 -0.401    19.64 21.42 02a58286o0297c 0xc00800
58286.390851 20.449472      NaN   -3     8 c    0   1.36 197.6278 -1.31086  5104.26 2161.31 2.53 2.45 -86.6 -0.406    19.62 21.39 02a58286o0320c 0xc00800
58310.308274 20.207197      NaN  -12    10 c    0   1.35 197.6278 -1.31086  4760.55 2541.99 2.72 2.56 -70.0 -0.397    19.53 21.29 02a58310o0141c 0xc00800
58310.319228 20.207197      NaN    0    10 c    0   0.98 197.6278 -1.31086  4741.56 2502.54 2.70 2.51 -70.4 -0.390    19.56 21.26 02a58310o0164c 0xc00800
58310.330183 19.979496      NaN    4    11 c    0   1.52 197.6278 -1.31086  4801.39 2579.31 2.87 2.58 -63.3 -0.383    19.46 21.19 02a58310o0187c 0xc00800
58310.341067 19.922338      NaN    6    11 c    0   1.10 197.6278 -1.31086  4824.19 2460.42 2.74 2.60 -69.0 -0.391    19.46 21.11 02a58310o0210c 0xc00800
58334.266014 17.762888      NaN -118    95 c    0   1.06 197.6278 -1.31086  3574.01 2182.25 3.05 2.77 -72.6 -0.371    16.89 18.25 02a58334o0015c 0xc00800
58338.248561 19.256669      NaN   -6    24 c    0   1.11 197.6278 -1.31086  3496.93 4160.42 2.90 2.62 -57.3 -0.382    18.61 19.80 02a58338o0035c 0xc00800
58338.256267 19.766969      NaN    9    12 c    0   1.26 197.6278 -1.31086  3478.49 4120.91 2.75 2.39 -60.0 -0.368    19.24 20.62 02a58338o0051c 0xc00800
58338.266737 19.894850      NaN    4    12 c    0   1.11 197.6278 -1.31086  3537.28 4197.83 2.84 2.54 -56.5 -0.377    19.24 20.78 02a58338o0073c 0xc00800
58338.277068 19.631075      NaN   12    13 c    0   0.89 197.6278 -1.31086  3557.71 4081.13 2.82 2.48 -61.7 -0.378    19.22 20.71 02a58338o0095c 0xc00800
58342.242637 18.675237      NaN   12    37 c    0   1.51 197.6278 -1.31086  3443.46 1369.60 2.92 2.55 -70.6 -0.370    17.95 19.04 02a58342o0027c 0xc00800
58342.248378 19.287255      NaN   10    20 c    0   1.21 197.6278 -1.31086  3423.36 1328.38 3.48 3.03 -83.8 -0.376    18.62 20.10 02a58342o0039c 0xc00800
58342.256868 19.510313      NaN   15    14 c    0   1.17 197.6278 -1.31086  3481.00 1404.26 3.08 2.71 -76.1 -0.378    19.12 20.72 02a58342o0057c 0xc00800
58342.267604 19.922338      NaN   -7    13 c    0   1.39 197.6278 -1.31086  3500.97 1283.88 2.84 2.60 -89.6 -0.399    19.20 20.75 02a58342o0080c 0xc00800
58486.635422 19.609992      NaN   22    10 c    0   1.46 197.6278 -1.31086 10425.80 5872.61 2.65 2.58  65.5 -0.439    19.61 21.43 02a58486o0930c 0xc00800
58486.644238 20.321591      NaN  -13     9 c    0   1.21 197.6278 -1.31086   712.80 5861.08 2.43 2.33 -20.5 -0.416    19.60 21.39 02a58486o0949c 0xc00800
58486.646982 20.137125      NaN    2    10 c    0   0.92 197.6278 -1.31086 10443.88 5913.08 2.67 2.56  79.0 -0.443    19.62 21.43 02a58486o0955c 0xc00800
58486.652602 19.922338      NaN   12     9 c    0   1.12 197.6278 -1.31086 10384.79 5835.61 2.59 2.52  86.2 -0.445    19.58 21.40 02a58486o0967c 0xc00900
58486.654211 19.922338      NaN    6    11 c    0   1.12 197.6278 -1.31086   733.98 5900.34 2.41 2.37  -3.8 -0.426    19.59 21.35 02a58486o0970c 0xc00800
58486.661522 20.071303      NaN   10     8 c    0   1.38 197.6278 -1.31086 10364.12 5955.02 2.66 2.57  78.9 -0.449    19.53 21.24 02a58486o0985c 0xc00800
58486.662516 20.207197      NaN  -13    10 c    0   1.02 197.6278 -1.31086   674.41 5823.44 2.42 2.38 -19.2 -0.410    19.54 21.14 02a58486o0987c 0xc00900
58486.671379 17.341877      NaN -234   140 c    0   0.32 197.6278 -1.31086   654.03 5942.04 2.43 2.37   0.2 -0.421    18.81 19.82 02a58486o1005c 0xc00800
58494.600111 19.894850      NaN   16     8 c    0   1.65 197.6278 -1.31086 10440.18 1981.65 2.72 2.54  59.7 -0.437    19.63 21.54 02a58494o0837c 0xc00900
58494.608244 19.894850      NaN   10    10 c    0   1.13 197.6278 -1.31086 10457.58 2021.24 2.70 2.55  73.1 -0.428    19.58 21.53 02a58494o0854c 0xc00800
58494.609685 20.321591      NaN   -4     9 c    0   1.27 197.6278 -1.31086   705.94 1976.33 2.46 2.32  48.4 -0.462    19.60 21.48 02a58494o0857c 0xc00800
58494.616406 20.171596      NaN    1    10 c    0   0.84 197.6278 -1.31086 10399.32 1945.25 2.70 2.55  78.2 -0.425    19.60 21.52 02a58494o0871c 0xc00800
58494.617889 20.103715      NaN    3    10 c    0   0.88 197.6278 -1.31086   723.58 2015.58 2.49 2.37  46.4 -0.452    19.59 21.49 02a58494o0874c 0xc00800
58494.624551 20.137125      NaN    2    10 c    0   1.23 197.6278 -1.31086 10378.04 2063.95 2.71 2.55  78.7 -0.433    19.63 21.53 02a58494o0888c 0xc00800
58494.626047 20.321591      NaN  -18     9 c    0   1.58 197.6278 -1.31086   663.74 1938.45 2.46 2.34  43.3 -0.453    19.63 21.47 02a58494o0891c 0xc00800
58494.634213 20.071303      NaN    7     9 c    0   1.68 197.6278 -1.31086   644.78 2056.13 2.48 2.37  50.4 -0.446    19.62 21.45 02a58494o0908c 0xc00800
58518.590147 20.449472      NaN   -5     8 c    0   1.01 197.6278 -1.31086  2653.91 3928.35 2.44 2.25  35.0 -0.431    19.82 21.77 02a58518o0775c 0xc00800
58518.600420 20.282105      NaN    4     8 c    0   1.21 197.6278 -1.31086  7922.70 6584.90 2.44 2.39 -24.2 -0.445    19.80 21.76 02a58518o0793c 0xc00800
58518.610313 20.594452      NaN   -8     7 c    0   1.25 197.6278 -1.31086  2618.96 3889.81 2.45 2.29  41.0 -0.425    19.82 21.78 02a58518o0810c 0xc00800
58518.619894 20.362567      NaN    2     8 c    0   0.84 197.6278 -1.31086  2600.43 4009.97 2.44 2.28  42.1 -0.431    19.78 21.78 02a58518o0828c 0xc00800
58578.468673 20.039830      NaN   11     8 c    0   1.26 197.6278 -1.31086  2113.23 6628.30 2.48 2.33  38.7 -0.405    19.68 21.62 02a58578o0528c 0xc00800
58578.478068 19.950541      NaN   11     9 c    0   0.91 197.6278 -1.31086  2092.42 6590.15 2.49 2.35  49.4 -0.404    19.66 21.60 02a58578o0547c 0xc00800
58578.487497 19.472870      NaN   29    10 c    0   1.44 197.6278 -1.31086  2149.24 6668.48 2.52 2.37  50.9 -0.395    19.67 21.57 02a58578o0566c 0xc00800
58578.496907 20.103715      NaN    3    10 c    0   0.94 197.6278 -1.31086  2169.82 6553.43 2.45 2.39  72.3 -0.403    19.69 21.54 02a58578o0585c 0xc00800
58582.466835 20.207197      NaN    3     9 c    0   1.20 197.6278 -1.31086  7928.40 2759.35 2.62 2.42 -59.8 -0.398    19.58 21.50 02a58582o0520c 0xc00800
58582.476509 20.321591      NaN  -17     9 c    0   1.31 197.6278 -1.31086  7906.87 2720.88 2.62 2.35 -57.1 -0.404    19.61 21.50 02a58582o0539c 0xc00800
58582.485930 19.609992      NaN   22    10 c    0   1.01 197.6278 -1.31086  7964.01 2800.08 2.74 2.41 -54.3 -0.396    19.55 21.46 02a58582o0558c 0xc00800
58582.496230 20.449472      NaN   -9     8 c    0   1.16 197.6278 -1.31086  7983.48 2684.70 2.72 2.41 -55.8 -0.399    19.59 21.47 02a58582o0577c 0xc00800
58610.422577 20.405150      NaN    1     8 c    0   1.46 197.6278 -1.31086  4048.14 2768.03 2.40 2.28  63.3 -0.416    19.78 21.56 02a58610o0379c 0xc00800
58610.431624 20.449472      NaN   -8     8 c    0   1.37 197.6278 -1.31086  4029.82 2729.11 2.40 2.28  65.4 -0.406    19.80 21.53 02a58610o0398c 0xc00800
58610.440679 20.449472      NaN   -4     8 c    0   1.28 197.6278 -1.31086  4089.23 2807.20 2.41 2.30  66.4 -0.411    19.75 21.52 02a58610o0417c 0xc00800
58610.449730 20.594452      NaN    0     7 c    0   1.90 197.6278 -1.31086  4109.59 2690.78 2.40 2.32  68.6 -0.404    19.74 21.49 02a58610o0436c 0xc00900
58634.336652 19.868040      NaN   14     9 c    0   1.17 197.6278 -1.31086 10095.30 7135.43 2.69 2.58 -79.1 -0.407    19.77 21.59 02a58634o0228c 0xc00900
58634.339482 19.922338      NaN    9    10 c    0   0.91 197.6278 -1.31086 10075.26 7096.40 2.68 2.62 -83.1 -0.409    19.76 21.59 02a58634o0234c 0xc00900
58634.344608 20.207197      NaN    0    10 c    0   1.06 197.6278 -1.31086 10134.04 7175.31 2.73 2.59 -68.8 -0.405    19.73 21.57 02a58634o0245c 0xc00800
58634.357113 20.103715      NaN    3    10 c    0   1.21 197.6278 -1.31086 10153.83 7059.35 2.65 2.59  88.2 -0.407    19.76 21.59 02a58634o0272c 0xc00800
58642.317392 20.207197      NaN  -17    10 c    0   1.30 197.6278 -1.31086  1908.29 7025.27 2.54 2.41 -60.2 -0.433    19.50 21.10 02a58642o0184c 0xc00800
58642.320719 20.244005      NaN    2     9 c    0   1.39 197.6278 -1.31086  1889.00 6986.57 2.38 2.28 -59.7 -0.425    19.54 21.10 02a58642o0191c 0xc00800
58642.327304 20.171596      NaN    4     9 c    0   1.29 197.6278 -1.31086  1946.80 7064.90 2.37 2.29 -71.3 -0.418    19.56 21.11 02a58642o0205c 0xc00800
58642.339960 19.631075      NaN   18    11 c    0   0.71 197.6278 -1.31086  1970.67 6948.19 2.32 2.27 -75.7 -0.417    19.56 21.11 02a58642o0232c 0xc00800
58666.275544 19.549093      NaN   22    11 c    0   1.01 197.6278 -1.31086  3952.50 8875.22 2.70 2.44  57.6 -0.388    19.61 21.23 02a58666o0084c 0xc00800
58666.278297 19.766969      NaN    9    12 c    0   1.02 197.6278 -1.31086  3932.94 8836.48 2.74 2.37  57.6 -0.382    19.63 21.22 02a58666o0090c 0xc00800
58666.285378 20.103715      NaN   -7    11 c    0   0.87 197.6278 -1.31086  3989.73 8913.78 2.81 2.45  55.2 -0.376    19.53 21.20 02a58666o0105c 0xc00800
58666.296568 20.207197      NaN    0    10 c    0   1.27 197.6278 -1.31086  4009.01 8797.70 2.63 2.39  66.4 -0.394    19.59 21.22 02a58666o0129c 0xc00800
58706.243328 15.152158      NaN -824  1052 c    0   1.11 197.6278 -1.31086  6207.90 7328.11 3.62 2.70  41.9 -0.377    14.73 15.54 02a58706o0039c 0xc00802
58706.246569 14.184478      NaN 1203  2164 c    0   1.38 197.6278 -1.31086  6187.31 7290.91 3.69 2.79  40.2 -0.328    14.49 15.40 02a58706o0046c 0xc00802
58706.252074 17.185646      NaN   41   148 c    0   1.19 197.6278 -1.31086  6246.26 7367.30 3.35 2.59  44.3 -0.371    16.92 17.76 02a58706o0058c 0xc00800
58706.263202 14.154010      NaN -393  2638 c    0   1.37 197.6278 -1.31086  6265.40 7250.37 3.23 2.63  42.2 -0.432    13.90 14.64 02a58706o0082c 0xc00802
58846.550533 19.318728      NaN   23    15 c    0   0.86 197.6278 -1.31086  8654.86 3530.81 3.64 3.55  19.4 -0.365    19.16 21.32 02a58846o0768c 0xc00900
58846.552380 19.950541      NaN    5    11 c    0   1.02 197.6278 -1.31086  8674.09 3569.22 3.35 3.26  -5.3 -0.368    19.28 21.33 02a58846o0772c 0xc00800
58846.559637 19.454622      NaN   18    14 c    0   0.87 197.6278 -1.31086  8619.08 3487.67 3.67 3.42 -54.0 -0.363    19.23 21.33 02a58846o0787c 0xc00800
58846.571799 19.816329      NaN    1    14 c    0   1.01 197.6278 -1.31086  8598.53 3606.03 3.43 3.31  16.4 -0.371    19.26 21.35 02a58846o0812c 0xc00800
58874.618476 20.405150      NaN    4     7 c    0   1.17 197.6278 -1.31086  6830.63 5566.57 2.40 2.31 -60.7 -0.414    19.79 21.78 02a58874o0888c 0xc00800
58874.622385 19.894850      NaN   13     9 c    0   0.94 197.6278 -1.31086  6847.40 5609.85 2.43 2.36  32.2 -0.406    19.78 21.78 02a58874o0896c 0xc00800
58874.633143 19.816329      NaN   19     8 c    0   1.57 197.6278 -1.31086  6790.61 5534.47 2.46 2.44  64.6 -0.407    19.78 21.78 02a58874o0918c 0xc00900
58874.638103 20.071303      NaN   10     8 c    0   1.26 197.6278 -1.31086  3805.54 4911.71 2.36 2.32  53.9 -0.412    19.80 21.76 02a58874o0928c 0xc00800
58878.509737 20.071303      NaN    7     9 c    0   1.07 197.6278 -1.31086  6810.56 5562.54 2.73 2.31  38.4 -0.392    19.65 21.46 02a58878o0660c 0xc00900
58878.513147 20.103715      NaN   -1    11 c    0   0.92 197.6278 -1.31086  6833.24 5601.58 2.57 2.37  42.9 -0.399    19.64 21.47 02a58878o0667c 0xc00800
58878.518292 20.137125      NaN    8     8 c    0   1.47 197.6278 -1.31086  6773.31 5523.73 2.75 2.34  36.8 -0.391    19.62 21.45 02a58878o0678c 0xc00800
58878.530485 19.510313      NaN    6    17 c    0   1.22 197.6278 -1.31086  6754.89 5640.73 3.20 2.42  35.8 -0.370    18.95 20.83 02a58878o0704c 0xc00800
58882.577464 19.950541      NaN    8    10 c    0   0.65 197.6278 -1.31086   926.67 7993.67 2.53 2.05 -52.3 -0.455    19.73 21.62 02a58882o0733c 0xc00900
58882.580787 20.103715      NaN    6     9 c    0   1.07 197.6278 -1.31086   946.76 8033.38 2.58 2.07 -52.7 -0.455    19.72 21.63 02a58882o0740c 0xc00800
58882.586808 20.103715      NaN   -1    11 c    0   0.86 197.6278 -1.31086   888.79 7955.76 2.53 2.04 -52.9 -0.451    19.75 21.63 02a58882o0753c 0xc00800
58882.596972 20.009244      NaN    3    11 c    0   0.89 197.6278 -1.31086   870.10 8073.87 2.66 2.13 -52.8 -0.450    19.70 21.62 02a58882o0775c 0xc00800
58902.545270 20.009244      NaN   -8    12 c    0   0.96 197.6278 -1.31086  4178.24 9543.98 2.61 2.33 -50.3 -0.409    19.76 21.62 02a58902o0707c 0xc00800
58902.548381 20.009244      NaN    0    12 c    0   0.80 197.6278 -1.31086  4195.86 9588.63 2.66 2.28 -50.7 -0.418    19.74 21.62 02a58902o0713c 0xc00800
58902.555608 20.103715      NaN   -2    11 c    0   1.02 197.6278 -1.31086  4139.26 9511.45 2.73 2.38 -47.3 -0.418    19.70 21.61 02a58902o0728c 0xc00800
58902.565671 20.039830      NaN    2    11 c    0   1.38 197.6278 -1.31086  4122.29 9629.61 2.87 2.48 -48.1 -0.406    19.65 21.60 02a58902o0748c 0xc00800
58930.515545 18.317510      NaN  -79    57 c    0   0.93 197.6278 -1.31086  7680.09 2670.70 2.52 2.23 -59.2 -0.392    17.70 19.35 02a58930o0577c 0xc00900
58930.519143 18.796518      NaN   26    28 c    0   0.71 197.6278 -1.31086  7659.30 2633.94 2.43 2.21 -61.4 -0.398    18.43 20.03 02a58930o0584c 0xc00900
58930.524855 19.631075      NaN    6    15 c    0   1.42 197.6278 -1.31086  7718.89 2711.64 2.49 2.22 -58.8 -0.394    18.89 20.58 02a58930o0596c 0xc00800
58930.538194 19.766969      NaN    0    15 c    0   1.26 197.6278 -1.31086  7739.13 2599.99 2.48 2.26 -60.9 -0.393    19.06 20.72 02a58930o0624c 0xc00800
58934.459045 17.657676      NaN   29    95 c    0   1.06 197.6278 -1.31086  2887.73 7885.92 2.75 2.50 -48.0 -0.387    17.35 19.14 02a58934o0506c 0xc00800
58934.471871 17.389435      NaN  -52   134 c    0   0.96 197.6278 -1.31086  2848.20 7847.73 2.83 2.54 -48.1 -0.390    16.89 18.64 02a58934o0532c 0xc00800
58934.478188 18.459772      NaN   42    36 c    0   1.28 197.6278 -1.31086  7743.51 2592.75 3.04 2.81 -63.8 -0.373    18.14 20.08 02a58934o0545c 0xc00800
58958.400089 19.894850      NaN   10    10 c    0   1.02 197.6278 -1.31086  6088.08 5381.29 2.78 2.35  40.5 -0.391    19.63 21.41 02a58958o0377c 0xc00800
58958.403831 19.719755      NaN   17    10 c    0   0.94 197.6278 -1.31086  6069.19 5341.82 2.77 2.33  39.6 -0.388    19.66 21.41 02a58958o0385c 0xc00800
58958.409402 20.137125      NaN    5     9 c    0   0.99 197.6278 -1.31086  6127.98 5421.38 2.80 2.35  40.4 -0.390    19.64 21.41 02a58958o0397c 0xc00800
58958.422434 20.103715      NaN    9     8 c    0   1.44 197.6278 -1.31086  6146.43 5306.07 2.70 2.32  42.6 -0.392    19.67 21.41 02a58958o0423c 0xc00800
58962.428805 17.967720      NaN   74    54 c    0   1.40 197.6278 -1.31086   111.86  793.26 2.49 2.26 -66.8 -0.425    17.66 19.25 02a58962o0420c 0xc00900
58962.431606 16.821926      NaN   78   200 c    0   1.50 197.6278 -1.31086    93.57  754.64 2.48 2.26 -71.2 -0.413    16.54 18.04 02a58962o0426c 0xc00802
58962.433046 17.245468      NaN -177   153 c    0   1.07 197.6278 -1.31086 10297.30  803.50 2.70 2.16 -54.5 -0.355    16.95 18.47 02a58962o0429c 0xc00800
58962.436388 17.623637      NaN  -12   108 c    0   1.43 197.6278 -1.31086 10277.11  767.02 2.60 2.16 -54.8 -0.350    17.15 18.69 02a58962o0436c 0xc00800
58962.437304 17.740268      NaN  -68    97 c    0   0.95 197.6278 -1.31086   152.85  832.38 2.51 2.28 -69.5 -0.412    17.15 18.70 02a58962o0438c 0xc00800
58962.441918 16.912039      NaN  204   140 c    0   1.38 197.6278 -1.31086 10336.15  847.05 2.67 2.17 -54.0 -0.358    16.90 18.39 02a58962o0448c 0xc00800
58962.447939 18.336727      NaN  -55    56 c    0   1.04 197.6278 -1.31086   172.90  716.13 2.43 2.21 -68.8 -0.419    17.55 19.05 02a58962o0461c 0xc00800
58962.453563 19.256669      NaN  -26    24 c    0   1.58 197.6278 -1.31086 10356.72  730.83 2.66 2.12 -53.7 -0.438    19.02 20.63 02a58962o0473c 0xc00800
58966.394658 20.449472      NaN  -13     8 c    0   1.39 197.6278 -1.31086   115.29  790.69 2.69 2.27 -54.2 -0.412    19.72 21.54 02a58966o0361c 0xc00800
58966.397857 20.009244      NaN    9     9 c    0   1.37 197.6278 -1.31086    96.78  751.86 2.79 2.30 -56.6 -0.408    19.73 21.54 02a58966o0368c 0xc00800
58966.404323 20.137125      NaN    2    10 c    0   0.88 197.6278 -1.31086   156.97  830.09 2.76 2.28 -54.6 -0.426    19.69 21.51 02a58966o0382c 0xc00800
58966.407077 19.766969      NaN    3    14 c    0   0.75 197.6278 -1.31086 10299.84  803.11 2.77 2.14 -56.0 -0.439    19.73 21.53 02a58966o0388c 0xc00800
58966.410300 20.071303      NaN    1    11 c    0   1.21 197.6278 -1.31086 10280.26  765.80 2.71 2.14 -55.7 -0.433    19.70 21.51 02a58966o0395c 0xc00800
58966.415848 20.321591      NaN    0     9 c    0   1.17 197.6278 -1.31086   172.88  712.30 2.50 2.27 -66.1 -0.431    19.71 21.48 02a58966o0407c 0xc00800
58966.416316 20.009244      NaN  -26    12 c    0   1.23 197.6278 -1.31086 10337.16  841.14 2.78 2.18 -56.4 -0.427    19.69 21.50 02a58966o0408c 0xc00800
58966.451740 20.103715      NaN   -2    11 c    0   0.94 197.6278 -1.31086 10354.94  727.27 2.62 2.15 -54.7 -0.425    19.64 21.47 02a58966o0484c 0xc00800
58982.368870 20.321591      NaN   -4     9 c    0   0.91 197.6278 -1.31086  4028.30  624.18 2.64 2.24 -58.5 -0.419    19.74 21.72 02a58982o0277c 0xc00800
58982.374335 20.009244      NaN    6    10 c    0   1.10 197.6278 -1.31086  4010.32  582.31 2.59 2.23 -57.2 -0.420    19.75 21.71 02a58982o0288c 0xc00800
58982.378020 20.321591      NaN  -17     9 c    0   0.88 197.6278 -1.31086  4067.58  660.24 2.53 2.21 -60.1 -0.421    19.76 21.71 02a58982o0296c 0xc00800
58982.392635 19.894850      NaN   13     9 c    0   0.97 197.6278 -1.31086  4089.98  544.61 2.53 2.23 -61.7 -0.421    19.72 21.70 02a58982o0327c 0xc00800
58986.383169 20.449472      NaN  -10     8 c    0   1.69 197.6278 -1.31086  8120.87 7224.80 2.74 2.60  77.2 -0.391    19.71 21.62 02a58986o0327c 0xc00800
58986.386372 20.207197      NaN   -4    10 c    0   1.22 197.6278 -1.31086  8101.61 7184.88 2.76 2.64  83.0 -0.388    19.64 21.63 02a58986o0334c 0xc00800
58986.391971 20.449472      NaN  -14     8 c    0   1.17 197.6278 -1.31086  8160.86 7264.21 2.59 2.50  83.5 -0.399    19.75 21.64 02a58986o0346c 0xc00800
58986.406703 20.207197      NaN  -13    10 c    0   0.68 197.6278 -1.31086  8178.32 7144.96 2.71 2.57 -79.9 -0.391    19.71 21.60 02a58986o0378c 0xc00800
58990.345134 20.449472      NaN   -1     8 c    0   1.51 197.6278 -1.31086  8125.62 7218.76 2.65 2.50  57.4 -0.398    19.74 21.60 02a58990o0241c 0xc00800
58990.348336 20.321591      NaN   -8     9 c    0   1.24 197.6278 -1.31086  8106.94 7179.76 2.70 2.55  53.1 -0.395    19.73 21.60 02a58990o0248c 0xc00800
58990.355683 19.979496      NaN   10     9 c    0   1.27 197.6278 -1.31086  8165.71 7258.51 2.65 2.53  65.2 -0.395    19.73 21.60 02a58990o0264c 0xc00800
58990.369130 20.321591      NaN  -13     9 c    0   1.12 197.6278 -1.31086  8186.67 7143.06 2.69 2.49  53.4 -0.392    19.71 21.59 02a58990o0293c 0xc00800
58994.350528 20.282105      NaN    1     9 c    0   0.92 197.6278 -1.31086  3810.52 2858.40 2.48 2.39 -80.2 -0.398    19.65 21.44 02a58994o0246c 0xc00800
58994.356055 20.103715      NaN    6     9 c    0   0.93 197.6278 -1.31086  3791.95 2818.57 2.44 2.34 -83.2 -0.398    19.69 21.44 02a58994o0258c 0xc00800
58994.362056 19.868040      NaN   14     9 c    0   1.02 197.6278 -1.31086  3850.59 2898.92 2.42 2.33  77.7 -0.403    19.66 21.44 02a58994o0271c 0xc00800
58994.379112 20.449472      NaN  -16     8 c    0   1.10 197.6278 -1.31086  3873.29 2780.19 2.53 2.45  83.7 -0.392    19.62 21.43 02a58994o0308c 0xc00800
59022.290819 20.321591      NaN    0     9 c    0   1.17 197.6278 -1.31086  1806.22 5079.58 2.39 2.30  62.9 -0.415    19.72 21.49 02a59022o0103c 0xc00800
59022.294062 20.449472      NaN    0     8 c    0   1.57 197.6278 -1.31086  1786.62 5039.58 2.41 2.37  88.4 -0.410    19.68 21.50 02a59022o0110c 0xc00800
59022.300483 20.321591      NaN   -7     9 c    0   1.34 197.6278 -1.31086  1845.49 5117.63 2.41 2.33  71.7 -0.413    19.72 21.52 02a59022o0124c 0xc00800
59022.310647 20.321591      NaN  -11     9 c    0   1.22 197.6278 -1.31086  1865.30 5002.58 2.44 2.39 -87.9 -0.414    19.66 21.52 02a59022o0146c 0xc00800
59042.295882 19.922338      NaN    9    10 c    0   1.29 197.6278 -1.31086  1896.16 7026.25 2.35 2.26  52.2 -0.398    19.51 21.13 02a59042o0114c 0xc00800
59042.299099 20.244005      NaN    2     9 c    0   1.53 197.6278 -1.31086  1878.40 6987.36 2.33 2.26  74.7 -0.403    19.54 21.14 02a59042o0121c 0xc00800
59042.304637 20.103715      NaN   -2    11 c    0   1.14 197.6278 -1.31086  1935.25 7066.15 2.46 2.29  52.1 -0.389    19.48 21.13 02a59042o0133c 0xc00800
59042.317065 20.207197      NaN   -8    10 c    0   1.25 197.6278 -1.31086  1958.69 6947.82 2.36 2.35  72.7 -0.401    19.42 21.06 02a59042o0160c 0xc00800
59050.264279 20.103715      NaN    0    11 c    0   1.03 197.6278 -1.31086  8350.46  920.85 2.55 2.26 -56.5 -0.402    19.51 21.18 02a59050o0049c 0xc00800
59050.267948 19.791368      NaN    8    12 c    0   1.28 197.6278 -1.31086  8331.52  883.78 2.65 2.38 -58.4 -0.391    19.49 21.25 02a59050o0057c 0xc00800
59050.273437 19.589310      NaN   23    10 c    0   1.44 197.6278 -1.31086  8388.33  962.31 2.67 2.43 -52.9 -0.389    19.48 21.27 02a59050o0069c 0xc00900
59050.284506 20.009244      NaN  -14    12 c    0   1.03 197.6278 -1.31086  8410.30  842.13 2.69 2.33 -53.5 -0.393    19.49 21.22 02a59050o0093c 0xc00900
59074.241415 18.261819      NaN    0    60 c    0   1.32 197.6278 -1.31086  3752.67 5002.97 2.68 2.37  46.7 -0.385    17.48 18.70 02a59074o0022c 0xc00800
59074.244616 19.014394      NaN  -42    30 c    0   1.14 197.6278 -1.31086  3733.03 4963.19 2.67 2.38  44.8 -0.375    18.19 19.40 02a59074o0029c 0xc00800
59074.250581 19.631075      NaN  -19    17 c    0   1.28 197.6278 -1.31086  3791.40 5038.93 2.66 2.39  47.8 -0.371    18.89 20.24 02a59074o0042c 0xc00800
59074.261161 19.549093      NaN    4    17 c    0   1.11 197.6278 -1.31086  3810.69 4922.55 2.44 2.38  45.3 -0.390    19.13 20.52 02a59074o0065c 0xc00800
59198.608686 18.944322      NaN  -16    32 c    0   1.31 197.6278 -1.31086  6746.73 7695.74 2.67 2.53  34.7 -0.400    18.44 19.97 02a59198o0917c 0xc00800
59198.611887 19.128787      NaN    0    27 c    0   0.86 197.6278 -1.31086  6766.01 7734.70 2.72 2.55  37.0 -0.405    18.49 20.05 02a59198o0924c 0xc00800
59198.619718 18.900000      NaN   40    20 c    0   0.89 197.6278 -1.31086  6707.47 7657.12 2.68 2.50  31.6 -0.399    19.02 20.55 02a59198o0941c 0xc00900
59198.634414 18.878500      NaN    0    34 c    0   1.22 197.6278 -1.31086  6688.64 7772.87 2.63 2.48  36.7 -0.396    18.63 20.16 02a59198o0973c 0xc00800
59204.642127 20.449472      NaN  -21     8 c    0   1.07 197.6278 -1.31086  6212.31 7315.01 2.62 2.40  -5.1 -0.354    19.58 21.22 01a59204o0908c 0xc00900
59204.646310 20.321591      NaN   -7     9 c    0   1.15 197.6278 -1.31086  6193.49 7276.68 2.53 2.36 -15.1 -0.357    19.58 21.21 01a59204o0917c 0xc00800
59204.653761 20.207197      NaN  -18    10 c    0   0.78 197.6278 -1.31086  6252.71 7354.90 2.53 2.41 -20.2 -0.356    19.56 21.13 01a59204o0933c 0xc00800
59204.662529 19.841877      NaN  -10    14 c    0   1.13 197.6278 -1.31086  6271.33 7237.35 2.94 2.40  -6.0 -0.383    19.10 20.29 01a59204o0952c 0xc00800
59206.602116 20.071303      NaN    1    11 c    0   1.13 197.6278 -1.31086  4815.32 7790.49 2.57 2.44  36.5 -0.401    19.52 21.17 02a59206o0879c 0xc00800
59206.605337 19.950541      NaN    8    10 c    0   1.13 197.6278 -1.31086  4835.22 7829.05 2.44 2.39  33.2 -0.413    19.57 21.17 02a59206o0886c 0xc00800
59206.611757 20.207197      NaN   -3    10 c    0   0.96 197.6278 -1.31086  4777.61 7751.04 2.48 2.37  37.6 -0.409    19.59 21.17 02a59206o0900c 0xc00800
59206.621578 20.207197      NaN   -2    10 c    0   1.15 197.6278 -1.31086  4757.93 7867.61 2.61 2.45  33.7 -0.400    19.57 21.21 02a59206o0921c 0xc00800
59208.638605 19.652575      NaN   17    11 c    0   0.75 197.6278 -1.31086  1889.11 2960.35 2.51 2.39   7.4 -0.377    19.64 21.34 01a59208o0941c 0xc00800
59208.646015 20.207197      NaN    6     8 c    0   1.34 197.6278 -1.31086  1869.01 2921.66 2.47 2.33   8.7 -0.383    19.64 21.34 01a59208o0957c 0xc00800
59208.657886 19.868040      NaN    8    11 c    0   0.89 197.6278 -1.31086  1928.24 3002.58 2.79 2.48   2.2 -0.364    19.42 21.09 01a59208o0982c 0xc00800
59208.661853 20.009244      NaN   -2    12 c    0   0.92 197.6278 -1.31086  1948.36 2884.33 2.55 2.45   2.6 -0.376    19.33 20.63 01a59208o0990c 0xc00800
59224.603377 20.495680      NaN    2     7 c    0   2.18 197.6278 -1.31086  7696.63 2663.49 2.46 2.34 -54.1 -0.385    19.78 21.53 01a59224o0818c 0xc00800
59224.608920 20.282105      NaN    4     8 c    0   0.94 197.6278 -1.31086  7676.57 2625.92 2.57 2.49  -7.3 -0.375    19.72 21.52 01a59224o0830c 0xc00800
59224.619066 20.207197      NaN   -2    10 c    0   1.02 197.6278 -1.31086  7735.44 2703.94 2.70 2.48 -22.1 -0.386    19.71 21.56 01a59224o0852c 0xc00800
59224.625515 20.207197      NaN  -18    10 c    0   1.00 197.6278 -1.31086  7754.86 2587.73 2.89 2.54   0.0 -0.355    19.67 21.57 01a59224o0866c 0xc00800
59226.605290 19.841877      NaN   -6    14 c    0   0.98 197.6278 -1.31086 10504.64 1445.21 2.71 2.13 -56.4 -0.416    19.76 21.60 02a59226o0888c 0xc00800
59226.607581 20.449472      NaN   -1     8 c    0   0.95 197.6278 -1.31086   372.06 1478.27 2.60 2.29 -60.2 -0.404    19.73 21.55 02a59226o0893c 0xc00800
59226.611642 20.103715      NaN    6     9 c    0   0.93 197.6278 -1.31086   389.69 1519.86 2.69 2.33 -60.9 -0.399    19.73 21.56 02a59226o0901c 0xc00800
59226.613928 19.922338      NaN  -10    13 c    0   0.83 197.6278 -1.31086 10482.87 1564.53 2.67 2.17 -56.7 -0.407    19.76 21.61 02a59226o0906c 0xc00800
59226.617157 20.321591      NaN   -6     9 c    0   1.15 197.6278 -1.31086   331.20 1439.64 2.73 2.43 -59.5 -0.404    19.69 21.56 02a59226o0913c 0xc00800
59226.630471 20.321591      NaN  -20     9 c    0   0.92 197.6278 -1.31086   315.22 1556.63 2.62 2.29 -60.4 -0.406    19.75 21.57 02a59226o0942c 0xc00800
59228.582065 20.449472      NaN  -11     8 c    0   1.28 197.6278 -1.31086  7692.19 2665.69 2.91 2.73 -45.8 -0.351    19.62 21.73 01a59228o0553c 0xc00800
59228.583909 20.449472      NaN   -5     8 c    0   1.23 197.6278 -1.31086  7673.15 2627.32 2.89 2.75 -57.5 -0.354    19.63 21.73 01a59228o0557c 0xc00800
59228.589296 20.321591      NaN   -1     9 c    0   1.01 197.6278 -1.31086  7734.15 2704.66 2.84 2.71 -65.7 -0.362    19.65 21.70 01a59228o0568c 0xc00800
59228.600403 20.321591      NaN   -7     9 c    0   1.00 197.6278 -1.31086  7756.73 2589.28 2.72 2.55 -42.4 -0.368    19.65 21.68 01a59228o0592c 0xc00800
59230.565494 19.841877      NaN  -23    14 c    0   1.44 197.6278 -1.31086 10503.41 1445.79 2.81 2.40 -53.8 -0.400    19.68 21.57 02a59230o0794c 0xc00800
59230.567784 20.449472      NaN   -7     8 c    0   0.99 197.6278 -1.31086   372.33 1481.89 2.54 2.35 -67.2 -0.403    19.66 21.55 02a59230o0799c 0xc00800
59230.570070 20.449472      NaN   -4     8 c    0   1.27 197.6278 -1.31086   391.85 1521.04 2.61 2.41 -64.0 -0.400    19.72 21.58 02a59230o0804c 0xc00800
59230.570528 19.743105      NaN   10    12 c    0   1.09 197.6278 -1.31086 10482.10 1564.09 2.69 2.30 -52.6 -0.401    19.70 21.63 02a59230o0805c 0xc00800
59230.572819 20.321591      NaN    3     8 c    0   1.24 197.6278 -1.31086   333.00 1443.02 2.58 2.35 -64.7 -0.406    19.68 21.60 02a59230o0810c 0xc00800
59230.582000 20.207197      NaN    6     8 c    0   1.13 197.6278 -1.31086   313.37 1560.92 2.59 2.45 -68.7 -0.396    19.63 21.59 02a59230o0830c 0xc00900
59232.567828 20.103715      NaN    3    10 c    0   1.23 197.6278 -1.31086  8248.71 9159.12 3.04 2.45 -81.5 -0.356    19.58 21.52 01a59232o0670c 0xc00800
59232.571652 19.791368      NaN   17     9 c    0   1.07 197.6278 -1.31086  8227.79 9119.86 3.05 2.33 -80.8 -0.361    19.59 21.52 01a59232o0677c 0xc00800
59232.597477 19.719755      NaN   20     9 c    0   1.00 197.6278 -1.31086  8292.74 9198.13 2.77 2.12 -82.3 -0.371    19.72 21.58 01a59232o0691c 0xc00900
59232.603009 20.207197      NaN  -16    10 c    0   0.97 197.6278 -1.31086  8310.70 9081.28 2.77 2.40 -78.0 -0.346    19.68 21.59 01a59232o0702c 0xc00800
59256.491716 20.207197      NaN  -10    10 c    0   0.97 197.6278 -1.31086 10288.25  795.07 2.96 2.70 -61.9 -0.317    19.69 21.84 01a59256o0617c 0xc00800
59256.505642 19.719755      NaN   23     8 c    0   1.53 197.6278 -1.31086 10269.61  754.49 2.93 2.69 -52.7 -0.307    19.77 21.84 01a59256o0647c 0xc00800
59256.530384 20.207197      NaN   -8    10 c    0   1.26 197.6278 -1.31086 10327.63  827.34 3.15 2.84 -63.4 -0.305    19.69 21.84 01a59256o0699c 0xc00800
59256.533295 20.207197      NaN  -14    10 c    0   1.06 197.6278 -1.31086 10349.15  710.91 3.20 2.86 -57.0 -0.304    19.69 21.93 01a59256o0705c 0xc00800
59256.539387 20.207197      NaN   -9    10 c    0   1.03 197.6278 -1.31086   113.80  802.69 2.72 2.48  47.8 -0.426    19.71 21.94 01a59256o0718c 0xc00800
59256.541226 20.103715      NaN   -8    11 c    0   1.17 197.6278 -1.31086    93.38  763.32 2.79 2.56  48.0 -0.412    19.72 21.94 01a59256o0722c 0xc00800
59256.543987 19.791368      NaN   14    10 c    0   0.94 197.6278 -1.31086   153.19  842.48 2.74 2.51  44.3 -0.412    19.72 21.95 01a59256o0728c 0xc00800
59256.551830 20.321591      NaN   -1     9 c    0   1.12 197.6278 -1.31086   171.97  725.67 2.80 2.58  43.3 -0.416    19.72 21.97 01a59256o0745c 0xc00800
59258.514181 20.321591      NaN  -20     9 c    0   1.19 197.6278 -1.31086  2540.54 5273.01 2.83 2.72  35.3 -0.392    19.56 21.58 02a59258o0643c 0xc00900
59258.516478 20.321591      NaN  -22     9 c    0   1.09 197.6278 -1.31086  2559.95 5313.09 2.74 2.56  39.5 -0.387    19.65 21.59 02a59258o0648c 0xc00900
59258.519713 19.950541      NaN   11     9 c    0   1.04 197.6278 -1.31086  2501.83 5235.71 2.71 2.60  36.8 -0.387    19.59 21.59 02a59258o0655c 0xc00800
59258.525210 20.137125      NaN    2    10 c    0   0.98 197.6278 -1.31086  2481.84 5350.95 2.88 2.72  40.1 -0.378    19.54 21.60 02a59258o0667c 0xc00800
59260.440614 20.103715      NaN  -12    11 c    0   1.22 197.6278 -1.31086 10293.82  800.87 3.35 3.02 -43.5 -0.293    19.58 21.51 01a59260o0400c 0xc00800
59260.442917 20.009244      NaN   -5    12 c    0   0.86 197.6278 -1.31086 10272.92  760.79 3.00 2.77 -58.6 -0.318    19.57 21.52 01a59260o0405c 0xc00800
59260.476874 19.979496      NaN    4    11 c    0   1.06 197.6278 -1.31086 10329.61  832.08 3.17 2.87 -65.6 -0.325    19.56 21.71 01a59260o0477c 0xc00900
59260.477333 19.922338      NaN  -10    13 c    0   0.79 197.6278 -1.31086   117.11  794.19 3.02 2.69  44.3 -0.396    19.62 21.74 01a59260o0478c 0xc00800
59260.484324 19.841877      NaN  -32    14 c    0   1.18 197.6278 -1.31086    95.36  758.13 2.95 2.67  44.7 -0.405    19.61 21.75 01a59260o0493c 0xc00900
59260.484782 19.549093      NaN   25    10 c    0   1.23 197.6278 -1.31086 10350.68  715.55 3.07 2.78 -63.3 -0.299    19.68 21.73 01a59260o0494c 0xc00800
59260.509400 19.979496      NaN    7    10 c    0   1.16 197.6278 -1.31086   155.38  833.01 2.92 2.54  45.0 -0.401    19.66 21.86 01a59260o0546c 0xc00800
59260.513575 20.137125      NaN    5     9 c    0   1.04 197.6278 -1.31086   175.07  721.92 2.99 2.66  40.3 -0.416    19.65 21.87 01a59260o0555c 0xc00800
59262.544368 20.207197      NaN   -8    10 c    0   0.81 197.6278 -1.31086  2550.29 5272.85 2.46 2.26  23.0 -0.400    19.66 21.46 02a59262o0718c 0xc00800
59262.546677 20.009244      NaN   -3    12 c    0   1.18 197.6278 -1.31086  2570.77 5311.02 2.43 2.27  26.0 -0.398    19.42 21.17 02a59262o0723c 0xc00800
59262.563359 20.449472      NaN    0     8 c    0   1.82 197.6278 -1.31086  2509.05 5236.10 2.48 2.32  22.1 -0.397    19.62 21.47 02a59262o0758c 0xc00800
59262.567020 20.449472      NaN  -21     8 c    0   1.16 197.6278 -1.31086  2490.20 5351.98 2.44 2.28  21.7 -0.399    19.77 21.62 02a59262o0766c 0xc00800
59264.500086 17.821591      NaN   99    57 c    0   0.83 197.6278 -1.31086  3846.28 6921.11 2.26 2.12 -58.0 -0.384    17.63 19.62 01a59264o0621c 0xc00900
59264.504692 18.094452      NaN   48    54 c    0   0.71 197.6278 -1.31086  3828.19 6885.80 2.34 2.20 -52.9 -0.370    17.64 19.59 01a59264o0631c 0xc00800
59264.510245 15.969953      NaN  232   418 c    0   1.33 197.6278 -1.31086  3886.58 6961.94 2.33 2.20 -52.3 -0.368    15.33 17.32 01a59264o0643c 0xc00802
59264.662305 19.922338      NaN   -3    13 c    0   0.96 197.6278 -1.31086  6645.83 3712.01 2.54 2.37  -8.3 -0.340    19.28 20.44 01a59264o0675c 0xc00800
59308.397562 19.841877      NaN   15     9 c    0   0.63 197.6278 -1.31086  2075.48  716.19 2.26 2.15  29.7 -0.408    19.91 21.53 01a59308o0179c 0xc00800
59308.400784 20.103715      NaN   12     7 c    0   1.59 197.6278 -1.31086  2055.16  676.47 2.16 2.04  27.3 -0.417    19.97 21.53 01a59308o0186c 0xc00900
59308.403549 20.449472      NaN   -4     8 c    0   0.94 197.6278 -1.31086  2114.51  755.84 2.17 2.02  31.3 -0.419    19.94 21.55 01a59308o0192c 0xc00800
59308.438472 20.405150      NaN    4     7 c    0   1.13 197.6278 -1.31086  8437.98 9930.90 2.38 2.19 -88.1 -0.359    19.95 21.55 01a59308o0266c 0xc00800
59312.395847 20.594452      NaN   -2     7 c    0   1.04 197.6278 -1.31086  1803.31 5086.93 2.21 2.07  89.4 -0.413    19.95 21.73 01a59312o0385c 0xc00800
59312.398149 20.761819      NaN  -11     6 c    0   1.26 197.6278 -1.31086  1784.81 5049.59 2.24 2.12 -85.7 -0.408    19.95 21.74 01a59312o0390c 0xc00800
59312.400914 20.703116      NaN    1     6 c    0   1.20 197.6278 -1.31086  1842.29 5125.63 2.26 2.12 -87.0 -0.410    19.92 21.71 01a59312o0396c 0xc00900
59312.430019 20.594452      NaN   -6     7 c    0   1.31 197.6278 -1.31086  8681.20 5554.37 2.45 2.28 -73.1 -0.400    19.99 21.69 01a59312o0458c 0xc00800
59338.452059 19.631075      NaN   18    11 c    0   1.54 197.6278 -1.31086  8231.71 9174.82 2.67 2.60 -68.7 -0.391    19.46 21.09 02a59338o0408c 0xc00900
59338.455720 20.009244      NaN   -4    12 c    0   1.25 197.6278 -1.31086  8210.80 9134.53 2.70 2.56  54.3 -0.387    19.39 21.03 02a59338o0416c 0xc00800
59338.461504 19.868040      NaN    2    13 c    0   1.20 197.6278 -1.31086  8275.15 9219.11 2.71 2.63 -73.8 -0.388    19.40 21.01 02a59338o0428c 0xc00800
59338.480239 19.979496      NaN    1    12 c    0   1.57 197.6278 -1.31086  8290.75 9096.70 2.64 2.59  55.8 -0.388    19.35 20.88 02a59338o0468c 0xc00800
59342.379561 20.321591      NaN    0     9 c    0   1.06 197.6278 -1.31086  8233.81 9170.25 2.81 2.57  44.2 -0.383    19.72 21.56 02a59342o0311c 0xc00800
59342.401473 19.841877      NaN   12    10 c    0   0.90 197.6278 -1.31086  8213.26 9134.16 2.77 2.56  49.4 -0.390    19.72 21.53 02a59342o0358c 0xc00900
59342.404712 19.950541      NaN    8    10 c    0   0.96 197.6278 -1.31086  8273.02 9212.96 2.83 2.62  49.2 -0.385    19.64 21.52 02a59342o0365c 0xc00800
59342.412042 20.207197      NaN   -4    10 c    0   1.16 197.6278 -1.31086  8293.40 9096.28 2.83 2.62  48.2 -0.383    19.68 21.52 02a59342o0381c 0xc00800
59346.380015 20.137125      NaN    2    10 c    0   0.75 197.6278 -1.31086  9984.77 5192.46 2.59 2.52  70.6 -0.404    19.71 21.63 02a59346o0326c 0xc00800
59346.413520 20.405150      NaN    1     8 c    0   1.42 197.6278 -1.31086  9960.57 5157.67 2.53 2.48 -64.9 -0.407    19.71 21.53 02a59346o0398c 0xc00800
59346.416748 20.103715      NaN    9     8 c    0   1.36 197.6278 -1.31086 10020.14 5234.82 2.61 2.50 -65.1 -0.404    19.67 21.53 02a59346o0405c 0xc00800
59346.423184 20.321591      NaN    0     9 c    0   1.06 197.6278 -1.31086 10040.93 5119.33 2.59 2.58  89.5 -0.400    19.68 21.54 02a59346o0419c 0xc00800
59350.421287 19.631075      NaN   21    10 c    0   1.36 197.6278 -1.31086  9982.44 5196.99 2.82 2.79 -21.1 -0.390    19.51 21.36 02a59350o0259c 0xc00800
59350.441147 19.419021      NaN   26    12 c    0   0.94 197.6278 -1.31086  9963.71 5157.13 3.26 3.15  17.5 -0.371    19.36 21.33 02a59350o0301c 0xc00900
59350.448959 20.103715      NaN  -29    11 c    0   1.43 197.6278 -1.31086 10022.62 5234.04 3.17 3.13 -49.6 -0.374    19.34 21.32 02a59350o0318c 0xc00900
59350.456912 20.009244      NaN   -6    12 c    0   1.02 197.6278 -1.31086 10043.75 5117.35 3.08 2.97 -42.2 -0.380    19.37 21.29 02a59350o0334c 0xc00900
59368.372410 20.594452      NaN   -2     7 c    0   1.17 197.6278 -1.31086  6817.84 5565.48 2.27 2.08 -84.0 -0.401    19.95 21.71 01a59368o0298c 0xc00800
59368.375635 20.449472      NaN   -4     8 c    0   1.02 197.6278 -1.31086  6836.93 5603.34 2.33 2.13 -82.9 -0.398    19.93 21.69 01a59368o0305c 0xc00800
59368.411005 20.244005      NaN    8     7 c    0   1.20 197.6278 -1.31086  6782.04 5528.39 2.40 2.14 -77.9 -0.399    19.82 21.56 01a59368o0381c 0xc00900
59368.417924 20.495680      NaN    5     6 c    0   1.37 197.6278 -1.31086  6759.24 5643.77 2.28 2.09 -74.3 -0.396    19.87 21.54 01a59368o0396c 0xc00800
59372.319884 20.594452      NaN   -5     7 c    0   1.24 197.6278 -1.31086  6811.63 5566.95 2.33 2.07 -84.5 -0.403    19.98 21.77 01a59372o0181c 0xc00800
59372.323571 20.103715      NaN   15     6 c    0   1.22 197.6278 -1.31086  6831.43 5606.59 2.33 2.10 -82.4 -0.405    19.97 21.77 01a59372o0189c 0xc00900
59372.329153 20.282105      NaN    7     7 c    0   1.12 197.6278 -1.31086  6773.66 5528.73 2.30 2.07 -83.5 -0.404    20.00 21.76 01a59372o0201c 0xc00800
59372.340267 20.761819      NaN    0     6 c    0   1.51 197.6278 -1.31086  6755.06 5644.68 2.30 2.06 -82.7 -0.411    19.99 21.72 01a59372o0225c 0xc00800
59376.336541 20.449472      NaN  -13     8 c    0   1.00 197.6278 -1.31086   943.52 8040.44 2.36 2.14 -70.7 -0.402    19.88 21.59 01a59376o0215c 0xc00900
59376.340224 20.594452      NaN   -2     7 c    0   1.03 197.6278 -1.31086   962.97 8078.82 2.28 2.04 -70.8 -0.407    19.91 21.57 01a59376o0223c 0xc00800
59376.346712 20.761819      NaN   -2     6 c    0   1.96 197.6278 -1.31086   904.93 8000.24 2.28 2.03 -72.2 -0.407    19.90 21.55 01a59376o0237c 0xc00800
59376.360119 20.321591      NaN   -8     9 c    0   1.05 197.6278 -1.31086   884.38 8116.03 2.31 2.08 -67.3 -0.409    19.92 21.57 01a59376o0266c 0xc00800
59380.294907 20.449472      NaN   -1     8 c    0   1.28 197.6278 -1.31086   936.04 8041.20 2.48 2.29 -29.0 -0.381    19.72 21.36 01a59380o0122c 0xc00800
59380.299546 20.282105      NaN    1     9 c    0   1.24 197.6278 -1.31086   955.59 8080.86 2.36 2.16 -75.1 -0.392    19.69 21.30 01a59380o0132c 0xc00800
59380.306920 19.922338      NaN   15     8 c    0   1.11 197.6278 -1.31086   897.75 8002.38 2.37 2.15 -73.7 -0.399    19.77 21.36 01a59380o0148c 0xc00900
59380.322245 19.169763      NaN  -11    26 c    0   0.96 197.6278 -1.31086   878.38 8118.43 2.42 2.13 -69.4 -0.423    18.53 19.92 01a59380o0181c 0xc00800
59394.351964 19.950541      NaN    8    10 c    0   1.06 197.6278 -1.31086  3828.15 2862.95 2.44 2.32 -68.3 -0.404    19.57 21.22 02a59394o0235c 0xc00800
59394.356155 20.244005      NaN    2     9 c    0   1.03 197.6278 -1.31086  3808.69 2825.27 2.41 2.34 -71.7 -0.402    19.55 21.19 02a59394o0244c 0xc00800
59394.363983 20.071303      NaN    1    11 c    0   0.78 197.6278 -1.31086  3865.37 2902.18 2.39 2.32 -81.3 -0.401    19.51 21.11 02a59394o0261c 0xc00800
59394.379687 19.696897      NaN   -3    16 c    0   0.75 197.6278 -1.31086  3886.00 2785.01 2.48 2.34 -62.7 -0.397    19.19 20.52 02a59394o0295c 0xc00800
59402.297702 20.449472      NaN   -6     8 c    0   0.95 197.6278 -1.31086  5757.70 2771.67 2.39 2.18 -64.6 -0.395    19.58 21.16 02a59402o0120c 0xc00800
59402.301372 20.321591      NaN   -7     9 c    0   1.33 197.6278 -1.31086  5739.64 2733.18 2.38 2.19 -62.1 -0.397    19.62 21.15 02a59402o0128c 0xc00800
59402.306872 20.594452      NaN   -7     7 c    0   1.74 197.6278 -1.31086  5797.06 2810.92 2.42 2.24 -62.7 -0.390    19.61 21.16 02a59402o0140c 0xc00800
59402.317878 19.766969      NaN   15    10 c    0   1.07 197.6278 -1.31086  5816.75 2695.02 2.41 2.24 -63.4 -0.396    19.54 21.15 02a59402o0164c 0xc00800
59406.254135 19.367717      NaN   20    15 c    0   1.53 197.6278 -1.31086  5763.68 2773.69 2.40 2.13 -62.7 -0.400    18.89 19.97 02a59406o0024c 0xc00800
59406.257354 19.436675      NaN   13    16 c    0   1.13 197.6278 -1.31086  5744.94 2734.44 2.56 2.29 -61.9 -0.396    19.03 20.35 02a59406o0031c 0xc00800
59406.264698 19.384550      NaN   19    15 c    0   0.95 197.6278 -1.31086  5804.53 2812.04 2.72 2.44 -56.7 -0.416    19.13 20.78 02a59406o0047c 0xc00800
59406.276224 20.321591      NaN   -6     9 c    0   0.98 197.6278 -1.31086  5826.57 2694.87 2.38 2.12 -58.7 -0.398    19.63 21.25 02a59406o0072c 0xc00800
59424.259855 20.449472      NaN  -28     8 c    0   1.35 197.6278 -1.31086  2886.18 7907.15 2.60 2.43 -68.7 -0.349    19.52 21.24 01a59424o0052c 0xc00900
59424.263540 20.449472      NaN   -2     8 c    0   1.23 197.6278 -1.31086  2904.61 7943.39 2.65 2.44 -72.9 -0.364    19.57 21.28 01a59424o0060c 0xc00800
59424.269549 20.321591      NaN  -13     9 c    0   1.17 197.6278 -1.31086  2846.59 7866.15 2.74 2.51 -73.9 -0.366    19.51 21.27 01a59424o0073c 0xc00800
59424.280157 20.449472      NaN  -11     8 c    0   1.55 197.6278 -1.31086  2825.83 7982.95 2.39 2.19 -71.4 -0.388    19.67 21.22 01a59424o0096c 0xc00800
59428.250412 20.103715      NaN   -6    11 c    0   1.43 197.6278 -1.31086  2889.35 7908.99 2.46 2.21 -72.7 -0.387    19.33 20.44 01a59428o0037c 0xc00800
59428.254554 20.103715      NaN  -16    11 c    0   1.07 197.6278 -1.31086  2909.32 7946.92 2.50 2.26 -73.7 -0.392    19.46 20.79 01a59428o0046c 0xc00900
59428.260078 19.950541      NaN    2    12 c    0   1.10 197.6278 -1.31086  2850.20 7869.83 2.69 2.43 -74.3 -0.393    19.45 20.94 01a59428o0058c 0xc00800
59428.271603 20.103715      NaN   -3    11 c    0   1.10 197.6278 -1.31086  2830.55 7986.15 2.58 2.32 -72.2 -0.390    19.48 20.88 01a59428o0083c 0xc00800
59432.241311 19.169763      NaN  -20    26 c    0   1.29 197.6278 -1.31086  2297.14 1419.41 2.37 2.31  41.3 -0.375    18.31 18.74 01a59432o0020c 0xc00800
59432.244534 19.569016      NaN  -41    18 c    0   1.35 197.6278 -1.31086  2314.91 1456.85 2.37 2.29  62.8 -0.380    18.83 19.51 01a59432o0027c 0xc00900
59432.250060 19.743105      NaN    7    13 c    0   0.97 197.6278 -1.31086  2255.57 1376.74 2.25 2.17  61.1 -0.403    19.37 20.40 01a59432o0039c 0xc00800
59432.260202 19.894850      NaN   10    10 c    0   1.12 197.6278 -1.31086  2237.82 1492.27 2.35 2.26  56.3 -0.398    19.48 20.83 01a59432o0061c 0xc00800
59586.578663 20.321591      NaN   -3     9 c    0   0.95 197.6278 -1.31086  2434.11 3336.57 2.31 2.27  59.3 -0.422    19.52 21.40 02a59586o0792c 0xc00800
59586.581863 20.137125      NaN    2    10 c    0   1.05 197.6278 -1.31086  2453.63 3375.29 2.30 2.23  52.2 -0.424    19.60 21.42 02a59586o0799c 0xc00800
59586.587366 20.103715      NaN    6     9 c    0   1.09 197.6278 -1.31086  2395.32 3297.12 2.29 2.22  48.4 -0.425    19.58 21.43 02a59586o0811c 0xc00800
59586.599276 20.321591      NaN   -2     9 c    0   1.10 197.6278 -1.31086  2375.84 3411.41 2.30 2.23  53.6 -0.424    19.60 21.44 02a59586o0837c 0xc00800
59612.613605 20.321591      NaN   -6     9 c    0   0.79 197.6278 -1.31086  2092.94  703.25 2.54 2.30 -67.5 -0.443    19.66 21.62 02a59612o0882c 0xc00800
59612.619592 19.589310      NaN   23    10 c    0   0.89 197.6278 -1.31086  2072.41  665.37 2.52 2.27 -63.8 -0.440    19.70 21.61 02a59612o0895c 0xc00900
59612.622809 20.207197      NaN   -6    10 c    0   0.78 197.6278 -1.31086  2131.46  745.70 2.52 2.24 -60.7 -0.451    19.71 21.62 02a59612o0902c 0xc00800
59612.632898 20.171596      NaN    4     9 c    0   1.21 197.6278 -1.31086  2151.96  627.84 2.52 2.26 -64.0 -0.439    19.69 21.59 02a59612o0924c 0xc00800
59616.642094 20.321591      NaN  -10     9 c    0   1.04 197.6278 -1.31086  2096.10  706.25 2.58 2.39 -74.6 -0.437    19.56 21.38 02a59616o0893c 0xc00900
59616.647185 20.103715      NaN   -3    11 c    0   0.77 197.6278 -1.31086  2077.82  665.39 2.69 2.52 -79.4 -0.421    19.52 21.37 02a59616o0904c 0xc00800
59616.653331 19.631075      NaN   18    11 c    0   0.94 197.6278 -1.31086  2136.40  747.30 2.63 2.45 -73.5 -0.434    19.48 21.32 02a59616o0917c 0xc00900
59616.659479 19.894850      NaN   10    10 c    0   1.17 197.6278 -1.31086  2155.46  628.55 2.60 2.41 -76.1 -0.426    19.50 21.25 02a59616o0930c 0xc00800
59617.078432 20.321591      NaN  -10     9 c    0   1.19 197.6278 -1.31086  6113.55 5386.26 2.46 2.20 -88.4 -0.404    19.47 21.48 03a59617o0625c 0xc00900
59617.081243 19.719755      NaN   17    10 c    0   1.11 197.6278 -1.31086  6095.51 5346.51 2.44 2.20 -88.2 -0.416    19.47 21.48 03a59617o0631c 0xc00900
59617.105413 19.652575      NaN   20    10 c    0   1.28 197.6278 -1.31086  6155.10 5421.38 2.51 2.26 -88.1 -0.393    19.47 21.45 03a59617o0683c 0xc00800
59617.128767 19.609992      NaN    4    16 c    0   1.46 197.6278 -1.31086  4357.95 5247.86 2.64 2.26 -88.7 -0.366    18.83 19.96 03a59617o0733c 0xc00800
59620.553756 20.103715      NaN    3    10 c    0   0.99 197.6278 -1.31086  8775.66 5478.20 2.52 2.47  76.8 -0.405    19.67 21.46 02a59620o0722c 0xc00800
59620.556498 19.979496      NaN    7    10 c    0   0.86 197.6278 -1.31086  8796.06 5518.84 2.59 2.48  40.9 -0.401    19.67 21.47 02a59620o0728c 0xc00800
59620.560154 19.922338      NaN    6    11 c    0   0.86 197.6278 -1.31086  8737.43 5440.16 2.61 2.46  36.9 -0.399    19.63 21.47 02a59620o0736c 0xc00900
59620.588438 20.321591      NaN   -6     9 c    0   1.37 197.6278 -1.31086  1862.41 4993.27 2.61 2.51  26.3 -0.426    19.55 21.49 02a59620o0796c 0xc00800
59621.070126 20.321591      NaN  -14     9 c    0   0.99 197.6278 -1.31086  6110.61 5386.41 2.34 2.11  86.6 -0.433    19.66 21.78 03a59621o0042c 0xc00800
59621.073315 19.894850      NaN   13     9 c    0   1.29 197.6278 -1.31086  6092.97 5347.73 2.37 2.17 -89.2 -0.434    19.68 21.76 03a59621o0049c 0xc00800
59621.078405 20.321591      NaN  -14     9 c    0   0.91 197.6278 -1.31086  6151.63 5424.29 2.34 2.11  88.7 -0.430    19.68 21.77 03a59621o0060c 0xc00800
59621.095403 20.039830      NaN   11     8 c    0   1.24 197.6278 -1.31086  6183.60 5306.93 2.39 2.14 -86.8 -0.410    19.66 21.77 03a59621o0097c 0xc00800
59640.462558 20.103715      NaN   -6    11 c    0   0.72 197.6278 -1.31086   495.26 3439.55 2.27 2.16 -66.8 -0.422    19.65 21.61 02a59640o0507c 0xc00800
59640.493152 20.244005      NaN    2     9 c    0   1.21 197.6278 -1.31086   512.25 3480.50 2.29 2.25 -43.4 -0.420    19.70 21.66 02a59640o0568c 0xc00800
59640.496225 20.321591      NaN  -11     9 c    0   0.83 197.6278 -1.31086   456.88 3400.75 2.31 2.21 -56.1 -0.428    19.71 21.65 02a59640o0574c 0xc00800
59640.503119 20.594452      NaN  -18     7 c    0   1.46 197.6278 -1.31086   438.74 3514.87 2.24 2.18 -53.9 -0.423    19.70 21.64 02a59640o0588c 0xc00800
59640.659320 18.967180      NaN   34    20 c    0   1.30 197.6278 -1.31086 10107.51 7108.02 2.71 2.65 -23.1 -0.411    18.92 20.37 02a59640o0892c 0xc00800
59643.290043 19.841877      NaN   -5    14 c    0   1.16 197.6278 -1.31086  8474.90 9898.24 2.69 2.54 -71.2 -0.339    18.89 20.95 04a59643o0633c 0xc00800
59643.293303 19.950541      NaN    8    10 c    0   1.54 197.6278 -1.31086  8496.73 9933.96 2.64 2.40 -66.0 -0.350    19.50 21.50 04a59643o0640c 0xc00800
59643.299270 20.207197      NaN    0    10 c    0   1.36 197.6278 -1.31086  8440.97 9849.31 2.60 2.26 -61.9 -0.372    19.47 21.46 04a59643o0653c 0xc00900
59643.309887 19.766969      NaN    9    12 c    0   0.76 197.6278 -1.31086  8428.76 9957.14 2.53 2.29 -63.5 -0.367    19.53 21.46 04a59643o0676c 0xc00900
59644.549210 19.510313      NaN  -16    19 c    0   0.88 197.6278 -1.31086  1902.17 7007.99 2.33 2.11  38.0 -0.451    18.89 21.71 02a59644o0598c 0xc00800
59644.552164 19.696897      NaN   -3    16 c    0   1.09 197.6278 -1.31086  1883.13 6969.15 2.32 2.10  38.5 -0.448    18.95 21.71 02a59644o0604c 0xc00800
59644.559647 19.115465      NaN   25    19 c    0   1.20 197.6278 -1.31086  1941.95 7046.17 2.26 2.07  34.5 -0.456    18.93 21.70 02a59644o0619c 0xc00800
59644.570084 19.510313      NaN    3    18 c    0   0.87 197.6278 -1.31086  1962.49 6930.82 2.33 2.14  44.1 -0.445    18.91 21.68 02a59644o0640c 0xc00800
59648.512634 20.449472      NaN   -8     8 c    0   1.33 197.6278 -1.31086  1898.84 7007.55 2.51 2.39  17.1 -0.422    19.63 21.54 02a59648o0596c 0xc00800
59648.515922 19.719755      NaN   20     9 c    0   1.62 197.6278 -1.31086  1879.37 6967.95 2.47 2.33  18.9 -0.426    19.64 21.55 02a59648o0603c 0xc00900
59648.521042 19.816329      NaN   13    10 c    0   1.08 197.6278 -1.31086  1937.33 7046.95 2.42 2.35   6.5 -0.425    19.68 21.55 02a59648o0614c 0xc00800
59648.533621 19.922338      NaN    6    11 c    0   0.90 197.6278 -1.31086  1957.03 6931.90 2.48 2.40  34.0 -0.420    19.64 21.55 02a59648o0641c 0xc00800
59668.471581 18.163834      NaN    5    64 c    0   1.17 197.6278 -1.31086  3946.75 8858.63 2.64 2.37  34.1 -0.391    17.44 19.42 02a59668o0506c 0xc00800
59668.536429 17.845990      NaN  -95    88 c    0   1.17 197.6278 -1.31086  3990.08 8905.97 3.05 2.65  42.5 -0.365    16.98 19.05 02a59668o0533c 0xc00900
59668.542074 15.431970      NaN  264   725 c    0   0.91 197.6278 -1.31086  4008.67 8784.67 3.03 2.66  39.5 -0.376    16.21 18.25 02a59668o0545c 0xc00802
59668.973848 17.935984      NaN  -52    81 c    0   1.05 197.6278 -1.31086  5779.11 2793.15 2.38 2.09 -44.6 -0.403    17.19 18.86 03a59669o0567c 0xc00800
59668.977740 17.199161      NaN   47   144 c    0   1.23 197.6278 -1.31086  4740.25 7816.24 2.29 2.17 -52.1 -0.397    16.67 18.38 03a59669o0575c 0xc00800
59672.913403 20.449472      NaN   -8     8 c    0   1.27 197.6278 -1.31086  2180.46  653.67 2.61 2.51 -57.2 -0.377    19.68 21.51 03a59673o0438c 0xc00800
59672.916133 20.171596      NaN    1    10 c    0   0.94 197.6278 -1.31086  2161.71  614.33 2.62 2.50 -49.1 -0.380    19.67 21.52 03a59673o0444c 0xc00800
59672.921164 20.039830      NaN    8     9 c    0   1.21 197.6278 -1.31086  2218.43  695.03 2.79 2.63 -63.7 -0.371    19.63 21.49 03a59673o0455c 0xc00800
59672.930762 20.039830      NaN    8     9 c    0   1.41 197.6278 -1.31086  2239.16  580.67 2.72 2.59 -46.2 -0.376    19.61 21.46 03a59673o0476c 0xc00900
59676.455118 20.009244      NaN  -21    12 c    0   0.73 197.6278 -1.31086  3751.99 4980.29 2.64 2.27  38.7 -0.401    19.62 21.60 02a59676o0457c 0xc00900
59676.459273 19.816329      NaN   13    10 c    0   0.79 197.6278 -1.31086  3732.70 4940.89 2.68 2.30  36.9 -0.393    19.53 21.59 02a59676o0466c 0xc00800
59676.464783 19.868040      NaN    8    11 c    0   0.86 197.6278 -1.31086  3790.85 5020.41 2.66 2.29  38.3 -0.398    19.56 21.60 02a59676o0478c 0xc00900
59676.476234 20.244005      NaN    2     9 c    0   1.15 197.6278 -1.31086  3811.56 4905.07 2.65 2.30  43.2 -0.397    19.58 21.59 02a59676o0503c 0xc00800
59680.392100 19.351140      NaN    6    20 c    0   1.03 197.6278 -1.31086  6844.26 5594.79 2.65 2.22  32.5 -0.397    18.85 20.50 02a59680o0359c 0xc00800
59680.395307 19.302877      NaN   -7    23 c    0   0.85 197.6278 -1.31086  6863.77 5634.36 2.64 2.22  31.7 -0.406    18.88 20.50 02a59680o0366c 0xc00800
59680.422117 19.351140      NaN   -7    22 c    0   1.06 197.6278 -1.31086  6807.56 5557.11 2.71 2.24  32.8 -0.390    18.76 20.38 02a59680o0422c 0xc00800
59680.450554 18.720295      NaN   19    33 c    0   1.19 197.6278 -1.31086  3805.83 4904.70 2.65 2.27  34.4 -0.404    18.21 19.79 02a59680o0483c 0xc00900
59692.423913 19.569016      NaN   -1    18 c    0   1.26 197.6278 -1.31086  6294.64 9259.03 2.86 2.43  38.8 -0.395    19.19 21.09 02a59692o0336c 0xc00800
59692.427227 20.009244      NaN  -15    12 c    0   1.43 197.6278 -1.31086  6275.87 9223.87 2.87 2.44  39.9 -0.392    19.47 21.43 02a59692o0343c 0xc00800
59692.432326 18.590371      NaN    1    44 c    0   1.08 197.6278 -1.31086  6333.41 9301.94 2.88 2.47  39.0 -0.390    18.37 20.20 02a59692o0354c 0xc00800
59692.442256 19.696897      NaN    0    16 c    0   1.15 197.6278 -1.31086  6352.22 9187.63 2.83 2.46  40.6 -0.391    19.30 21.20 02a59692o0375c 0xc00800
59696.388837 20.009244      NaN  -16    12 c    0   1.26 197.6278 -1.31086  6294.91 9256.56 2.86 2.45  34.2 -0.395    19.49 21.39 02a59696o0348c 0xc00900
59696.421138 20.009244      NaN   -2    12 c    0   1.25 197.6278 -1.31086  6268.49 9218.20 2.75 2.44  39.2 -0.395    19.49 21.34 02a59696o0417c 0xc00800
59696.424341 19.894850      NaN   10    10 c    0   1.99 197.6278 -1.31086  6327.36 9296.32 2.76 2.45  40.5 -0.402    19.48 21.35 02a59696o0424c 0xc00800
59696.430745 19.922338      NaN  -31    13 c    0   1.27 197.6278 -1.31086  6348.57 9182.59 2.86 2.49  39.2 -0.391    19.45 21.34 02a59696o0438c 0xc00900
59700.387209 20.103715      NaN  -10    11 c    0   1.28 197.6278 -1.31086  6399.04 1013.70 2.42 2.27 -85.0 -0.414    19.41 21.09 02a59700o0345c 0xc00800
59700.390957 19.841877      NaN   15     9 c    0   1.10 197.6278 -1.31086  6381.58  974.45 2.49 2.32 -85.0 -0.405    19.50 21.21 02a59700o0353c 0xc00900
59700.401099 20.137125      NaN    5     9 c    0   1.23 197.6278 -1.31086  6440.99 1052.57 2.45 2.30 -84.0 -0.415    19.59 21.28 02a59700o0375c 0xc00800
59700.427087 19.841877      NaN    0    14 c    0   1.89 197.6278 -1.31086  6452.34  932.09 2.39 2.21 -74.2 -0.430    18.87 20.47 02a59700o0431c 0xc00800
59704.366882 19.169763      NaN  -43    26 c    0   1.09 197.6278 -1.31086  6400.37 1013.20 2.37 2.20 -85.0 -0.421    18.51 20.10 02a59704o0298c 0xc00900
59704.370540 16.626110      NaN  161   217 c    0   0.96 197.6278 -1.31086  6381.89  973.64 2.37 2.19 -86.6 -0.412    16.30 17.80 02a59704o0306c 0xc00802
59704.376093 19.922338      NaN   -3    13 c    0   1.32 197.6278 -1.31086  6441.67 1054.26 2.35 2.19 -85.6 -0.420    19.02 20.65 02a59704o0318c 0xc00800
59720.382347 20.207197      NaN  -12    10 c    0   0.66 197.6278 -1.31086  1883.21 2956.43 2.42 2.25  49.7 -0.420    19.61 21.28 02a59720o0322c 0xc00900
59720.386028 20.009244      NaN    9     9 c    0   1.18 197.6278 -1.31086  1864.83 2918.07 2.38 2.27  53.4 -0.424    19.63 21.28 02a59720o0330c 0xc00900
59720.396090 20.103715      NaN   -7    11 c    0   0.72 197.6278 -1.31086  1925.44 2996.87 2.42 2.28  48.4 -0.420    19.59 21.25 02a59720o0352c 0xc00800
59720.402094 19.979496      NaN    7    10 c    0   1.17 197.6278 -1.31086  1945.05 2880.67 2.42 2.30  49.9 -0.418    19.55 21.23 02a59720o0365c 0xc00800
59724.318030 19.549093      NaN   22    11 c    0   1.13 197.6278 -1.31086  2002.39 8973.28 2.43 2.30  -3.3 -0.429    19.65 21.26 02a59724o0178c 0xc00800
59724.329677 19.979496      NaN    4    11 c    0   0.94 197.6278 -1.31086  1983.56 8935.19 2.43 2.30  -5.1 -0.431    19.60 21.21 02a59724o0203c 0xc00800
59724.332877 19.922338      NaN   -1    13 c    0   0.67 197.6278 -1.31086  2042.11 9013.61 2.42 2.37  -8.3 -0.426    19.58 21.20 02a59724o0210c 0xc00800
59724.341643 20.103715      NaN   -1    11 c    0   1.13 197.6278 -1.31086  2061.90 8895.25 2.40 2.35  12.6 -0.429    19.58 21.21 02a59724o0229c 0xc00800
59728.336661 14.669205      NaN 1411  1171 c    0   1.20 197.6278 -1.31086  2047.71 9017.98 2.46 2.40  26.8 -0.391    14.21 15.48 02a59728o0214c 0xc00802
59732.320472 20.137125      NaN    5     9 c    0   1.09 197.6278 -1.31086  7700.90 2672.54 2.46 2.40  44.8 -0.399    19.65 21.36 02a59732o0179c 0xc00800
59732.324588 20.103715      NaN    3    10 c    0   0.74 197.6278 -1.31086  7682.00 2634.99 2.47 2.36  42.9 -0.402    19.58 21.37 02a59732o0188c 0xc00800
59732.332409 20.207197      NaN    0    10 c    0   0.90 197.6278 -1.31086  7740.63 2712.73 2.46 2.35  46.0 -0.400    19.65 21.35 02a59732o0205c 0xc00800
59732.348517 20.405150      NaN    4     7 c    0   1.57 197.6278 -1.31086  7762.52 2597.73 2.44 2.36  48.0 -0.399    19.63 21.33 02a59732o0240c 0xc00800
59756.262437 20.009244      NaN    0    12 c    0   0.64 197.6278 -1.31086  6099.92 5382.31 2.39 2.30  50.4 -0.415    19.47 20.93 02a59756o0040c 0xc00800
59756.268843 20.321591      NaN   -2     9 c    0   1.47 197.6278 -1.31086  6081.77 5343.18 2.39 2.31  53.7 -0.421    19.56 21.14 02a59756o0054c 0xc00800
59756.272509 20.171596      NaN    1    10 c    0   1.18 197.6278 -1.31086  6140.23 5424.12 2.39 2.32  55.7 -0.421    19.58 21.17 02a59756o0062c 0xc00800
59756.284931 19.791368      NaN   14    10 c    0   0.83 197.6278 -1.31086  6159.89 5307.19 2.40 2.32  80.1 -0.420    19.59 21.20 02a59756o0089c 0xc00800
59760.260079 19.841877      NaN    6    12 c    0   1.16 197.6278 -1.31086  6104.08 5384.22 2.79 2.40  34.6 -0.392    19.28 20.63 02a59760o0016c 0xc00800
59760.263254 19.436675      NaN   19    14 c    0   0.89 197.6278 -1.31086  6085.08 5346.59 2.74 2.44  38.3 -0.396    19.40 20.85 02a59760o0023c 0xc00800
59760.268683 19.894850      NaN    1    13 c    0   0.98 197.6278 -1.31086  6142.28 5424.29 3.10 2.96  27.8 -0.402    19.25 20.95 02a59760o0035c 0xc00800
59760.282335 20.103715      NaN  -10    11 c    0   1.20 197.6278 -1.31086  6161.68 5309.25 2.69 2.52  40.4 -0.398    19.44 20.97 02a59760o0065c 0xc00800
59784.711456 19.841877      NaN   -5    14 c    0   0.76 197.6278 -1.31086  8550.90 1677.51 2.68 2.54 -41.4 -0.410    19.39 20.82 03a59785o0042c 0xc00800
59788.706740 18.684100      NaN   53    23 c    0   1.04 197.6278 -1.31086  8542.21 1675.39 2.53 2.29 -28.1 -0.394    18.77 19.40 03a59789o0007c 0xc00800
59788.710353 20.009244      NaN  -26    12 c    0   1.28 197.6278 -1.31086  8560.84 1715.09 2.50 2.26 -29.6 -0.397    19.14 20.17 03a59789o0015c 0xc00900
59788.717642 19.816329 0.277746   43    11 c    0   7.58 197.6278 -1.31086  8505.25 1635.52 2.49 2.24 -35.1 -0.400    19.50 20.95 03a59789o0031c 0xc00800
59788.728315 19.894850      NaN   16     8 c    0   1.27 197.6278 -1.31086  8482.07 1753.25 2.56 2.33 -45.2 -0.403    19.54 21.19 03a59789o0054c 0xc00800
59790.962216 18.944322      NaN  -10    32 c    0   0.84 197.6278 -1.31086  4498.11 5168.23 2.78 2.66 -82.5 -0.322    18.24 19.30 04a59791o0027c 0xc00800
59790.965389 19.287255      NaN    4    22 c    0   0.90 197.6278 -1.31086  4519.26 5207.76 2.96 2.84 -72.0 -0.323    18.58 20.02 04a59791o0034c 0xc00800
59790.970834 19.922338      NaN   -2    13 c    0   1.33 197.6278 -1.31086  4462.30 5126.47 2.74 2.64 -80.7 -0.348    19.01 20.77 04a59791o0046c 0xc00800
59790.981278 19.922338      NaN  -27    13 c    0   0.91 197.6278 -1.31086  4444.38 5239.08 2.86 2.74 -77.5 -0.349    19.15 21.12 04a59791o0069c 0xc00800
59792.713174 19.569016      NaN  -17    18 c    0   0.91 197.6278 -1.31086  2723.81 7827.35 2.43 2.23 -43.7 -0.379    18.99 20.02 03a59793o0034c 0xc00800
59969.020786 20.244005      NaN    2     9 c    0   1.39 197.6278 -1.31086  6157.52 7316.72 2.77 2.48 -30.6 -0.364    19.46 21.26 03a59969o0504c 0xc00800
59969.023954 20.207197      NaN   -7    10 c    0   1.37 197.6278 -1.31086  6135.77 7279.40 2.90 2.48 -41.3 -0.369    19.47 21.26 03a59969o0511c 0xc00800
59969.029399 19.609992      NaN   19    11 c    0   0.92 197.6278 -1.31086  6190.15 7359.18 2.69 2.34 -46.0 -0.377    19.54 21.29 03a59969o0523c 0xc00900
59969.052583 20.321591      NaN    0     9 c    0   1.38 197.6278 -1.31086  6209.14 7243.50 2.52 2.15 -47.4 -0.426    19.65 21.33 03a59969o0572c 0xc00800
59994.287050 20.009244      NaN  -13    12 c    0   0.74 197.6278 -1.31086   150.07  840.97 2.43 1.73  36.0 -0.543    19.55 21.29 04a59994o0610c 0xc00800
59994.309526 20.039830      NaN    5    10 c    0   1.18 197.6278 -1.31086   143.25  796.65 2.64 1.80  34.7 -0.518    19.55 21.39 04a59994o0657c 0xc00800
59994.312681 20.321591      NaN   -1     9 c    0   1.29 197.6278 -1.31086   204.31  876.22 2.75 1.79  35.5 -0.476    19.57 21.40 04a59994o0664c 0xc00800
59994.313583 20.207197      NaN   -8    10 c    0   1.31 197.6278 -1.31086 10327.90  816.37 3.13 2.36 -16.1 -0.356    19.59 21.40 04a59994o0666c 0xc00800
59994.315396 19.719755      NaN    8    13 c    0   0.99 197.6278 -1.31086 10309.31  777.77 3.10 2.38 -16.4 -0.346    19.62 21.41 04a59994o0670c 0xc00800
59994.318553 20.009244      NaN  -18    12 c    0   1.05 197.6278 -1.31086 10370.26  855.17 3.11 2.40 -16.2 -0.349    19.59 21.41 04a59994o0677c 0xc00900
59994.319004 20.171596      NaN    4     9 c    0   1.31 197.6278 -1.31086   227.40  756.84 2.35 1.73  31.4 -0.539    19.59 21.41 04a59994o0678c 0xc00800
59994.324434 19.609992      NaN   19    11 c    0   1.46 197.6278 -1.31086 10394.87  736.18 3.09 2.40 -13.0 -0.361    19.61 21.42 04a59994o0690c 0xc00800
59998.277673 20.103715      NaN    3    10 c    0   1.68 197.6278 -1.31086   144.89  841.08 3.22 1.86  38.9 -0.425    19.53 21.26 04a59998o0595c 0xc00800
59998.300352 20.103715      NaN   -7    11 c    0   1.19 197.6278 -1.31086   144.47  795.59 2.91 1.83  35.4 -0.467    19.51 21.25 04a59998o0644c 0xc00800
59998.301253 19.922338      NaN   -3    13 c    0   1.02 197.6278 -1.31086 10328.41  815.02 3.18 2.38 -18.4 -0.348    19.49 21.25 04a59998o0646c 0xc00800
59998.302155 20.207197      NaN  -11    10 c    0   0.99 197.6278 -1.31086   206.46  874.31 2.82 1.89  34.1 -0.468    19.48 21.24 04a59998o0648c 0xc00800
59998.303507 20.009244      NaN   -7    12 c    0   1.16 197.6278 -1.31086 10309.56  776.20 3.14 2.52 -12.6 -0.345    19.50 21.24 04a59998o0651c 0xc00800
59998.305310 20.207197      NaN   -4    10 c    0   1.11 197.6278 -1.31086   225.74  756.71 2.84 1.85  36.1 -0.461    19.54 21.25 04a59998o0655c 0xc00800
59998.306661 20.009244      NaN  -19    12 c    0   1.33 197.6278 -1.31086 10370.18  853.58 3.17 2.41 -18.9 -0.356    19.49 21.26 04a59998o0658c 0xc00800
59998.323062 19.384550      NaN   28    12 c    0   1.14 197.6278 -1.31086 10401.01  733.56 3.15 2.45 -14.0 -0.353    19.51 21.31 04a59998o0693c 0xc00900
60000.562527 20.207197      NaN   -4    10 c    0   1.02 197.6278 -1.31086  3799.21 2856.07 2.57 2.36  41.2 -0.405    19.58 21.41 02a60000o0563c 0xc00800
60000.565849 20.103715      NaN   -7    11 c    0   0.80 197.6278 -1.31086  3779.21 2814.56 2.64 2.43  44.8 -0.408    19.53 21.40 02a60000o0569c 0xc00800
60000.571558 20.207197      NaN   -9    10 c    0   1.14 197.6278 -1.31086  3838.43 2897.70 2.78 2.58  42.7 -0.398    19.45 21.38 02a60000o0581c 0xc00800
60000.603913 19.743105      NaN   16    10 c    0   1.11 197.6278 -1.31086  3859.06 2774.00 2.61 2.43  54.8 -0.402    19.48 21.32 02a60000o0650c 0xc00900
60002.317299 20.207197      NaN   -3    10 c    0   0.97 197.6278 -1.31086  6746.32 3667.14 2.38 2.01 -19.8 -0.382    19.61 21.36 04a60002o0674c 0xc00800
60002.323738 20.449472      NaN  -23     8 c    0   1.58 197.6278 -1.31086  6770.10 3698.87 2.33 1.98 -18.4 -0.388    19.65 21.38 04a60002o0688c 0xc00900
60002.357501 20.171596      NaN    4     9 c    0   1.20 197.6278 -1.31086  6730.44 3592.43 2.54 2.19 -14.2 -0.375    19.60 21.51 04a60002o0762c 0xc00800
60002.382459 20.321591      NaN   -8     9 c    0   0.88 197.6278 -1.31086  6720.08 3690.46 2.25 2.07 -32.3 -0.383    19.62 21.43 04a60002o0816c 0xc00800
60020.912943 19.589310      NaN   20    11 c    0   0.97 197.6278 -1.31086  6072.26 5375.17 2.40 2.17 -52.9 -0.378    19.37 21.19 03a60021o0402c 0xc00800
60020.915207 19.696897      NaN   -2    16 c    0   1.26 197.6278 -1.31086  6053.47 5336.40 2.48 2.20 -54.0 -0.379    18.97 20.78 03a60021o0407c 0xc00800
60020.948596 20.449472      NaN   -8     8 c    0   1.21 197.6278 -1.31086  6111.51 5412.76 2.60 2.41 -44.8 -0.373    19.67 21.63 03a60021o0480c 0xc00800
60020.957780 19.816329      NaN   13    10 c    0   1.15 197.6278 -1.31086  6132.73 5298.17 2.57 2.37 -53.8 -0.377    19.48 21.43 03a60021o0500c 0xc00800
60024.949024 20.009244      NaN  -30    12 c    0   0.96 197.6278 -1.31086   215.28  669.90 2.59 2.46 -29.1 -0.406    19.57 21.43 03a60025o0487c 0xc00900
60024.977421 19.436675      NaN   25    12 c    0   0.83 197.6278 -1.31086   207.12  628.45 2.45 2.25 -51.8 -0.407    19.65 21.41 03a60025o0548c 0xc00800
60024.982459 20.103715      NaN   -3    11 c    0   0.88 197.6278 -1.31086   265.55  708.31 2.49 2.34 -64.1 -0.406    19.60 21.40 03a60025o0559c 0xc00800
60024.984489 19.950541      NaN    5    11 c    0   0.96 197.6278 -1.31086   286.97  590.90 2.38 2.18 -54.5 -0.411    19.68 21.41 03a60025o0563c 0xc00800
60025.013022 20.009244      NaN  -11    12 c    0   1.07 197.6278 -1.31086   186.08 9653.40 2.89 2.55 -36.5 -0.406    19.57 21.38 03a60025o0625c 0xc00900
60025.016640 20.103715      NaN   -9    11 c    0   1.05 197.6278 -1.31086   204.81 9693.50 2.68 2.39 -43.5 -0.404    19.63 21.35 03a60025o0633c 0xc00900
60025.024515 19.674510      NaN   19    10 c    0   1.32 197.6278 -1.31086   146.91 9614.30 2.73 2.44 -41.6 -0.409    19.64 21.37 03a60025o0650c 0xc00a00
60025.055235 20.009244      NaN    3    11 c    0   1.39 197.6278 -1.31086   127.52 9734.13 2.62 2.31 -38.5 -0.415    19.64 21.29 03a60025o0717c 0xc00800
60032.977502 18.955691      NaN   29    22 c    0   1.36 197.6278 -1.31086  6766.83 3697.00 2.90 2.48 -58.3 -0.383    18.66 20.58 03a60033o0527c 0xc00800
60032.980684 18.847027      NaN  -29    35 c    0   0.86 197.6278 -1.31086  6787.24 3736.66 2.66 2.36 -49.3 -0.401    18.06 19.86 03a60033o0534c 0xc00800
60033.013511 20.103715      NaN   -3    11 c    0   0.78 197.6278 -1.31086  6734.02 3660.62 3.24 2.63 -66.6 -0.358    19.30 21.36 03a60033o0604c 0xc00800
60033.023060 20.321591      NaN   -9     9 c    0   0.87 197.6278 -1.31086  6710.39 3777.38 2.59 2.17 -60.1 -0.389    19.54 21.35 03a60033o0625c 0xc00800
60051.173101 20.009244      NaN   -1    12 c    0   0.96 197.6278 -1.31086  8716.47 7643.61 2.68 2.28 -20.4 -0.395    19.39 21.22 04a60051o0465c 0xc00800
60051.176389 20.009244      NaN  -20    12 c    0   0.92 197.6278 -1.31086  8738.80 7679.09 2.59 2.23 -23.2 -0.397    19.46 21.23 04a60051o0472c 0xc00800
60051.208692 20.039830      NaN    5    10 c    0   1.22 197.6278 -1.31086  8699.06 7568.40 2.53 2.11 -23.9 -0.419    19.53 21.29 04a60051o0541c 0xc00800
60051.215996 20.039830      NaN    5    10 c    0   1.24 197.6278 -1.31086  8682.88 7679.22 2.65 2.18 -29.4 -0.417    19.48 21.27 04a60051o0557c 0xc00800
60054.205114 19.950541      NaN    8    10 c    0   1.04 197.6278 -1.31086  2924.42 7899.06 2.48 2.03 -81.1 -0.371    19.49 21.42 04a60054o0542c 0xc00800
60054.207870 20.321591      NaN   -1     9 c    0   1.46 197.6278 -1.31086  2945.01 7935.59 2.42 1.98 -79.9 -0.372    19.49 21.40 04a60054o0548c 0xc00800
60054.215709 20.321591      NaN   -2     9 c    0   1.07 197.6278 -1.31086  2890.24 7851.34 2.48 2.02 -81.9 -0.378    19.46 21.35 04a60054o0565c 0xc00800
60054.249251 20.103715      NaN   -2    11 c    0   1.04 197.6278 -1.31086  2883.86 7947.33 2.45 1.93 -79.8 -0.376    19.45 21.22 04a60054o0637c 0xc00800
60057.167919 19.743105      NaN   10    12 c    0   1.12 197.6278 -1.31086  2361.43 1443.47 2.73 2.13  47.7 -0.379    19.40 21.26 04a60057o0407c 0xc00800
60057.171524 20.103715      NaN   -1    11 c    0   1.07 197.6278 -1.31086  2383.54 1478.65 2.67 2.05  50.1 -0.389    19.44 21.25 04a60057o0415c 0xc00800
60057.177420 19.791368      NaN    5    13 c    0   0.97 197.6278 -1.31086  2328.99 1393.77 2.68 2.07  46.4 -0.389    19.40 21.23 04a60057o0428c 0xc00800
60057.212944 19.868040      NaN    8    11 c    0   1.44 197.6278 -1.31086  2330.82 1477.16 2.70 2.01  47.1 -0.395    19.39 21.19 04a60057o0504c 0xc00800
60082.836688 20.321591      NaN   -2     9 c    0   0.88 197.6278 -1.31086  8710.03 3648.12 2.76 2.38 -53.0 -0.388    19.63 21.65 03a60083o0330c 0xc00800
60082.840404 20.449472      NaN   -6     8 c    0   1.35 197.6278 -1.31086  8728.51 3687.97 2.71 2.36 -53.6 -0.394    19.63 21.64 03a60083o0338c 0xc00800
60082.846400 20.137125      NaN    2    10 c    0   1.29 197.6278 -1.31086  8672.44 3610.48 2.77 2.44 -55.9 -0.396    19.58 21.66 03a60083o0351c 0xc00800
60082.881317 19.529530      NaN   17    13 c    0   0.96 197.6278 -1.31086  8650.74 3730.08 2.51 2.26 -53.7 -0.407    19.15 21.11 03a60083o0425c 0xc00800
60088.844015 19.696897      NaN    9    13 c    0   0.84 197.6278 -1.31086  6714.90 1767.89 2.55 2.34 -26.5 -0.405    19.32 21.11 03a60089o0340c 0xc00800
60088.847283 20.244005      NaN    2     9 c    0   1.95 197.6278 -1.31086  6733.22 1807.64 2.71 2.44 -25.5 -0.403    19.41 21.25 03a60089o0347c 0xc00800
60088.853707 20.009244      NaN    6    10 c    0   1.39 197.6278 -1.31086  6677.00 1728.57 2.59 2.34 -33.1 -0.399    19.32 21.11 03a60089o0361c 0xc00800
60088.863855 20.321591      NaN   -6     9 c    0   1.26 197.6278 -1.31086  6657.03 1846.66 2.59 2.36 -42.3 -0.403    19.58 21.40 03a60089o0383c 0xc00800
60108.066887 20.009244      NaN  -11    12 c    0   1.06 197.6278 -1.31086   631.29 5379.86 2.71 2.20  58.8 -0.376    19.38 21.50 04a60108o0278c 0xc00800
60108.077213 20.103715      NaN   -5    11 c    0   0.90 197.6278 -1.31086   655.92 5409.67 2.65 2.16  61.2 -0.376    19.42 21.47 04a60108o0300c 0xc00800
60108.080385 20.207197      NaN   -5    10 c    0   1.19 197.6278 -1.31086   597.75 5330.19 2.65 2.16  59.8 -0.377    19.43 21.50 04a60108o0307c 0xc00800
60108.086409 20.103715      NaN  -14    11 c    0   1.06 197.6278 -1.31086   580.54 5443.13 2.69 2.17  60.3 -0.372    19.40 21.48 04a60108o0320c 0xc00800
60111.040667 20.103715      NaN   -2    11 c    0   0.92 197.6278 -1.31086  4504.31 5189.28 2.07 1.99 -32.3 -0.382    19.41 21.30 04a60111o0225c 0xc00800
60111.051646 20.207197      NaN  -34    10 c    0   1.09 197.6278 -1.31086  4531.01 5219.41 2.07 2.02 -53.8 -0.378    19.40 21.35 04a60111o0248c 0xc00900
60111.054388 20.207197      NaN  -19    10 c    0   1.35 197.6278 -1.31086  4474.06 5139.78 2.07 2.01 -43.9 -0.376    19.37 21.32 04a60111o0254c 0xc00800
60111.059442 20.103715      NaN  -10    11 c    0   0.95 197.6278 -1.31086  4457.11 5251.95 2.06 1.99 -50.0 -0.380    19.40 21.33 04a60111o0265c 0xc00800
60136.714141 20.321591      NaN  -12     9 c    0   1.07 197.6278 -1.31086  2520.61 5250.72 2.39 2.21 -36.8 -0.397    19.66 21.35 03a60137o0060c 0xc00800
60136.717325 19.868040      NaN   11    10 c    0   0.80 197.6278 -1.31086  2538.71 5289.63 2.35 2.16 -49.3 -0.400    19.68 21.40 03a60137o0067c 0xc00900
60136.724217 19.791368      NaN   17     9 c    0   0.97 197.6278 -1.31086  2482.82 5211.58 2.37 2.16 -53.8 -0.401    19.69 21.45 03a60137o0082c 0xc00800
60136.736163 20.321591      NaN  -20     9 c    0   0.91 197.6278 -1.31086  2459.09 5326.50 2.42 2.20 -51.5 -0.397    19.69 21.49 03a60137o0108c 0xc00800
60142.728934 19.894850      NaN   10    10 c    0   1.16 197.6278 -1.31086   857.12 7921.00 2.57 2.41 -34.7 -0.375    19.55 21.29 03a60143o0086c 0xc00900
60142.732255 19.631075      NaN   15    12 c    0   0.97 197.6278 -1.31086   875.39 7960.19 2.71 2.49 -30.8 -0.374    19.53 21.31 03a60143o0093c 0xc00800
60142.742427 20.009244      NaN  -11    12 c    0   0.84 197.6278 -1.31086   818.22 7881.87 2.87 2.52 -24.8 -0.377    19.48 21.34 03a60143o0115c 0xc00800
60142.747587 20.207197      NaN   -4    10 c    0   1.34 197.6278 -1.31086   796.58 7998.03 2.72 2.45 -34.1 -0.372    19.53 21.36 03a60143o0126c 0xc00800
60145.717277 19.841877      NaN  -14    14 c    0   0.98 197.6278 -1.31086  4058.36 9543.39 3.48 2.89 -15.7 -0.353    19.24 21.14 03a60146o0054c 0xc00800
60145.727431 19.922338      NaN  -11    13 c    0   0.98 197.6278 -1.31086  4020.89 9502.71 3.21 2.78 -23.4 -0.359    19.31 21.23 03a60146o0076c 0xc00800
60145.742668 20.321591      NaN   -5     9 c    0   1.96 197.6278 -1.31086  3999.95 9617.39 3.14 2.66 -20.0 -0.354    19.41 21.31 03a60146o0107c 0xc00800
60161.966885 18.214605      NaN   53    45 c    0   1.10 197.6278 -1.31086 10493.04 9720.65 3.22 3.02 -15.7 -0.371    18.52 19.55 04a60162o0030c 0xc00900
60161.970055 18.511660      NaN   32    37 c    0   0.92 197.6278 -1.31086 10512.68 9759.25 3.20 3.03 -19.8 -0.379    18.80 20.08 04a60162o0037c 0xc00800
60161.971859 19.631075      NaN  -22    17 c    0   1.16 197.6278 -1.31086   323.11 9723.91 3.26 2.52 -83.1 -0.331    19.03 20.37 04a60162o0041c 0xc00900
60161.975044 19.696897      NaN  -29    16 c    0   1.18 197.6278 -1.31086   342.16 9762.30 3.23 2.39 -81.2 -0.325    19.11 20.61 04a60162o0048c 0xc00800
60161.976870 19.063754      NaN   23    21 c    0   1.05 197.6278 -1.31086 10451.25 9678.63 3.09 2.87 -25.3 -0.397    19.10 20.59 04a60162o0052c 0xc00900
60161.981408 19.922338      NaN   -3    13 c    0   1.76 197.6278 -1.31086   284.45 9681.92 3.25 2.55 -81.7 -0.338    19.18 20.78 04a60162o0062c 0xc00800
60161.992866 19.128787      NaN   24    19 c    0   1.11 197.6278 -1.31086 10430.04 9794.99 3.22 2.88 -25.3 -0.387    19.08 20.67 04a60162o0087c 0xc00800
60161.994677 19.766969      NaN  -22    15 c    0   1.28 197.6278 -1.31086   262.92 9797.68 3.22 2.37 -80.7 -0.349    19.14 20.79 04a60162o0091c 0xc00800
60168.968080 18.836735      NaN   16    30 c    0   1.23 197.6278 -1.31086  2485.66 3308.74 2.50 2.20  48.1 -0.380    18.43 19.39 04a60169o0027c 0xc00800
60168.971242 19.115465      NaN   25    19 c    0   1.26 197.6278 -1.31086  2503.89 3346.86 2.56 2.19  48.9 -0.380    18.80 19.97 04a60169o0034c 0xc00800
60168.978541 19.743105      NaN    1    15 c    0   1.20 197.6278 -1.31086  2442.23 3267.19 2.45 2.12  49.5 -0.385    19.08 20.66 04a60169o0050c 0xc00800
60168.991340 19.569016      NaN    9    15 c    0   1.01 197.6278 -1.31086  2420.82 3384.38 2.49 2.14  48.3 -0.382    19.20 20.75 04a60169o0078c 0xc00800
60296.620142 19.183773      NaN   29    16 c    0   1.08 197.6278 -1.31086  4458.25 9349.06 2.63 2.59 -45.9 -0.388    19.16 20.73 02a60296o0916c 0xc00900
60296.623310 19.589310      NaN   11    14 c    0   0.97 197.6278 -1.31086  4475.08 9386.90 2.64 2.61  26.0 -0.379    19.26 20.86 02a60296o0923c 0xc00800
60296.628745 17.568114      NaN  143    66 c    0   0.89 197.6278 -1.31086  4415.75 9308.57 2.52 2.48 -37.9 -0.400    17.02 18.51 02a60296o0935c 0xc00900
60296.646031 19.922338      NaN   -7    13 c    0   1.50 197.6278 -1.31086  4388.87 9426.21 2.58 2.55   1.8 -0.387    19.34 20.88 02a60296o0972c 0xc00900
60329.033945 19.652575      NaN   17    11 c    0   1.13 197.6278 -1.31086    53.44 9010.34 2.72 2.38 -54.2 -0.381    19.56 21.32 03a60329o0549c 0xc00800
60329.038528 20.207197      NaN  -24    10 c    0   1.37 197.6278 -1.31086 10147.39 9174.67 2.86 2.37 -54.1 -0.392    19.50 21.26 03a60329o0559c 0xc00900
60329.041695 19.950541      NaN    2    12 c    0   1.11 197.6278 -1.31086 10127.40 9134.92 2.86 2.40 -56.9 -0.393    19.49 21.27 03a60329o0566c 0xc00800
60329.042151 20.039830      NaN    2    11 c    0   1.02 197.6278 -1.31086    77.02 8891.71 2.73 2.47 -40.6 -0.373    19.55 21.32 03a60329o0567c 0xc00800
60329.046238 20.009244      NaN  -14    12 c    0   0.98 197.6278 -1.31086 10185.23 9214.77 2.88 2.44 -60.1 -0.394    19.50 21.27 03a60329o0575c 0xc00800
60329.081474 20.103715      NaN  -15    11 c    0   1.15 197.6278 -1.31086 10201.68 9102.22 2.68 2.33 -58.6 -0.394    19.57 21.23 03a60329o0651c 0xc00800
60348.570892 19.841877      NaN    9    11 c    0   0.66 197.6278 -1.31086  4341.05 3236.18 2.58 2.33  39.2 -0.413    19.59 21.44 02a60348o0783c 0xc00800
60348.600129 19.950541      NaN   11     9 c    0   1.61 197.6278 -1.31086  6152.13 7266.17 2.89 2.53  40.2 -0.390    19.50 21.41 02a60348o0842c 0xc00800
60348.627342 19.841877      NaN    9    11 c    0   0.94 197.6278 -1.31086  6217.39 7352.05 2.79 2.43  40.5 -0.401    19.55 21.41 02a60348o0900c 0xc00800
60348.630146 20.103715      NaN  -28    11 c    0   0.85 197.6278 -1.31086  6237.85 7239.20 2.86 2.52  40.4 -0.394    19.53 21.41 02a60348o0906c 0xc00900
60352.558219 20.009244      NaN   -1    12 c    0   0.84 197.6278 -1.31086  8539.57 1584.46 2.59 2.29 -64.7 -0.412    19.50 21.25 02a60352o0751c 0xc00800
60352.560026 19.950541      NaN    8    10 c    0   0.77 197.6278 -1.31086  8556.49 1623.87 2.51 2.22 -64.3 -0.417    19.55 21.26 02a60352o0755c 0xc00800
60352.563190 20.207197      NaN   -4    10 c    0   1.15 197.6278 -1.31086  8500.38 1545.68 2.50 2.22 -63.4 -0.419    19.54 21.26 02a60352o0762c 0xc00800
60352.568268 20.207197      NaN   -8    10 c    0   1.08 197.6278 -1.31086  8482.34 1664.43 2.52 2.25 -65.2 -0.415    19.55 21.28 02a60352o0773c 0xc00800