    0.108743064611439816E+00   -0.194447511896813978E+02    0.105494212256030306E+01    0.101176584395554192E+01    0.747759262405830322E-02    0.228407844103902580E+01   -0.160003531612579208E+01   -0.757481057309762340E-01   -0.396671567463671826E+01   -0.441786091662817876E-01    0.993272460357908227E-01   -0.345025634052979036E+00   -0.344059896512883129E-01   -0.102818888183476753E+01   -0.299045487330022697E+01   -0.391195633965034517E+01    1
    0.108225586782681155E+00   -0.194934879376114409E+02    0.104439449033658982E+01    0.885738830877018213E+00    0.610513400971230118E-02    0.228746502023984721E+01   -0.201876303015903868E+01   -0.714020027387356759E-01   -0.383205924059792213E+01   -0.378696741883955343E-01   -0.174475524595640516E-01   -0.298309625860621319E+00   -0.399706067010072788E-01   -0.107515733963524762E+01   -0.286705340960823252E+01   -0.393195633965034208E+01    1
    0.106969584963811953E+00   -0.196712917131864238E+02    0.104815004948922863E+01    0.827991865460177001E+00    0.497683983398025057E-02    0.228623073675974231E+01   -0.171826218832650901E+01   -0.753834757249943338E-01   -0.403338881715953601E+01   -0.212266701084091389E-01    0.367310552285939410E-01   -0.344898920160953526E+00   -0.359773559415500488E-01   -0.108021121452351920E+01   -0.283506926761189915E+01   -0.395195633965034165E+01    1
    0.109075083578436913E+00   -0.195369725932111038E+02    0.104776650796145310E+01    0.101538013477410449E+01    0.458630269766558026E-02    0.228359190236816634E+01   -0.169679605687250978E+01   -0.752416038368009660E-01   -0.405398626905363191E+01   -0.358470646897190021E-01    0.138922081548669227E-01   -0.282725956304703929E+00   -0.430354903755606824E-01   -0.107031580349179856E+01   -0.269246982879878782E+01   -0.397195633965034300E+01    1
    0.109186244162327528E+00   -0.198687644177240514E+02    0.104939571343599503E+01    0.772288411046917034E+00    0.734759560160974309E-02    0.228206865500651590E+01   -0.185955651837366331E+01   -0.864252073752683342E-01   -0.395369911511823480E+01   -0.419288639221395282E-01    0.191858732985532021E-01   -0.196321342882019606E+00   -0.434491999505936186E-01   -0.105182584719804550E+01   -0.258026262839064158E+01   -0.399195633965034391E+01    1
    0.108088211908845475E+00   -0.196228172875072708E+02    0.106095472093645560E+01    0.801205138752615009E+00    0.669712531645884259E-02    0.227960458387165943E+01   -0.193254207116924714E+01   -0.700209844486115729E-01   -0.389707155440861186E+01   -0.296581889049808145E-01    0.113724888052877185E-02   -0.441631331863462928E-01   -0.422614546543783332E-01   -0.106349558914574427E+01   -0.254526003172802051E+01   -0.401195633965034215E+01    1
    0.107884542497000330E+00   -0.197732739775025621E+02    0.105823007422349957E+01    0.974147225924434479E+00    0.583138642839279176E-02    0.228152808088969072E+01   -0.151789836213837992E+01   -0.841270080816350907E-01   -0.449287478705635657E+01   -0.289656560386395631E-01   -0.112117086632088178E+00   -0.354753559913541072E+00   -0.471979387884779861E-01   -0.108224919383363538E+01   -0.254260405442692816E+01   -0.403195633965034173E+01    1
    0.106306527751615809E+00   -0.195598901030539238E+02    0.104635204316609176E+01    0.682016384142576149E+00    0.622324957509946732E-02    0.228685733388971490E+01   -0.148585756113884226E+01   -0.784641434569317148E-01   -0.437542813036785638E+01   -0.263779738418726817E-01    0.375432782581901353E-01   -0.229222850843949999E+00   -0.489993241844954158E-01   -0.106745898397826577E+01   -0.252516845384599486E+01   -0.405195633965034396E+01    1
    0.110123576599016434E+00   -0.197860821614648614E+02    0.105185947967461679E+01    0.736830189544890102E+00    0.773528346624729937E-02    0.227944936238500340E+01   -0.200714247567102921E+01   -0.762440734228916617E-01   -0.386992141381439314E+01   -0.177619980400906229E-01    0.121590833472211782E-01   -0.220906709621684766E+00   -0.394995921457288388E-01   -0.107291507830829813E+01   -0.252175403507115536E+01   -0.407195633965034443E+01    1
    0.107593122094243918E+00   -0.196847125045706655E+02    0.104740574794276453E+01    0.888461727150863356E+00    0.825103017275446819E-02    0.228363586376434302E+01   -0.213611458182779934E+01   -0.786770708144143016E-01   -0.378662906316639081E+01   -0.332004624862007255E-01   -0.498422998421369032E-02   -0.385280503784197870E+00   -0.414361948673998837E-01   -0.104747526083382514E+01   -0.251986309970676947E+01   -0.409195633965034400E+01    1
    0.108281986750119144E+00   -0.198053276790409676E+02    0.106185704822285487E+01    0.708244684520691337E+00    0.735312866193320487E-02    0.228294239634552820E+01   -0.163561624436463360E+01   -0.737908187287108219E-01   -0.365858275344788364E+01   -0.258931891325149821E-01   -0.948794171168821227E-01   -0.310589946050633336E+00   -0.470754016529249045E-01   -0.104250015379564109E+01   -0.250693135101267428E+01   -0.411195633965034357E+01    1
    0.107080612081198276E+00   -0.198893652777230869E+02    0.105295307658684778E+01    0.803001759550555749E+00    0.758677624048004901E-02    0.228578286464560820E+01   -0.193417513512479844E+01   -0.822285923357848891E-01   -0.390963883486645081E+01   -0.512368760213398333E-01   -0.850979630624117411E-01   -0.259581011618634117E+00   -0.388909867328960032E-01   -0.107227094158722758E+01   -0.248637513732254467E+01   -0.413195633965034226E+01    1
    0.107717598680182394E+00   -0.196776459873284999E+02    0.104979428639169137E+01    0.866208775519786034E+00    0.413038948723749855E-02    0.228306307363383176E+01   -0.166920926503751543E+01   -0.777451052832013045E-01   -0.388350953729475901E+01   -0.219783567037709002E-01   -0.326100509729079016E-01   -0.380362129518621028E+00   -0.423171925150359549E-01   -0.105357370181295917E+01   -0.247979131598657121E+01   -0.415195633965034450E+01    1
    0.110092436894225418E+00   -0.196395539912995893E+02    0.104890357089229580E+01    0.820118788851408875E+00    0.643455982489047652E-02    0.228005130371345777E+01   -0.177818443683318184E+01   -0.831227621563366964E-01   -0.365497597271402652E+01   -0.451440406405346772E-01   -0.623590850432420712E-01   -0.376839079050874881E+00   -0.457993452914832316E-01   -0.105379904372059308E+01   -0.247845477950553805E+01   -0.417195633965034762E+01    1
    0.106636024147586370E+00   -0.196683237219582452E+02    0.105249201971514350E+01    0.837170123211887440E+00    0.552916988839587380E-02    0.228593680208210559E+01   -0.190352092616601354E+01   -0.770045913798060866E-01   -0.416001747847777814E+01   -0.375475247955420061E-01   -0.741731674985920825E-01   -0.309166153228189189E+00   -0.402991969209651260E-01   -0.110012623022766332E+01   -0.247195059156311236E+01   -0.419195633965034720E+01    1
    0.108411156927249022E+00   -0.197228373412247251E+02    0.105436396393489940E+01    0.924505199155399415E+00    0.660579092904756224E-02    0.227963783659657837E+01   -0.162053670359940605E+01   -0.741446246389683011E-01   -0.426568884689188454E+01   -0.395395327717685610E-01   -0.157647980045465888E-01   -0.296971217501948437E+00   -0.459102204718403045E-01   -0.105534890766739631E+01   -0.246967651958489531E+01   -0.421195633965034677E+01    1
    0.109462740003624937E+00   -0.195472273715856772E+02    0.105799367820447254E+01    0.765026855844333165E+00    0.707108593005655994E-02    0.228260473456910340E+01   -0.174956111391698133E+01   -0.753013766689560743E-01   -0.429375860493955575E+01   -0.200849210250835103E-01    0.344835584004873838E-01   -0.395067665910370347E+00   -0.492481876233635540E-01   -0.105444619905030135E+01   -0.246610385071446236E+01   -0.423195633965034279E+01    1
    0.108395166010940389E+00   -0.196663903588238185E+02    0.105723378747123364E+01    0.861458785608363420E+00    0.539931374299893081E-02    0.228663610271297379E+01   -0.201480569139904908E+01   -0.754479673937925033E-01   -0.403596466953735256E+01   -0.330325739491838452E-01   -0.648239158704718293E-01   -0.173415431871334735E+00   -0.453924142451886739E-01   -0.106562031721227712E+01   -0.246432310567613611E+01   -0.425195633965034059E+01    1
    0.111174485908388299E+00   -0.195080663914982857E+02    0.105561624891010886E+01    0.827106534161921036E+00    0.621785407299486458E-02    0.228320266253402426E+01   -0.171637093738268187E+01   -0.756823163087367995E-01   -0.454757170095274610E+01   -0.351470637280654127E-01   -0.942234811670067049E-02   -0.241273340153135563E+00   -0.501381208203892162E-01   -0.105333518035865459E+01   -0.246177434714901988E+01   -0.427195633965034727E+01    1
    0.110166392587633138E+00   -0.199602831651715498E+02    0.104998992686796089E+01    0.832182544631429377E+00    0.642188109733952527E-02    0.228224713397050882E+01   -0.191048549689625746E+01   -0.768458455726389322E-01   -0.412068498034870956E+01   -0.311946372754469924E-01   -0.254195183447536097E-01   -0.256545175396286018E+00   -0.484767298711236971E-01   -0.103356194424859082E+01   -0.245700013227953473E+01   -0.429195633965034329E+01    1
    0.111690603793775628E+00   -0.198105837165982699E+02    0.105555302200570766E+01    0.897187478771619085E+00    0.684566620717987767E-02    0.228080605180386353E+01   -0.165918225243091677E+01   -0.827923974521830447E-01   -0.410058015886435623E+01   -0.314674500042396096E-01   -0.695170614621487548E-01   -0.348773966368097155E+00   -0.450391302698488066E-01   -0.105306975517629353E+01   -0.245465854780948600E+01   -0.431195633965034109E+01    1
    0.108085074733514822E+00   -0.196758335330512324E+02    0.105701236313406333E+01    0.980286912568154367E+00    0.505100405254461753E-02    0.228636951808251609E+01   -0.176656855362138887E+01   -0.815013332989405342E-01   -0.442597096042992710E+01   -0.411048585326129548E-01   -0.187767741181153486E-02   -0.239867394089929103E+00   -0.454344369465607203E-01   -0.108529891066780371E+01   -0.245225157027319840E+01   -0.433195633965034244E+01    1
    0.108131834135280103E+00   -0.197255932140429699E+02    0.105047791464894225E+01    0.827511080460820225E+00    0.623041595027416621E-02    0.227945904425645773E+01   -0.159951294477001293E+01   -0.790581643003542417E-01   -0.365131785807677822E+01   -0.365032911467256665E-01    0.546350942198768966E-01   -0.302354523625444405E+00   -0.476289789140578387E-01   -0.103935576847568067E+01   -0.244582513107907085E+01   -0.435195633965034201E+01    1
    0.108417038457703604E+00   -0.194506747557443163E+02    0.104823020006196188E+01    0.850112255989424082E+00    0.601394292203093032E-02    0.228440317396318804E+01   -0.180062391308944947E+01   -0.760204899677516532E-01   -0.455236088627629876E+01   -0.315174419251592550E-01   -0.330786717379740469E-01   -0.271909460234992018E+00   -0.443396649731300288E-01   -0.106309481840914954E+01   -0.244538987560312338E+01   -0.437195633965034336E+01    1
    0.108769939772210000E+00   -0.196158328646526030E+02    0.105812563120895686E+01    0.866241982726124848E+00    0.690675470154683210E-02    0.228098390774781468E+01   -0.188088609781859528E+01   -0.783568084104315360E-01   -0.382202021357163213E+01   -0.413086156265499993E-01    0.494390075322920786E-01   -0.222053056970629326E+00   -0.452165925798258539E-01   -0.105560308805636560E+01   -0.243889185693753374E+01   -0.439195633965034649E+01    1
    0.108066087589916510E+00   -0.195383841082383753E+02    0.105391490202344928E+01    0.791217931264467378E+00    0.631424115388272422E-02    0.228304432778126642E+01   -0.157968403397046897E+01   -0.788596678416025182E-01   -0.415083241044555518E+01   -0.437348037184449936E-01   -0.100615719258770692E+00   -0.263311119756252321E+00   -0.476034974451745377E-01   -0.106760988626887277E+01   -0.243642757111077790E+01   -0.441195633965034784E+01    1
    0.108476036576453411E+00   -0.197615358519215754E+02    0.105771058932975226E+01    0.866140279168882921E+00    0.579200347607883477E-02    0.227846504861656074E+01   -0.168738089511830003E+01   -0.796949482468873732E-01   -0.399530077163256658E+01   -0.353059071121659754E-01    0.205104919777790232E-01   -0.272983363805647583E+00   -0.453105308011409053E-01   -0.106285346555172211E+01   -0.243296100440029051E+01   -0.443195633965034474E+01    1
    0.108375095581637756E+00   -0.197727359395426951E+02    0.105377507891936628E+01    0.822477831903907441E+00    0.477525262671209261E-02    0.228261240810938526E+01   -0.165302122414883512E+01   -0.790954828651212194E-01   -0.429695885855307669E+01   -0.283485293004973188E-01    0.623733892217235505E-01   -0.235406534835377879E+00   -0.480871088631962124E-01   -0.103724494720680172E+01   -0.242892186189754833E+01   -0.445195633965034343E+01    1
    0.108658938480819658E+00   -0.195250388096868583E+02    0.105263415362230339E+01    0.841238652284831745E+00    0.579941096599875285E-02    0.228362306560948269E+01   -0.185670100931020010E+01   -0.802479287519392154E-01   -0.393523986359734312E+01   -0.347311664404145667E-01   -0.420675157329433794E-01   -0.284975892094331218E+00   -0.490255290802358440E-01   -0.107146873767933792E+01   -0.242278509647685558E+01   -0.447195633965034745E+01    1
    0.106849093358180061E+00   -0.197170450765498053E+02    0.105275481157481621E+01    0.759235045138777931E+00    0.593317064040327444E-02    0.228329846247934443E+01   -0.168449043802402221E+01   -0.769266988157364662E-01   -0.421546778347666518E+01   -0.195340343367308364E-01    0.713303002515699169E-01   -0.273810234679251530E+00   -0.463030662113495528E-01   -0.105514009578809875E+01   -0.242198821817818422E+01   -0.449195633965034435E+01    1
    0.108692968583384744E+00   -0.197237713045727077E+02    0.105123706234106407E+01    0.790040281528362032E+00    0.552951051549977705E-02    0.228486845736840083E+01   -0.171243423938266259E+01   -0.778691983710871061E-01   -0.365935269255483853E+01   -0.407780665376150792E-01    0.612029754832707842E-01   -0.365726810078984998E+00   -0.455485242933575049E-01   -0.104594846748325732E+01   -0.242026327547704367E+01   -0.451195633965034482E+01    1
    0.108980940657048928E+00   -0.195998832228143129E+02    0.105037248338212263E+01    0.684242348947872947E+00    0.632824151475652914E-02    0.228487741826222868E+01   -0.172601830083917340E+01   -0.746088368065613156E-01   -0.375901043374819199E+01   -0.450389739555193611E-01   -0.862921719166420340E-02   -0.201339770505312543E+00   -0.428313026622203288E-01   -0.105420280335825822E+01   -0.242014903825797756E+01   -0.453195633965034705E+01    1
    0.107766437611524407E+00   -0.194085772588971821E+02    0.105804185287697639E+01    0.763057387922084773E+00    0.620162035040232752E-02    0.228253022444478848E+01   -0.142344304559063040E+01   -0.813593205477828041E-01   -0.415399707070826896E+01   -0.339238849805302556E-01    0.250170622482117772E-01   -0.181363543007258793E+00   -0.400021799662286862E-01   -0.105864185957869772E+01   -0.241901863047038290E+01   -0.455195633965034396E+01    1
    0.107067142342130273E+00   -0.197452375193044247E+02    0.106209686021466454E+01    0.918534428144255566E+00    0.627179820581562006E-02    0.228273431835310081E+01   -0.183016830595691049E+01   -0.770856013479768176E-01   -0.395008512321923266E+01   -0.509305475292348570E-01   -0.480028696515860734E-01   -0.161088999356262030E+00   -0.414189016839519586E-01   -0.106608231025509204E+01   -0.241856137010347183E+01   -0.457195633965034354E+01    1
    0.109741888275916688E+00   -0.194938204202055729E+02    0.104942153478614353E+01    0.939849611677234353E+00    0.683629204015807814E-02    0.227989214923456096E+01   -0.211787376860671106E+01   -0.831419628297218327E-01   -0.432255237445827234E+01   -0.372879835387589023E-01    0.126286182576412862E-01   -0.336546800762215381E+00   -0.396988674525143095E-01   -0.104642399806790554E+01   -0.241669175849415208E+01   -0.459195633965034666E+01    1
    0.111142912704452548E+00   -0.196779127605181756E+02    0.105385535558681998E+01    0.801498169931518789E+00    0.615834949379423340E-02    0.228262747275574762E+01   -0.189463638016977365E+01   -0.792364610558156102E-01   -0.415298215310077090E+01   -0.342852334365699660E-01   -0.316193300069634517E-01   -0.134699325791629854E+00   -0.441162950069392754E-01   -0.104821435932112172E+01   -0.241580135272708718E+01   -0.461195633965034801E+01    1
    0.109213077953603563E+00   -0.196407224941666954E+02    0.104880903844461160E+01    0.887037200999081010E+00    0.559238963741115480E-02    0.228410851876321930E+01   -0.207399837429232159E+01   -0.827562136095760514E-01   -0.381007157848351508E+01   -0.303010842842640488E-01    0.333176838263466585E-02   -0.216780700472476828E+00   -0.460697858230046525E-01   -0.104279100706129868E+01   -0.241525621763734888E+01   -0.463195633965034759E+01    1
    0.108406461894716671E+00   -0.197976483007292394E+02    0.105091987308184964E+01    0.953341701319388557E+00    0.633230526989209033E-02    0.228322850512389852E+01   -0.159381393155094231E+01   -0.780066863860816445E-01   -0.398492321668795002E+01   -0.295907445343654533E-01    0.495132922371921899E-01   -0.429166775690033142E+00   -0.430770225466171747E-01   -0.108946200952871131E+01   -0.241440259358432785E+01   -0.465195633965034716E+01    1
    0.110217842869086050E+00   -0.195285823086832053E+02    0.105074560583784926E+01    0.938724884883410660E+00    0.590429711421945266E-02    0.228254242688332987E+01   -0.204735725896945020E+01   -0.834018484068791699E-01   -0.380223516455601551E+01   -0.463185665403912442E-01   -0.167408742353953709E-02   -0.232990892697044816E+00   -0.458754778776512551E-01   -0.103327613190399070E+01   -0.241368809914231708E+01   -0.467195633965034407E+01    1
    0.109837766274668097E+00   -0.194460344351153793E+02    0.105936846317061817E+01    0.872291190900585600E+00    0.589663006244791309E-02    0.228441720779834379E+01   -0.165362697723730889E+01   -0.822823519699214107E-01   -0.421045807947439776E+01   -0.495425927162451638E-01   -0.664794635432422037E-01   -0.445499049473091935E+00   -0.478430731171483881E-01   -0.102476527094432646E+01   -0.241336217785064777E+01   -0.469195633965034364E+01    1
    0.107288542915818172E+00   -0.196564445825070777E+02    0.105845390390701621E+01    0.898997362137634259E+00    0.646355935537077254E-02    0.228275024308023466E+01   -0.188186349871812508E+01   -0.733197767744754592E-01   -0.383551938631749634E+01   -0.302709554954182988E-01    0.184968051275399281E-01   -0.285759046558918262E+00   -0.430666457308785250E-01   -0.101983604374572567E+01   -0.241263448457518814E+01   -0.471195633965034677E+01    1
    0.106376579245769862E+00   -0.197196414594414478E+02    0.105485907664307521E+01    0.769555825173141250E+00    0.603339682192062694E-02    0.228001190563112166E+01   -0.169189505075135016E+01   -0.750782521741163444E-01   -0.435137787658859843E+01   -0.426612978144924812E-01   -0.143778506209034131E-01   -0.269903432949119504E+00   -0.382562727959255208E-01   -0.107168562439791559E+01   -0.241236046982968499E+01   -0.473195633965034634E+01    1
    0.108123296527840446E+00   -0.195843941352028388E+02    0.104997006102072854E+01    0.804959155563881645E+00    0.614878884202559126E-02    0.228224505721117188E+01   -0.196434084995571356E+01   -0.840350598207848243E-01   -0.415258026186107987E+01   -0.311383347554181414E-01    0.715444739786477851E-01   -0.258162929327959645E+00   -0.430125345993888561E-01   -0.100419774516429650E+01   -0.241187793830143304E+01   -0.475195633965034325E+01    1
    0.111223738152912727E+00   -0.196559142584611202E+02    0.105841414546565216E+01    0.874434885174329324E+00    0.552615816055805707E-02    0.228205003997592426E+01   -0.200922441907825666E+01   -0.780546358133505230E-01   -0.422244642030815598E+01   -0.274113403374625780E-01   -0.169586868184232430E-01   -0.323125161753807955E+00   -0.490654614274230946E-01   -0.109153002330565796E+01   -0.240893109512414139E+01   -0.477195633965034460E+01    1
    0.109143232547290039E+00   -0.196264763242802793E+02    0.105511700349392901E+01    0.871934010632402612E+00    0.713793905080269651E-02    0.228289835378729400E+01   -0.186006965471388619E+01   -0.787752564737928679E-01   -0.417360408896929158E+01   -0.331724868951950996E-01   -0.200893590264211927E-01   -0.416484548251289222E+00   -0.429759086253412997E-01   -0.106059898921211926E+01   -0.240876535593208851E+01   -0.479195633965034506E+01    1
    0.109708823575252565E+00   -0.196654908409941029E+02    0.105542223486685982E+01    0.876665093870419021E+00    0.553869159104806042E-02    0.228426671977538254E+01   -0.137538608032871679E+01   -0.765066448282639977E-01   -0.369408810437920021E+01   -0.266766232927386562E-01    0.248887564884215165E-01   -0.385625854994788797E+00   -0.450981571689951302E-01   -0.109277330254242555E+01   -0.240853375149919691E+01   -0.481195633965034641E+01    1
    0.108500878689030522E+00   -0.195825665554312103E+02    0.105508447569803887E+01    0.906429342660965309E+00    0.599029024622114731E-02    0.228257284928552417E+01   -0.180019110281915751E+01   -0.756766343097590027E-01   -0.433664803795007359E+01   -0.235773289318155985E-01   -0.627782228070104548E-02   -0.278438027699179358E+00   -0.473023097881485818E-01   -0.107436413898615446E+01   -0.240848035379635617E+01   -0.483195633965034776E+01    1
    0.105445330356688849E+00   -0.195728092767915953E+02    0.105298430183308334E+01    0.769733917896895825E+00    0.546717957014111137E-02    0.228350431098364393E+01   -0.171401165053695559E+01   -0.814860191541125767E-01   -0.420199950184542192E+01   -0.390846598904415476E-01   -0.184017838367805855E-02   -0.310194376131890881E+00   -0.413582178233327796E-01   -0.105199307103540729E+01   -0.240762924326156824E+01   -0.485195633965034734E+01    1
    0.109284604498623705E+00   -0.196544543855990987E+02    0.105187367904672380E+01    0.847140700021322801E+00    0.659710656614035003E-02    0.228325240931597895E+01   -0.153413090881687020E+01   -0.759125355907971228E-01   -0.358829637511457777E+01   -0.341548185094842707E-01   -0.150483780874407277E-01   -0.346025483822916369E+00   -0.414019613642355455E-01   -0.106312099518958814E+01   -0.240750770435941464E+01   -0.487195633965034602E+01    1
    0.109822051373308749E+00   -0.197412108466032414E+02    0.104959580429753174E+01    0.829290344512403133E+00    0.694799033527227806E-02    0.228259819579104262E+01   -0.160935679810118604E+01   -0.779686894011067944E-01   -0.412449313709079046E+01   -0.324903635173047697E-01   -0.539747659817156264E-01   -0.287369241340563908E+00   -0.395728559251230169E-01   -0.105285951581069526E+01   -0.240648739780568244E+01   -0.489195633965034382E+01    1
    0.109576280737079354E+00   -0.197263330195112054E+02    0.105437891358991864E+01    0.803644717623256399E+00    0.632039863532973031E-02    0.228442660949334586E+01   -0.192099062299532886E+01   -0.762839997733085612E-01   -0.394492765113593302E+01   -0.403434300909086691E-01   -0.306719923468860151E-02   -0.346465866413943890E+00   -0.519034631105146291E-01   -0.106021925788573990E+01   -0.240645251208326227E+01   -0.491195633965034428E+01    1
    0.108795805030252754E+00   -0.196845709578209735E+02    0.105069193787765358E+01    0.819667038364465417E+00    0.693844039364442926E-02    0.228440277777609735E+01   -0.207743392695534723E+01   -0.708899035439444353E-01   -0.406434058594531145E+01   -0.389517962728698000E-01   -0.759747920843374253E-01   -0.280473902868517033E+00   -0.504667432743963820E-01   -0.104598094148161924E+01   -0.240417336732054210E+01   -0.493195633965034563E+01    1
    0.107156473262932705E+00   -0.197472061285955149E+02    0.105698955811463202E+01    0.988757953949312984E+00    0.507424758724457376E-02    0.228489962750006192E+01   -0.181834547215272213E+01   -0.797961676573007428E-01   -0.444593738210056078E+01   -0.366657360589541792E-01    0.668982529392070369E-05   -0.406220156880797822E+00   -0.460457854288599464E-01   -0.104847322418290978E+01   -0.240244047118931148E+01   -0.495195633965034610E+01    1
    0.106977501820810450E+00   -0.194590451340972379E+02    0.105172094003357719E+01    0.801546805277649765E+00    0.512145999325150977E-02    0.228148502414182763E+01   -0.167709401671368630E+01   -0.762341858986941151E-01   -0.402808555925989253E+01   -0.409652453987320864E-01    0.162483818683275966E-01   -0.290088103646061690E+00   -0.460070862226207924E-01   -0.108321060291506943E+01   -0.240237496617485435E+01   -0.497195633965034567E+01    1
    0.109637971853786251E+00   -0.196961943542709648E+02    0.105369466671022449E+01    0.829142828322458114E+00    0.692843106543429479E-02    0.228368037532176205E+01   -0.195585256078828884E+01   -0.802550291411377875E-01   -0.402471908799397227E+01   -0.222730176384031142E-01   -0.467230176358886598E-01   -0.369459048025253978E+00   -0.444246924049128827E-01   -0.104926025939887002E+01   -0.240226528896712566E+01   -0.499195633965034435E+01    1
    0.108749984389069410E+00   -0.196392909041995836E+02    0.105078562300251810E+01    0.886691455045905963E+00    0.613011391913469324E-02    0.228174591543541228E+01   -0.187498047507366183E+01   -0.850534081749314136E-01   -0.422011816632601988E+01   -0.266638399353227896E-01   -0.594940801919263823E-01   -0.338620300881698921E+00   -0.412724569956249912E-01   -0.105301288591634590E+01   -0.239927509764395008E+01   -0.501195633965034304E+01    1
    0.109982444407886709E+00   -0.194544700185667345E+02    0.105941965797876270E+01    0.710729248504459177E+00    0.564572189568876646E-02    0.228227427732923482E+01   -0.177512924701054464E+01   -0.779541952938349464E-01   -0.396694273556295496E+01   -0.350264363181980939E-01    0.403185425382502141E-01   -0.315378159089761301E+00   -0.392148435825002278E-01   -0.104735675950424678E+01   -0.239886341196027697E+01   -0.503195633965034617E+01    1
    0.110174434321761688E+00   -0.195709172676295964E+02    0.105558545556056793E+01    0.999993931053243079E+00    0.598096192024080708E-02    0.228316896164832528E+01   -0.197205274031244882E+01   -0.784091881321570677E-01   -0.445831109490151789E+01   -0.354538887729385840E-01    0.420988417288210327E-02   -0.205119117196479517E+00   -0.463290797689042411E-01   -0.106532050462901706E+01   -0.239753983596872500E+01   -0.505195633965034840E+01    1
    0.109390359508078308E+00   -0.195962036373836135E+02    0.105573894094189913E+01    0.887054430968948870E+00    0.540352408181563569E-02    0.228539129300449906E+01   -0.202606272350912864E+01   -0.789202442092016704E-01   -0.385328902386662930E+01   -0.300788285239080889E-01    0.107898652300343942E+00   -0.299706010660471311E+00   -0.481402076563965386E-01   -0.104979247009748522E+01   -0.239724601342254617E+01   -0.507195633965034709E+01    1
    0.108383706480874586E+00   -0.198950703111044298E+02    0.104990865719939053E+01    0.938085463791356378E+00    0.636630152381360837E-02    0.228469773304676416E+01   -0.141545667879863668E+01   -0.800337875596430215E-01   -0.406910026323759055E+01   -0.452865456971529579E-01   -0.140426538352704591E-01   -0.271941572632627748E+00   -0.419575530187932672E-01   -0.102392427446203493E+01   -0.239674679585391193E+01   -0.509195633965034755E+01    1
    0.111683989319274979E+00   -0.198496746619606164E+02    0.105447308405303919E+01    0.742874374420012362E+00    0.516444358303720652E-02    0.228011180233464605E+01   -0.176030623544940501E+01   -0.798142609208140758E-01   -0.427077909158769931E+01   -0.316983400609657379E-01   -0.191940313579649982E-01   -0.493254101333249650E+00   -0.430698405758111191E-01   -0.105144462961248220E+01   -0.239639104876732656E+01   -0.511195633965034979E+01    1
    0.108386723073246288E+00   -0.197842376615724049E+02    0.105141810667831725E+01    0.782099053937835742E+00    0.585072393231685951E-02    0.228002809235506110E+01   -0.190073360274563585E+01   -0.773612352535905795E-01   -0.407179304429771882E+01   -0.491663768745505617E-01   -0.373510055545593286E-01   -0.449404816679060459E+00   -0.397879161973229839E-01   -0.108988104986420975E+01   -0.239495553523086091E+01   -0.513195633965034936E+01    1
