    0.111948007672536334E-01    0.713112216851421437E+02   -0.595842255425260703E-01   -0.191691917373495500E+02    0.559953243151856683E+00    0.104596028888089609E+01    0.215132599233184701E-01    0.188270672372147629E+01   -0.166353799251074408E+01   -0.666175333061175545E-01   -0.397352219758733638E+00   -0.335860594841970839E+00   -0.329785154091031679E-01   -0.210981467324321104E+00   -0.208380911120900236E+00   -0.106869974508122945E+01
    0.113948495396949193E-01    0.712357976746672392E+02   -0.584744605814701696E-01   -0.191703424190499128E+02    0.550543905321414950E+00    0.107952428964603553E+01    0.192947382966267462E-01    0.191194498682586711E+01   -0.158946130868941338E+01   -0.629907191193297550E-01    0.303600571503173433E+00   -0.361166078894042786E+00   -0.251345308517302718E-02   -0.334282932947802425E+00   -0.156420099538039037E+00   -0.106611236365380990E+01
    0.125894200992921861E-01    0.709964070186132119E+02   -0.615150962284878311E-01   -0.191851600761905310E+02    0.554007065403617327E+00    0.105643417655117955E+01    0.194485256531980490E-01    0.187935020544145925E+01   -0.155487725980359981E+01   -0.639943991377607546E-01   -0.111714257720294308E+01   -0.295746288674656022E+00   -0.123355401804098652E+00   -0.291685060199290691E+00   -0.202834452754574873E+00   -0.106727542901500660E+01
    0.134988140426170640E-01    0.708169169259800668E+02   -0.585620748000903885E-01   -0.189673971724012311E+02    0.546109499546311494E+00    0.102106897663241369E+01    0.182551032561664092E-01    0.188979557626248496E+01   -0.154092741638481701E+01   -0.600203081614243544E-01   -0.111156310548922921E+01   -0.303325999291874593E+00    0.336621347962430886E-01   -0.376018522930809618E+00   -0.186922358251830345E+00   -0.107550232939116031E+01
    0.137544152973908991E-01    0.707394008215519108E+02   -0.609206116170354292E-01   -0.189983474688466814E+02    0.557394600942876628E+00    0.108995375155023333E+01    0.201483177792684993E-01    0.189735428932498262E+01   -0.160712622625651291E+01   -0.707548463176696646E-01   -0.873731838036808872E+00   -0.299161624881804311E+00   -0.446683732482582377E-01   -0.177188909077435341E+00   -0.176146736850220059E+00   -0.108434855451882584E+01
    0.138872780498203504E-01    0.706801742461071285E+02   -0.651723886446866629E-01   -0.188341142621050750E+02    0.560585817374232964E+00    0.105949191605296789E+01    0.186633709939413826E-01    0.188662544082298456E+01   -0.179557580964243413E+01   -0.697668260546511210E-01   -0.572958750501859404E+00   -0.357100874724541884E+00   -0.100204099506734728E+00   -0.253631328670965772E+00   -0.199163298994286059E+00   -0.107191175787494819E+01
    0.140308994922556021E-01    0.706195965835146922E+02   -0.598241756516152134E-01   -0.192097172989538301E+02    0.553961406068297801E+00    0.110293371682134622E+01    0.212390354169475874E-01    0.188549259512721057E+01   -0.159940432049086878E+01   -0.609057787170006124E-01   -0.106103284797984232E+01   -0.354016318210054970E+00   -0.608903886791549095E-01   -0.327794352951000012E+00   -0.160873140306398626E+00   -0.104944226934757978E+01
    0.139525918075494269E-01    0.705907900244290545E+02   -0.602435159848965993E-01   -0.191744390977186399E+02    0.561872849010721209E+00    0.108942031917180815E+01    0.216491390061305453E-01    0.188677553766515360E+01   -0.172025302296771576E+01   -0.587056491780280978E-01   -0.159056871029055413E+00   -0.339189059170472984E+00   -0.102724861137418882E+00   -0.325430708402971003E+00   -0.193090720645024999E+00   -0.108110381628224328E+01
    0.140747996436452142E-01    0.705333487137315558E+02   -0.609042887579935993E-01   -0.194225917124949916E+02    0.533408244489111727E+00    0.114570798942647700E+01    0.187831721043711201E-01    0.189601190788337881E+01   -0.138421451667478013E+01   -0.682193814475110655E-01   -0.120877111941364657E+01   -0.298058093832937521E+00   -0.576561103850056766E-01   -0.266357166040301241E+00   -0.216440591009111116E+00   -0.108355995081454748E+01
    0.141137798463485224E-01    0.704878173633399996E+02   -0.587091485406811969E-01   -0.187685861660675819E+02    0.554395103669797162E+00    0.111984897846014930E+01    0.192251686281678658E-01    0.188068283675690218E+01   -0.190225183070678461E+01   -0.737220779137764820E-01   -0.119818390116880424E+01   -0.318813690932308436E+00   -0.609272425786393790E-01   -0.261728709189996411E+00   -0.178182352469672567E+00   -0.106989583926174214E+01
    0.143660463171722316E-01    0.704123855363006754E+02   -0.584922530541873709E-01   -0.190543519929413456E+02    0.558518850020516266E+00    0.104272957436113822E+01    0.182262755202912893E-01    0.187833627250585433E+01   -0.173877614301727701E+01   -0.654727051029430074E-01   -0.291869143611117987E+00   -0.320887449023376570E+00   -0.809528779856726888E-01   -0.381734186749688620E+00   -0.185070564940286647E+00   -0.107757191363181937E+01
    0.142116245396918545E-01    0.703940000732237934E+02   -0.596165633108107079E-01   -0.191371837349376541E+02    0.567633514660173866E+00    0.114253079866828933E+01    0.200395195924461464E-01    0.190533196444413666E+01   -0.173219013055941184E+01   -0.643044965793190954E-01    0.335311921031131721E+00   -0.330131169096698152E+00   -0.501229752337741946E-01   -0.286716677131122755E+00   -0.175548638582939898E+00   -0.107826972267857957E+01
    0.139458770727230539E-01    0.703917527632782480E+02   -0.600539319473421054E-01   -0.189609396852545622E+02    0.537624265915801480E+00    0.110809838565286145E+01    0.186554402024115065E-01    0.188141796674888573E+01   -0.191654583944384815E+01   -0.598600353249232192E-01   -0.661297360780497723E+00   -0.362792886435302275E+00   -0.321650698575702970E-01   -0.271303255977521252E+00   -0.159972421396133824E+00   -0.108036051176347869E+01
    0.136866158842137327E-01    0.703892837666482052E+02   -0.614832689644278022E-01   -0.190971356495781350E+02    0.563390659783157277E+00    0.108787455051316551E+01    0.203140308771381922E-01    0.188280637013777619E+01   -0.165025965813492315E+01   -0.613571836073394522E-01   -0.100750717707875603E+01   -0.251063723896650104E+00   -0.651930184412218144E-01   -0.272575778886037179E+00   -0.168967625318508868E+00   -0.106640480258976589E+01
    0.136372511244557976E-01    0.703565103884805012E+02   -0.633625255941384774E-01   -0.191525704823503915E+02    0.565923850626434577E+00    0.109197340873435000E+01    0.207055253909225606E-01    0.189789946213038485E+01   -0.182856508728137501E+01   -0.625853131142497243E-01   -0.793083154688182246E+00   -0.239822860047790631E+00   -0.180793664847232749E-02   -0.251416371274254258E+00   -0.177801326117295766E+00   -0.108376540002344957E+01
    0.135061201548991126E-01    0.703358347367168761E+02   -0.635289573254134293E-01   -0.191627502791273301E+02    0.558855426572501868E+00    0.112709873978446606E+01    0.195472140772500989E-01    0.191148943656170589E+01   -0.170783567124703839E+01   -0.620517580665129048E-01    0.782588903855190310E-01   -0.280138138167671524E+00   -0.497807579968423050E-01   -0.256946534996612019E+00   -0.159124089643117445E+00   -0.107424817259893723E+01
    0.133207970469126444E-01    0.703234675884033038E+02   -0.659868239936314410E-01   -0.190495503817868617E+02    0.542315738959137539E+00    0.109782354863302611E+01    0.189296450671999419E-01    0.188475324541932254E+01   -0.161083538968471118E+01   -0.597732725331888703E-01   -0.127715845439984088E+01   -0.257796882931778215E+00   -0.692341140174044523E-01   -0.280205730472547876E+00   -0.188694130050054920E+00   -0.106824562125765388E+01
    0.130908216060748213E-01    0.703182979039888920E+02   -0.649114962354760960E-01   -0.190658744682206454E+02    0.565296499174114064E+00    0.111375482946526283E+01    0.192046472018637705E-01    0.188248897020262773E+01   -0.163740755029770035E+01   -0.618589963281923824E-01   -0.961219665833270565E-01   -0.332717996714107733E+00    0.194164156167375354E-01   -0.287445555593587143E+00   -0.207594543601296422E+00   -0.107465935628679587E+01
    0.128358497207708578E-01    0.703176365606768599E+02   -0.635546358770334580E-01   -0.190004667939325458E+02    0.549906240959619597E+00    0.107818191317310719E+01    0.209152199337388975E-01    0.188887153621165993E+01   -0.163456204965146901E+01   -0.715540810738646282E-01   -0.288456920373472703E+00   -0.286473223033735791E+00   -0.242585598343378547E-01   -0.333108585312286209E+00   -0.192511430705261971E+00   -0.107230889377031047E+01
    0.128699087323184379E-01    0.702723367316070409E+02   -0.645509657190874164E-01   -0.191763086100087037E+02    0.548962963663321424E+00    0.108610797684993465E+01    0.199082834095393527E-01    0.188389950226322678E+01   -0.170172497384701904E+01   -0.711677279999240464E-01    0.653235411931786580E+00   -0.265833291450851938E+00   -0.729445784573522354E-01   -0.282607073426447197E+00   -0.171292033519396869E+00   -0.107341235794085632E+01
    0.127240922252370957E-01    0.702551261477747886E+02   -0.620022001988255952E-01   -0.192741336780721078E+02    0.573332910106669313E+00    0.115025243148139467E+01    0.186960532060440922E-01    0.189120892231520021E+01   -0.157313459412234979E+01   -0.636922326915014547E-01   -0.505359679352602065E+00   -0.361572539597446174E+00   -0.902375576610149333E-01   -0.233421451111066991E+00   -0.171954204256168586E+00   -0.106655998627248527E+01
    0.125451189917036420E-01    0.702434572618349051E+02   -0.597095324691007540E-01   -0.190290501580840363E+02    0.557542097207575749E+00    0.106812732794594334E+01    0.203400551935163550E-01    0.188072337895676478E+01   -0.155160265856245361E+01   -0.638591505448410229E-01   -0.534023997168781017E-02   -0.340047372276120252E+00   -0.981967513453990692E-01   -0.315752973160662087E+00   -0.198701827652415924E+00   -0.106997329820910547E+01
    0.124629985111062141E-01    0.702165923210026932E+02   -0.606743299742848116E-01   -0.191552599487507962E+02    0.574127636704363842E+00    0.109567881558548930E+01    0.199075560125229201E-01    0.188841178092628770E+01   -0.173240379832823765E+01   -0.624441296707392429E-01   -0.650086431156604583E+00   -0.231005600579564263E+00   -0.106341101558367485E+00   -0.331051923122289538E+00   -0.184098667867412552E+00   -0.107348653775974401E+01
    0.122273508999287805E-01    0.702147699527092897E+02   -0.600902589097082190E-01   -0.191295061243612743E+02    0.561934664608417012E+00    0.107156013124780158E+01    0.186286614685369847E-01    0.187901875039622501E+01   -0.173986777535481218E+01   -0.637182824946036508E-01   -0.224560175474893681E+00   -0.321059220955892011E+00   -0.980218261269814178E-01   -0.311693986826947877E+00   -0.190481464681128143E+00   -0.108995731444228094E+01
    0.120154145415658255E-01    0.702097398505684396E+02   -0.601421924838683036E-01   -0.189542918299574303E+02    0.559951236170662003E+00    0.111179274842799281E+01    0.189511936241076005E-01    0.190802046792251723E+01   -0.160315334500550577E+01   -0.674825821361328404E-01   -0.752370953770448714E-01   -0.271693736628243310E+00   -0.746783635968691073E-01   -0.265590054693717104E+00   -0.159072841175192492E+00   -0.106130581778504740E+01
    0.117956539398259789E-01    0.702066582848718639E+02   -0.641621715891498717E-01   -0.189364119082133122E+02    0.571499184474608124E+00    0.109398439238860523E+01    0.197066500928714874E-01    0.188673868071594741E+01   -0.156006167890128178E+01   -0.558173973839587931E-01   -0.534083006741375210E+00   -0.326001062472436487E+00    0.240926940399472517E-02   -0.277504476909064601E+00   -0.207934708808867247E+00   -0.107706336635991984E+01
    0.115892153291902375E-01    0.702019706864403332E+02   -0.606693235307662823E-01   -0.192700734755591121E+02    0.559761069753658580E+00    0.111372333483158736E+01    0.185153291068006973E-01    0.189322728457508749E+01   -0.172207873892794061E+01   -0.708532122694097849E-01   -0.125433675181056331E+00   -0.314131453486187873E+00   -0.504698177696655051E-01   -0.226421788695794601E+00   -0.200683211626225516E+00   -0.108541438519411426E+01
    0.114917872369621425E-01    0.701788553378956834E+02   -0.588537615495866723E-01   -0.189464043039560330E+02    0.573677506077203914E+00    0.103883269580875659E+01    0.201705257200602700E-01    0.188137476280523663E+01   -0.175116142909080730E+01   -0.620605293839876018E-01   -0.790005148393620238E+00   -0.345854325492790993E+00   -0.873248432526650131E-01   -0.363209042958624329E+00   -0.193450205473975012E+00   -0.106201765621618671E+01
    0.112964016369196535E-01    0.701731521201706840E+02   -0.638176400388812542E-01   -0.188687896753709943E+02    0.574073999767037324E+00    0.109473072089671231E+01    0.196258764569978844E-01    0.189426550647568126E+01   -0.165701000994256709E+01   -0.669637543512842659E-01   -0.454549221533832426E+00   -0.252838466462948996E+00   -0.545258010910476404E-01   -0.262740628755798789E+00   -0.187412516316323108E+00   -0.107620733874065810E+01
    0.111260760878409866E-01    0.701635374910179337E+02   -0.652371309185593579E-01   -0.189021590816332825E+02    0.562112010697497166E+00    0.110973457648139529E+01    0.172892759037210804E-01    0.188903949964865525E+01   -0.182467503392487851E+01   -0.677756586433336528E-01   -0.908335706321131475E+00   -0.320368800215254601E+00   -0.414777235466519401E-03   -0.316944138158137878E+00   -0.212632844309485897E+00   -0.108225097584737773E+01
    0.109086900786205809E-01    0.701630011387298538E+02   -0.615817151449594979E-01   -0.194479315169641325E+02    0.559685833921215292E+00    0.112411602121336207E+01    0.197671408515817347E-01    0.189656388911830875E+01   -0.157262044137680213E+01   -0.605854632664295997E-01   -0.171779392370201428E+00   -0.264182739622196239E+00   -0.619435208095007184E-01   -0.304781634428561821E+00   -0.193987620125053967E+00   -0.107020534497059039E+01
    0.106973225305776586E-01    0.701621336330253484E+02   -0.660561509379160167E-01   -0.190861175688526821E+02    0.572197098187275488E+00    0.109587213535052452E+01    0.198051746200197526E-01    0.189576315556415520E+01   -0.162366139822429867E+01   -0.635797006193565273E-01   -0.581230194003098943E+00   -0.271773344340598078E+00   -0.515855502525224760E-01   -0.300463116993681056E+00   -0.189162169667640739E+00   -0.107934783005397050E+01
    0.105179924751875285E-01    0.701559458722718574E+02   -0.639095276282671820E-01   -0.191073114005583946E+02    0.575328061905756694E+00    0.110535013077154542E+01    0.192708972854674226E-01    0.190756010657106301E+01   -0.153120693959387477E+01   -0.657236857962710669E-01   -0.341332830799254749E+00   -0.224256698050438130E+00   -0.184579738634141066E+00   -0.288823725811306775E+00   -0.193741288658681982E+00   -0.107313348012326149E+01
    0.103344208123748883E-01    0.701511602913870149E+02   -0.623651013254392858E-01   -0.191411092523753510E+02    0.561244385651451072E+00    0.107400983798296257E+01    0.197864838985626450E-01    0.190122520646314319E+01   -0.167373675144678269E+01   -0.701786811066831967E-01   -0.923182263964291372E+00   -0.192816262042490943E+00   -0.440448715525460083E-01   -0.303302921023110461E+00   -0.177620655871685101E+00   -0.106888450361976028E+01
    0.101397469201247557E-01    0.701491945131929384E+02   -0.570282315698325964E-01   -0.193027153164721064E+02    0.550421330696623690E+00    0.111478350308606422E+01    0.194211195399632691E-01    0.188628439219296329E+01   -0.170655673334551428E+01   -0.610318350718354538E-01   -0.953932584746687295E-01   -0.389513427662805833E+00   -0.583973825150943260E-01   -0.237132055486061144E+00   -0.198092420015095833E+00   -0.107539146686725817E+01
    0.100062613407605003E-01    0.701356985295010276E+02   -0.585307301150068127E-01   -0.191158365097824436E+02    0.564761088942841161E+00    0.103480036685280163E+01    0.191711208315809602E-01    0.189524130937805757E+01   -0.187247339364518095E+01   -0.737125452147368160E-01   -0.524710179205046146E+00   -0.373449497882117509E+00   -0.602033155238918330E-01   -0.300670006634582598E+00   -0.166231013567324448E+00   -0.110707058402627956E+01
    0.990878600787136084E-02    0.701152769135418481E+02   -0.645256602872461282E-01   -0.189688538820839625E+02    0.565555619597531312E+00    0.112389926818795871E+01    0.198018966221482108E-01    0.191232803091561965E+01   -0.171652012109440499E+01   -0.648392811486569604E-01   -0.126445358008381392E+01   -0.395966786359468192E+00   -0.451726276955157352E-01   -0.247873291511502281E+00   -0.173231066690564151E+00   -0.109263472983921028E+01
    0.976024313952957544E-02    0.701054859678574047E+02   -0.643658629566313673E-01   -0.190222589521021774E+02    0.557010485941879629E+00    0.108491649627953834E+01    0.178864834430922381E-01    0.191134802217230382E+01   -0.163877300666154468E+01   -0.636027534826076324E-01   -0.380715482965883090E+00   -0.299808668417585356E+00   -0.657962153738534256E-01   -0.302629785480068136E+00   -0.179698202491573145E+00   -0.106743989524149185E+01
    0.962304021105943493E-02    0.700938001017484567E+02   -0.593516106775331329E-01   -0.189164060522177984E+02    0.571809531371706092E+00    0.110331879858595117E+01    0.183188949241911148E-01    0.188776420695610336E+01   -0.170898123778928568E+01   -0.707071473892116192E-01   -0.375449010226789837E+00   -0.291271240418858435E+00   -0.343806311214653049E-01   -0.303092346837543269E+00   -0.177097812726329878E+00   -0.108791359215437944E+01
    0.943355923949398129E-02    0.700935736650731513E+02   -0.635420012420326585E-01   -0.188139217817701798E+02    0.586156601671371513E+00    0.104914026523156823E+01    0.188751464988127435E-01    0.190564162458817909E+01   -0.170548036685899906E+01   -0.639677740175717824E-01   -0.275065005032948784E+00   -0.375422780889715701E+00   -0.641227841765782125E-01   -0.314220549747717015E+00   -0.173402048586519836E+00   -0.106364511956352015E+01
    0.926880655472028803E-02    0.700888113346787378E+02   -0.674142673055938418E-01   -0.188484777831866843E+02    0.571843763388447113E+00    0.104211119434018862E+01    0.200184560180792052E-01    0.188846767723929410E+01   -0.171348147837389408E+01   -0.619902654255524085E-01   -0.638760673973589821E+00   -0.292665415039142507E+00   -0.466100743878259741E-01   -0.339554378811554480E+00   -0.190017287247470051E+00   -0.107537736103647008E+01
    0.909064988584541017E-02    0.700876277913084635E+02   -0.643287175447963266E-01   -0.189975548344468983E+02    0.550487981317680619E+00    0.109099910130793742E+01    0.175295887804181316E-01    0.190842086140196843E+01   -0.163082953645767970E+01   -0.693774535529712993E-01   -0.176203552259010826E+00   -0.284692201268488931E+00   -0.454645982079357816E-01   -0.277004929540719480E+00   -0.185397087976410802E+00   -0.108574776292502029E+01
    0.891410759362975570E-02    0.700868503024877327E+02   -0.635635897285928425E-01   -0.186856538672451471E+02    0.538450410553572123E+00    0.110172464742881515E+01    0.189764420191135506E-01    0.189512475636825006E+01   -0.181937193719103485E+01   -0.657069369130758724E-01   -0.390528463298599693E+00   -0.314851810064240456E+00   -0.647348527894923975E-01   -0.368908885608212611E+00   -0.194751794162615816E+00   -0.106620187494724883E+01
    0.877824738122453749E-02    0.700775670461076743E+02   -0.677443094817056918E-01   -0.192732144317438951E+02    0.544766816047770996E+00    0.108297655614919308E+01    0.195241380646372226E-01    0.189293122436663985E+01   -0.170629401174709106E+01   -0.676860784974415708E-01   -0.559655558116067819E-02   -0.293608257628756142E+00   -0.566299599789463967E-01   -0.304373576072355712E+00   -0.188399076396070092E+00   -0.108641220378174452E+01
    0.861444199461444161E-02    0.700752403987442989E+02   -0.604126863929002333E-01   -0.189857088730382202E+02    0.543611352674008952E+00    0.107442570300699369E+01    0.185345134008836829E-01    0.190919363654189245E+01   -0.187823074089664965E+01   -0.674824771818918756E-01    0.729423500755694287E-01   -0.370241975845262472E+00   -0.156089515678819526E-01   -0.344861094918419264E+00   -0.216333643309704476E+00   -0.106558640435758045E+01
    0.844972098713481223E-02    0.700738537486610227E+02   -0.562677014559532923E-01   -0.187693741510720429E+02    0.566987458900849339E+00    0.110356504917922993E+01    0.198229076866656660E-01    0.188583630771574629E+01   -0.170365208858553241E+01   -0.682512542864587846E-01    0.183253154673009622E+00   -0.319878045842387104E+00   -0.821765001370113879E-01   -0.276231951072157478E+00   -0.197923032668414295E+00   -0.105656285985835363E+01
    0.830637117158060032E-02    0.700680749290135338E+02   -0.607182223614475686E-01   -0.188258491077946140E+02    0.561654863083126399E+00    0.108620776730592072E+01    0.200055039971488505E-01    0.190085906257815274E+01   -0.171824089603291341E+01   -0.638416739276747164E-01   -0.401233341575453206E+00   -0.308376151307522661E+00   -0.235312474809956027E-01   -0.335866078068102203E+00   -0.175678131807858739E+00   -0.107730879062196983E+01
    0.816362338821334174E-02    0.700627443655780127E+02   -0.598755527021532091E-01   -0.189867730612343699E+02    0.550099219198314393E+00    0.109744050072698762E+01    0.180911417986900670E-01    0.190709037755268640E+01   -0.186382424125883683E+01   -0.676548652035423720E-01   -0.160356435562467509E+00   -0.319776016868762669E+00   -0.931363304283465698E-01   -0.257159926691222229E+00   -0.192532779801143722E+00   -0.106928894189432011E+01
    0.802443279380491564E-02    0.700571386185240357E+02   -0.640776154237121254E-01   -0.188248439521597497E+02    0.544004492195494405E+00    0.104631979374740380E+01    0.189316169011295304E-01    0.190114896794400012E+01   -0.180280646843704240E+01   -0.642543466603559266E-01   -0.215331169027226627E+00   -0.361347789675396658E+00   -0.274154553978922591E-01   -0.351867601624823834E+00   -0.184983031139495990E+00   -0.107683729199060929E+01
    0.792291544325228816E-02    0.700426020925375923E+02   -0.587112305134438670E-01   -0.188382638917060738E+02    0.563361733600409531E+00    0.108628367243505153E+01    0.197978516567571330E-01    0.189130831287851753E+01   -0.181552145127838926E+01   -0.611509653866993408E-01   -0.544602580065495445E+00   -0.278042047468155584E+00   -0.711044729606739867E-01   -0.315114987885125764E+00   -0.178013786491550224E+00   -0.106810530974661066E+01
    0.780902952280503482E-02    0.700315592011886139E+02   -0.616155214699599871E-01   -0.188541327895067887E+02    0.569951938088393062E+00    0.108940632626003464E+01    0.196807837307915318E-01    0.188840044682341435E+01   -0.179623227804707808E+01   -0.665980611073736656E-01   -0.189696754242695997E+00   -0.384188243045570643E+00   -0.134588650452781067E+00   -0.375305804554788180E+00   -0.191659623006923935E+00   -0.106247818007044215E+01
    0.767022579465100746E-02    0.700274284845156103E+02   -0.597251168034869662E-01   -0.189103278850028111E+02    0.537530251677133641E+00    0.107682644755004508E+01    0.200540157025662115E-01    0.189056447000953654E+01   -0.169788395223942246E+01   -0.656738001153664708E-01   -0.272549100171819825E+00   -0.425563647430486636E+00   -0.181498880265875615E-01   -0.232031545950481616E+00   -0.180248776181115594E+00   -0.107319548208455662E+01
    0.756166870858692233E-02    0.700159368027938740E+02   -0.625176271383146714E-01   -0.191142777327203355E+02    0.559260873762474464E+00    0.110114768044437894E+01    0.198943555816829473E-01    0.189753693870066220E+01   -0.153497282545746461E+01   -0.590704115780876921E-01   -0.692188099611051544E+00   -0.288261462001971225E+00   -0.647306986680738911E-01   -0.276145037723783682E+00   -0.174412449656118018E+00   -0.106849471519739025E+01
    0.749653464632166981E-02    0.699932388585439611E+02   -0.593743595650502096E-01   -0.189497514807157117E+02    0.556031211892403343E+00    0.113666048235188932E+01    0.191516541442319811E-01    0.190186026441504263E+01   -0.166548623874670643E+01   -0.673057136897209640E-01   -0.504481447258245730E+00   -0.348765659301376929E+00   -0.391111576315633924E-01   -0.298532315397744219E+00   -0.184666004828521163E+00   -0.108461188312445644E+01
    0.736597560220238722E-02    0.699883775801620942E+02   -0.628201787338352052E-01   -0.189431341171922085E+02    0.557238687349948525E+00    0.108338819158886546E+01    0.196105545544229404E-01    0.188863957308768127E+01   -0.174182732577465926E+01   -0.624637417726689459E-01   -0.902778201369435207E-01   -0.294163711139937667E+00   -0.117973923886377383E+00   -0.284728708607565273E+00   -0.177369153377990751E+00   -0.107032415129411840E+01
    0.722236502013133812E-02    0.699877556629966335E+02   -0.612770121596839107E-01   -0.187728080161941833E+02    0.560563487720935671E+00    0.105305330273735676E+01    0.196901639804776055E-01    0.189856748261165120E+01   -0.172966222048623330E+01   -0.709453277330769072E-01   -0.432529055928751016E+00   -0.315256520066628465E+00   -0.408940442548303834E-01   -0.287281119139117358E+00   -0.197409549963329600E+00   -0.108650535042389507E+01
    0.708205922167201400E-02    0.699869911598899819E+02   -0.634662066846525957E-01   -0.191452346505272963E+02    0.557250073823262415E+00    0.104554959988877028E+01    0.204017675358274218E-01    0.189903576626752391E+01   -0.175576262187842147E+01   -0.668514333362997953E-01   -0.710685615971490381E+00   -0.358919665207186822E+00   -0.101812214372180854E-02   -0.304013753445564694E+00   -0.207416533538538062E+00   -0.108991340142893600E+01
    0.694281876970458210E-02    0.699867048820837567E+02   -0.597771393115051966E-01   -0.190754587781630605E+02    0.553752036292580074E+00    0.106592021913637591E+01    0.187510059994528203E-01    0.189673005378907877E+01   -0.161168715409619767E+01   -0.657986151269910335E-01   -0.354033642613372168E+00   -0.348305808995324262E+00   -0.681090341742616040E-01   -0.304260516196009689E+00   -0.184645558670354509E+00   -0.106968198027857597E+01
    0.682193620712148556E-02    0.699818339259599611E+02   -0.639209546165680348E-01   -0.187999803835935779E+02    0.557890294435751111E+00    0.106306895380281596E+01    0.191636581270594533E-01    0.188910235934255910E+01   -0.177222376387101588E+01   -0.665698918640233589E-01   -0.949346735808305198E-01   -0.282429436780018750E+00   -0.815032923547663046E-01   -0.361786839125494697E+00   -0.196110778155474508E+00   -0.108381887325020942E+01
    0.670302176395533994E-02    0.699770037232243993E+02   -0.630694545682423530E-01   -0.189964548072703536E+02    0.570170332000770608E+00    0.108198666697712853E+01    0.189764811882643589E-01    0.190582664918648170E+01   -0.165970873171727229E+01   -0.717962815497462103E-01   -0.252311433020627141E+00   -0.311320497307015664E+00   -0.855202634453087335E-02   -0.238107477354255165E+00   -0.177052678803999969E+00   -0.107206403024873120E+01
    0.657131433680004356E-02    0.699766928642563926E+02   -0.606046977248537663E-01   -0.189645738985567611E+02    0.555049552374600186E+00    0.108057871348718892E+01    0.203520832656608509E-01    0.190445812361695199E+01   -0.177145452278822058E+01   -0.602244685900220275E-01   -0.704026219606936454E+00   -0.400705594819152133E+00   -0.694249898052600872E-01   -0.283959250743596570E+00   -0.166305751638221894E+00   -0.106949832371837839E+01
    0.644404097505707225E-02    0.699758089438978033E+02   -0.645127196924542290E-01   -0.187033548861664904E+02    0.569083186358155135E+00    0.108728308133652818E+01    0.193932895514599794E-01    0.189255985728842613E+01   -0.164010217423529103E+01   -0.584132422516105351E-01   -0.878477181750714209E-02   -0.329942976356719153E+00   -0.144108821571746287E+00   -0.326975013502563971E+00   -0.190272362010442092E+00   -0.108637447659058139E+01
    0.631670981723540109E-02    0.699757236436377212E+02   -0.621036928269693075E-01   -0.192163239802440842E+02    0.544494730070983146E+00    0.110997912948329147E+01    0.184924255285405480E-01    0.189410399107816185E+01   -0.165737682188316171E+01   -0.613373825683452625E-01   -0.784993648414295420E+00   -0.293926757258597238E+00    0.274935722957819276E-01   -0.266680728585505511E+00   -0.209291748266688560E+00   -0.106377254479238381E+01
    0.622239669684467207E-02    0.699658102846206731E+02   -0.623535286456034926E-01   -0.192210692920552191E+02    0.570218030707685397E+00    0.105295185869385710E+01    0.203455709102485505E-01    0.190899467572630055E+01   -0.154973967164896287E+01   -0.701737272816009561E-01   -0.511091687728303601E+00   -0.293987096115840341E+00   -0.367823131924912977E-01   -0.282925664777954111E+00   -0.188372482147760395E+00   -0.108046366450044062E+01
    0.610940252627336592E-02    0.699624626273712948E+02   -0.626003455699602473E-01   -0.191766940044667820E+02    0.574382262596633608E+00    0.108921639124817871E+01    0.196780206477471693E-01    0.191342960375760773E+01   -0.165700704694361178E+01   -0.677019874995612447E-01   -0.416145410519758341E+00   -0.348549927608861609E+00   -0.149662729549303042E-01   -0.274818786088616651E+00   -0.172028855411881731E+00   -0.107460094478898571E+01
    0.598996102142277612E-02    0.699619507820985262E+02   -0.633681552327438058E-01   -0.191259120411786263E+02    0.557799515736354001E+00    0.110207669323558366E+01    0.194889769800136135E-01    0.189342709246039576E+01   -0.164535586693681357E+01   -0.621366266475455453E-01    0.882291239873818078E-01   -0.260537976442415997E+00   -0.435103209798827148E-01   -0.269671035138158710E+00   -0.192390879863111541E+00   -0.107182764627172711E+01
    0.652851090238485907E-02    0.697896295045405566E+02   -0.606501341564297733E-01   -0.191332855102658748E+02    0.550299181147015481E+00    0.108440883630071161E+01    0.197384045581433937E-01    0.190357165132167472E+01   -0.176785813465059083E+01   -0.572627405063674058E-01   -0.425371294001895772E+00   -0.331320022331957065E+00   -0.813726550200466470E-01   -0.267790998609828024E+00   -0.191021108043953169E+00   -0.109376425257899479E+01
    0.607350641448367850E-02    0.699341150576043162E+02   -0.600682646159986441E-01   -0.189443142496450072E+02    0.541651111389605422E+00    0.108162018539764881E+01    0.198534173373027707E-01    0.189549304302792976E+01   -0.164331622569087354E+01   -0.688916059030700856E-01   -0.483009260877039437E+00   -0.339667419765124268E+00   -0.207715511554612473E-01   -0.275835317586062723E+00   -0.193706986930864744E+00   -0.108168712899146580E+01
    0.599222597028477213E-02    0.699610613452040440E+02   -0.582800463936013896E-01   -0.191968627056594237E+02    0.558974929286332967E+00    0.108006251069200276E+01    0.202979411019893474E-01    0.189217738524512114E+01   -0.174895220997184286E+01   -0.580942442347827104E-01   -0.180408445833193931E+00   -0.322501437157210580E+00   -0.732085865448753176E-01   -0.256524293707072581E+00   -0.180107453429106168E+00   -0.108913791511393532E+01
    0.601602927770494931E-02    0.699531323536543397E+02   -0.608934451700435392E-01   -0.194324184629735370E+02    0.539931535952589248E+00    0.105705965541628455E+01    0.196427810674715368E-01    0.189366523377068097E+01   -0.170120833833686924E+01   -0.628353214674390176E-01   -0.737176240026839791E+00   -0.341038349522450657E+00   -0.540060470299583706E-01   -0.277416745880622373E+00   -0.185756680554886117E+00   -0.106226641319380777E+01
    0.615755849889401165E-02    0.699066265574116557E+02   -0.602481453393041780E-01   -0.190968800323702617E+02    0.551916362746419420E+00    0.108892404408495547E+01    0.198137623016169315E-01    0.189687677106905195E+01   -0.167188393748050657E+01   -0.616947747086333403E-01    0.627765463596028916E-01   -0.279587145598182429E+00   -0.857843262835041448E-01   -0.225707846470294071E+00   -0.192443876077740578E+00   -0.109042844942931216E+01
    0.616697281171364655E-02    0.699035710855520165E+02   -0.609631454575097140E-01   -0.186443020005403746E+02    0.568071383808713359E+00    0.107435398345714694E+01    0.193283262358245264E-01    0.189988010228980531E+01   -0.155900488715224927E+01   -0.613948555058502973E-01   -0.587826662371913611E-01   -0.303002607784124744E+00   -0.243088764627626686E-01   -0.255329208368444305E+00   -0.192620872341432214E+00   -0.107511386211581250E+01
    0.633769866660889494E-02    0.698489558277765923E+02   -0.627103808291534504E-01   -0.194413221668463692E+02    0.552910275457986100E+00    0.104044594991215789E+01    0.206065018821258474E-01    0.190703318169670122E+01   -0.165276616717490943E+01   -0.603679508894836292E-01   -0.148567911491395754E+00   -0.270091048264252176E+00   -0.113192901165730053E+00   -0.258502849364008525E+00   -0.183751071440333008E+00   -0.107624672735975335E+01
    0.627911389181522520E-02    0.698675295192150259E+02   -0.611836943467731140E-01   -0.191213320894202816E+02    0.556578193262180498E+00    0.107534632646163431E+01    0.188386592488038913E-01    0.191079036805040459E+01   -0.173383044127711305E+01   -0.666772647301833304E-01   -0.792978754084378012E-01   -0.346753601414717727E+00   -0.522266761841367610E-01   -0.240479110842855615E+00   -0.188914531416038450E+00   -0.108155038228834988E+01
    0.610276674487039272E-02    0.699245027940398529E+02   -0.602015851149241901E-01   -0.189593259210611791E+02    0.564637983026480050E+00    0.108613234497621369E+01    0.194375341868788347E-01    0.189691025895459253E+01   -0.170039014000837030E+01   -0.653638270564389778E-01    0.698903755700140628E+00   -0.272085575322854267E+00    0.509413603826545242E-02   -0.262449374221763398E+00   -0.190263231841222374E+00   -0.107580077128983165E+01
    0.639542954355493912E-02    0.698308200573431748E+02   -0.621105045571190492E-01   -0.190367590665431941E+02    0.562987941958591587E+00    0.112351096636058823E+01    0.191508434227364160E-01    0.191645922475677422E+01   -0.164697577764912628E+01   -0.653265015863960935E-01    0.975513464860068291E-01   -0.250427614421511902E+00   -0.116845500178806933E+00   -0.236127162383956368E+00   -0.202069537085755452E+00   -0.108537729848418318E+01
    0.653958636292957442E-02    0.697862394277844231E+02   -0.609688501994648108E-01   -0.192807588374532060E+02    0.541366483623644923E+00    0.105642834210562131E+01    0.195172572473166321E-01    0.190479182667547953E+01   -0.173360920665865770E+01   -0.616505735508311864E-01    0.111059816130883615E+00   -0.331651993093981967E+00   -0.142726812368873163E+00   -0.291100518545789111E+00   -0.191189121002820983E+00   -0.107097948303746260E+01
    0.621444847405041179E-02    0.698882333003596159E+02   -0.617170465265233295E-01   -0.190462913874060753E+02    0.574133358167808305E+00    0.104854788395901477E+01    0.197762925384340690E-01    0.189170785009124454E+01   -0.175474816789982335E+01   -0.682318512474845706E-01    0.202497462810642070E+00   -0.365271653667625595E+00    0.169996276876797289E-01   -0.293728401764956404E+00   -0.184004295799335499E+00   -0.107820672878654022E+01
    0.643344743309228178E-02    0.698189661746067429E+02   -0.645066052392052891E-01   -0.192564776168078531E+02    0.548509137781166722E+00    0.103031114507248289E+01    0.195880060414051552E-01    0.188999993961545387E+01   -0.164853488701462592E+01   -0.653366442152533977E-01    0.762498065169638917E-01   -0.338304485216698259E+00    0.288481932810971883E-01   -0.300749274951281065E+00   -0.183914763100897521E+00   -0.106297196837167385E+01
    0.632242911189746272E-02    0.698537802852806067E+02   -0.621193483938906471E-01   -0.188049292303329914E+02    0.540554823914312643E+00    0.108271221695170761E+01    0.196618167354288970E-01    0.190691438340619190E+01   -0.186134918684071016E+01   -0.601201295931730606E-01   -0.213853609746673085E+00   -0.260079957249170324E+00    0.396982080076289934E-02   -0.292320644483280490E+00   -0.215543986813645810E+00   -0.108145612203902908E+01
    0.618242641128159947E-02    0.698985656250092831E+02   -0.651048445593213898E-01   -0.190619776808356143E+02    0.544417106613686808E+00    0.110008872749147546E+01    0.192871303891931009E-01    0.189781011924992993E+01   -0.160989228088658254E+01   -0.666939711676694941E-01   -0.166560962214931108E-01   -0.245716801806482199E+00   -0.364057573438270748E-01   -0.331615657614093950E+00   -0.206196735898101197E+00   -0.107450175088972655E+01
    0.649172323673898304E-02    0.698009312255834828E+02   -0.629157059532382823E-01   -0.188921899183648421E+02    0.550377698206834243E+00    0.106311880327143848E+01    0.195034918606843376E-01    0.190153388859976746E+01   -0.169455256109729624E+01   -0.660512660064325879E-01   -0.914939456355162717E-01   -0.320005940150593970E+00   -0.472563559617712320E-01   -0.346375418431485116E+00   -0.199432604872192693E+00   -0.108282761387721638E+01
    0.648270165750853156E-02    0.698037125683429309E+02   -0.609187845500385391E-01   -0.190848221660454378E+02    0.537459304504621538E+00    0.104608152910631103E+01    0.201957394023301040E-01    0.189915810419543818E+01   -0.181339033211242695E+01   -0.596038222709301818E-01    0.176279401032660710E+00   -0.346637717527108646E+00   -0.906249140283865440E-01   -0.300289836322710224E+00   -0.199157126352342340E+00   -0.106261485619171436E+01
    0.636284462960511922E-02    0.698410361678793237E+02   -0.633845275446421885E-01   -0.188143770243536075E+02    0.558515386161615668E+00    0.104550308445771178E+01    0.200202239496823781E-01    0.189560705486736647E+01   -0.170301271827781053E+01   -0.628329100167694249E-01    0.696224848655709883E-01   -0.301971805471837218E+00   -0.522789218442337791E-01   -0.330549795580712347E+00   -0.196293961416286578E+00   -0.107506154459716874E+01
    0.617750388251579133E-02    0.699001586854583508E+02   -0.626544151594013721E-01   -0.191932757601763910E+02    0.550030387953721389E+00    0.104302594431336049E+01    0.200554451002672128E-01    0.189672310954010492E+01   -0.172841068546619647E+01   -0.660314064345350893E-01    0.210736784238613528E+00   -0.333737427057695046E+00   -0.721804399186908308E-01   -0.288856510991448823E+00   -0.203103620989763478E+00   -0.108523953841308862E+01
    0.661379023159315658E-02    0.697636734637239613E+02   -0.643396084756520797E-01   -0.190382842627965836E+02    0.544480171291130688E+00    0.102790563039937832E+01    0.202711537309332203E-01    0.189604244037567815E+01   -0.171916905915667839E+01   -0.652228539942011770E-01    0.574769702734860499E+00   -0.317982969532346171E+00    0.178959889295179433E-01   -0.311914233879242386E+00   -0.187656505692600090E+00   -0.107912186637932361E+01
    0.655756554168646002E-02    0.697807484049478575E+02   -0.616661188918126296E-01   -0.192285956965469005E+02    0.556020203632526244E+00    0.109186526864202937E+01    0.192771359550960239E-01    0.191285006854055273E+01   -0.177702009381270143E+01   -0.558023896556247498E-01   -0.637590335821321408E+00   -0.330118708980941922E+00   -0.133101968391927006E+00   -0.287201191908700360E+00   -0.191730116636811304E+00   -0.106672703844669670E+01
    0.634648803304809633E-02    0.698461840717139921E+02   -0.649522045675123699E-01   -0.191647738498474602E+02    0.553440039117449323E+00    0.107702802154822352E+01    0.196973393661585075E-01    0.190698065336481459E+01   -0.159909480548138938E+01   -0.683299795577548552E-01   -0.115619165185396988E+01   -0.330637549699580091E+00    0.127656080163594809E-02   -0.298643512293648383E+00   -0.184548192391989579E+00   -0.105613268579587083E+01
    0.609094236570274263E-02    0.699283816409983103E+02   -0.607596533599929142E-01   -0.190006208723857384E+02    0.561280720918356790E+00    0.110189139149354798E+01    0.197963091938466069E-01    0.190527084696595916E+01   -0.180944939704163898E+01   -0.623345293882271306E-01   -0.133014793909831375E+01   -0.324274233933927680E+00   -0.788004964690775939E-01   -0.310200872564223684E+00   -0.172851437239042838E+00   -0.106956598736460462E+01
    0.599178974076119975E-02    0.699612069489930519E+02   -0.611037391335775767E-01   -0.191179598052284483E+02    0.573070580006387442E+00    0.115110274481277819E+01    0.182685339987752778E-01    0.190334002570506922E+01   -0.168623780835675796E+01   -0.666373221388251724E-01   -0.792515623096440081E+00   -0.324332772766765642E+00   -0.688449676805528710E-01   -0.304999856697703742E+00   -0.190447756605031077E+00   -0.108079920826130027E+01
    0.622286998619388850E-02    0.698855248343964917E+02   -0.644532838971545591E-01   -0.187914649579542683E+02    0.550392807422968255E+00    0.104882440147692413E+01    0.197035018889101105E-01    0.190137686289819863E+01   -0.164359457629239136E+01   -0.624799664812194303E-01   -0.586841754241808289E+00   -0.359532285328121926E+00   -0.702300822342258602E-01   -0.271705979009324750E+00   -0.175188630260550510E+00   -0.106876332960142695E+01
    0.600657937368524308E-02    0.699562763987579643E+02   -0.618183129225836486E-01   -0.193438881177729805E+02    0.561409895917700075E+00    0.108072294519263767E+01    0.193289909452121628E-01    0.189432992637857467E+01   -0.146395659527961874E+01   -0.621001360208124492E-01   -0.702294790980027894E+00   -0.373406199315198195E+00   -0.630513901204304145E-01   -0.261687146187442043E+00   -0.175227146097056863E+00   -0.105183654400156512E+01
    0.617483839497108469E-02    0.699010218375719177E+02   -0.636856003856019759E-01   -0.192876664008172405E+02    0.566666438327964928E+00    0.107769362008271719E+01    0.190457086357285650E-01    0.190739115692938022E+01   -0.168290240407879232E+01   -0.657991278661455153E-01   -0.768621491537060608E+00   -0.308284747023596373E+00   -0.443874090761124870E-01   -0.297281701195291403E+00   -0.174339003937208276E+00   -0.109326561671933753E+01
    0.622010755369600994E-02    0.698864128638201265E+02   -0.587550930958314760E-01   -0.190717761986681538E+02    0.556327364825159765E+00    0.108989364261612920E+01    0.194933884050215132E-01    0.190686858410535409E+01   -0.175660589588345006E+01   -0.594275441880183219E-01   -0.839492276183314456E+00   -0.352553239823192976E+00   -0.804174728879851058E-01   -0.343737168035968321E+00   -0.200309207640785858E+00   -0.106533254845009839E+01
    0.599882363606887674E-02    0.699588604815043738E+02   -0.599726282520378629E-01   -0.190871202028370242E+02    0.573492277122844785E+00    0.104390831265930650E+01    0.204049179938756535E-01    0.189905714342331589E+01   -0.173606976668827317E+01   -0.658889741500934129E-01   -0.933705164310308477E+00   -0.303820362903883534E+00   -0.147931754580257618E-01   -0.349450399306013737E+00   -0.169895732182492903E+00   -0.105650608637149346E+01
    0.604017484800825795E-02    0.699451213404583712E+02   -0.603021364130454582E-01   -0.190949918759440322E+02    0.569676074416049283E+00    0.109872964417017327E+01    0.193571609319030807E-01    0.189620690992703045E+01   -0.169398815564511152E+01   -0.623317760100165139E-01   -0.757609070311488053E+00   -0.314915350940527305E+00   -0.527498275214689852E-01   -0.299423500957832545E+00   -0.183209311288203586E+00   -0.109764437287713057E+01
    0.620246367068999667E-02    0.698920941014806800E+02   -0.617629126020555613E-01   -0.190494152744253853E+02    0.572432570109954741E+00    0.108525265961302719E+01    0.191093471831944896E-01    0.191275550094405800E+01   -0.164669630160087732E+01   -0.665689280947367457E-01   -0.769771595412448439E-01   -0.297105169488190102E+00    0.109722622081393703E-01   -0.290117657190290645E+00   -0.191613423186748122E+00   -0.107466715560639092E+01
    0.626633595938894637E-02    0.698716036455306124E+02   -0.623661392839042969E-01   -0.190910130485851539E+02    0.552751378063751075E+00    0.111460633665176645E+01    0.193470550056140771E-01    0.190341300504199196E+01   -0.173827643482865679E+01   -0.610162900433372929E-01   -0.330267391896205575E+00   -0.352232907208850088E+00   -0.527088369243602847E-01   -0.314313505827074346E+00   -0.196372691382866921E+00   -0.106722480040146706E+01
    0.637533461608486268E-02    0.698371141032760505E+02   -0.660077317586936774E-01   -0.192718728024224006E+02    0.564217855499735577E+00    0.107467519448403448E+01    0.193480256637379479E-01    0.190135930614345505E+01   -0.159144126165929523E+01   -0.672472764806439638E-01    0.809748088599497318E+00   -0.293717238306922812E+00   -0.951160661861173151E-01   -0.294177846296652445E+00   -0.181766199968725756E+00   -0.106499481525395345E+01
    0.621456264179086598E-02    0.698881965580188478E+02   -0.641713561729717885E-01   -0.191681587114592276E+02    0.552052014196400598E+00    0.106930959631216349E+01    0.186571124656411298E-01    0.191630562703585250E+01   -0.166993481020963919E+01   -0.642323197714955302E-01    0.178127154242893049E-01   -0.367091227835495970E+00   -0.574061903500719672E-01   -0.298450207088944652E+00   -0.187441998351175365E+00   -0.107127652172737786E+01
    0.620521777577697463E-02    0.698912062304810604E+02   -0.622707463415771295E-01   -0.187231192196530181E+02    0.560146876986583719E+00    0.109721986675387861E+01    0.191098914824721425E-01    0.190801633931051384E+01   -0.156322741087653694E+01   -0.677508394875820791E-01   -0.307843790398529216E+00   -0.313571400627443875E+00   -0.343994433758078311E-01   -0.310427931859428963E+00   -0.187956040418388676E+00   -0.107922837433679608E+01
    0.646817670924702392E-02    0.698081987364437424E+02   -0.614675985298620553E-01   -0.189832070237157176E+02    0.557105861410278180E+00    0.110088054913602340E+01    0.194100497115767961E-01    0.190615770842454180E+01   -0.170334988420488487E+01   -0.598654764892220248E-01   -0.827231305653634341E+00   -0.310605454309264672E+00   -0.731190548936639928E-01   -0.256973730145810875E+00   -0.193030649835158774E+00   -0.106901419662275732E+01
    0.628920902866494415E-02    0.698643166358145606E+02   -0.621499398870201045E-01   -0.190423468749564506E+02    0.554145747135928568E+00    0.107517923861823572E+01    0.189139147296931119E-01    0.190228766003181970E+01   -0.179665988911175156E+01   -0.631239625855182229E-01   -0.733218268586211419E+00   -0.356830292047912168E+00   -0.877926004157636164E-01   -0.291151433925316172E+00   -0.181413850413189276E+00   -0.106827535499046089E+01
    0.602515424270872423E-02    0.699501011012080767E+02   -0.621264318207470564E-01   -0.191414897098187460E+02    0.558249859545826843E+00    0.109645055846730100E+01    0.195042696971314475E-01    0.190258392860343228E+01   -0.169450682387738172E+01   -0.624405542359278143E-01   -0.689084554257843207E+00   -0.389959343438808559E+00   -0.199197718452207184E+00   -0.317331859907405089E+00   -0.166578041339984051E+00   -0.107019280957393637E+01
    0.648514931313762342E-02    0.698029575764283265E+02   -0.617696555806488759E-01   -0.189015408801305895E+02    0.556471097432847839E+00    0.108376661159118992E+01    0.195811258611881082E-01    0.191029052552186829E+01   -0.153187310502774743E+01   -0.643436784858104349E-01   -0.122640100901806481E+01   -0.370074690721502619E+00   -0.611735723608172050E-01   -0.292522402236195411E+00   -0.185829177492569775E+00   -0.106553510720445499E+01
    0.619869594957947467E-02    0.698933093817744009E+02   -0.638572726282307240E-01   -0.191863186642947241E+02    0.573761887903940337E+00    0.102942055970471324E+01    0.206357850421640780E-01    0.189975559456033927E+01   -0.182146217930552479E+01   -0.618506464623752028E-01   -0.307880487692721194E+00   -0.366940913882949582E+00   -0.591016355486067430E-01   -0.317394584727713813E+00   -0.198117442565715257E+00   -0.107298839059516249E+01
    0.673973288052580159E-02    0.697259466758665383E+02   -0.625779442810578124E-01   -0.189635597663610298E+02    0.564163947213572881E+00    0.106386152245419585E+01    0.195877752087067029E-01    0.191052062793831867E+01   -0.172913876185785953E+01   -0.645668726198346948E-01   -0.206929156934161723E+00   -0.294769719595738500E+00   -0.769476413231430234E-01   -0.346097136472958755E+00   -0.202617992002264352E+00   -0.106623236790651110E+01
    0.652771111775395443E-02    0.697898745324301473E+02   -0.603793586540243774E-01   -0.189675156782805985E+02    0.565785150520208835E+00    0.104435762197706072E+01    0.209241629723533294E-01    0.190124259787258243E+01   -0.173318784157061279E+01   -0.645008943461442136E-01   -0.143104650881268558E+00   -0.352415101394455088E+00   -0.791523788886759200E-01   -0.339612458937511186E+00   -0.205397134282789051E+00   -0.106212655426239766E+01
    0.633102455845901187E-02    0.698510630989352563E+02   -0.602635243303178483E-01   -0.188379191265496502E+02    0.565557689870116231E+00    0.106832054049143199E+01    0.199848795172875779E-01    0.190862295015400951E+01   -0.183089288050428078E+01   -0.641396134164697457E-01   -0.107237609396622080E+01   -0.366133304645949065E+00    0.674465170276859760E-02   -0.370086021406085264E+00   -0.199287657447483085E+00   -0.106768669266335126E+01
    0.671144878250216990E-02    0.697343575769807416E+02   -0.604563020991141647E-01   -0.189829177342782529E+02    0.559489963597261220E+00    0.107284464123118140E+01    0.201767102636504665E-01    0.191018615445284667E+01   -0.155093787917869541E+01   -0.641474658686191496E-01   -0.573380028214697024E+00   -0.350234200129429074E+00   -0.606403963123397713E-01   -0.362669418429118706E+00   -0.202517682593715526E+00   -0.106918386290078971E+01
    0.608601906224993331E-02    0.699299988929704739E+02   -0.625723274599524204E-01   -0.191807968395762956E+02    0.558491176159396474E+00    0.110583423455237195E+01    0.199595851468866818E-01    0.190104248406094034E+01   -0.166089369136132348E+01   -0.653422039430647528E-01    0.700834719599752187E-01   -0.309039221633827299E+00   -0.654335627177413670E-01   -0.328915745853700092E+00   -0.212694623277748074E+00   -0.106507567175293771E+01
    0.664803310624184889E-02    0.697533451853639264E+02   -0.616905903665986438E-01   -0.190279504317141139E+02    0.557925923571076288E+00    0.106721256102638429E+01    0.197541342906559503E-01    0.190913929514819092E+01   -0.162633550904469915E+01   -0.625493486374932295E-01   -0.782098895928770022E+00   -0.385997565514962726E+00   -0.445534365877383529E-01   -0.342866160905794748E+00   -0.196527142151593809E+00   -0.107166013408693273E+01
    0.667917914045100970E-02    0.697439970665417377E+02   -0.630619007971507245E-01   -0.190857091414705842E+02    0.561179970890540725E+00    0.107963643325507386E+01    0.200984362255692377E-01    0.191342076692851304E+01   -0.170770780075759121E+01   -0.609771277042444881E-01   -0.773916336224418355E-01   -0.350090957924147794E+00   -0.120665454952258167E-02   -0.306423707071169837E+00   -0.200879051822886207E+00   -0.107800146788256979E+01
    0.643709546710070912E-02    0.698178324122986851E+02   -0.611147368268623800E-01   -0.190973826472594652E+02    0.561625129424056291E+00    0.103361375972661529E+01    0.205883630614298076E-01    0.190501401734044640E+01   -0.167863793371647296E+01   -0.551952362133233607E-01   -0.465016227935835302E+00   -0.376253850772602427E+00   -0.649774564421639889E-01   -0.316539382575318218E+00   -0.185781638384897252E+00   -0.106369245930083101E+01
    0.631011901744890982E-02    0.698576781840161800E+02   -0.624556984082622127E-01   -0.191164796655640892E+02    0.568589638529015451E+00    0.110604898070044277E+01    0.186917120642848752E-01    0.190605852954553101E+01   -0.169566493569853094E+01   -0.622809334180623522E-01   -0.422677651948525634E+00   -0.346476948213494396E+00   -0.831543006002778279E-01   -0.266567957809527523E+00   -0.183400311741692745E+00   -0.108390823763384625E+01
    0.684893256706588412E-02    0.696938016391932678E+02   -0.625440449056703651E-01   -0.191552010732500051E+02    0.561748094344976745E+00    0.107137504574256703E+01    0.197330917978266011E-01    0.191082127715380801E+01   -0.172359866278230811E+01   -0.663789629462297193E-01   -0.246915320106457337E+00   -0.339913069847380012E+00   -0.363607081253022324E-01   -0.322048162683441608E+00   -0.197207100852771905E+00   -0.108324790278400207E+01
