    0.178670729323304155E-01    0.652358493724956356E+00    0.108842273235829623E+00   -0.259634492590820756E+02    0.104489483237413494E+01    0.153069217461297846E+01    0.715918128404140902E-02    0.189074663193456871E+01   -0.169647661092524005E+01   -0.487235399911337339E-01   -0.497342901174936802E+01   -0.200068713497779910E+00    0.404960632734399015E-01   -0.156344022778813679E+00   -0.112382285575637092E+00   -0.106446574662261106E+01
    0.178986495813031332E-01    0.608826994293906076E+00    0.106781434449324003E+00   -0.267574511261824739E+02    0.106238133091203757E+01    0.152217073324129748E+01    0.668542369604266992E-02    0.191773157289133422E+01   -0.184521516387244677E+01   -0.451721961852722953E-01   -0.543329543579208263E+01   -0.193013709599085537E+00    0.412558893318229203E-01   -0.148173540109537982E+00   -0.117280814444106901E+00   -0.106196741327550770E+01
    0.178914029176600112E-01    0.569636902437222092E+00    0.110359818327385478E+00   -0.268436343131193880E+02    0.109466651567172835E+01    0.149472969746445838E+01    0.701890032478943819E-02    0.190916093330648806E+01   -0.165844325997500719E+01   -0.509556425927167461E-01   -0.559886012124927213E+01   -0.175703082990115694E+00    0.717964282952113231E-01   -0.124797580423666093E+00   -0.153455445957935949E+00   -0.106313461041375468E+01
    0.175526054098960292E-01    0.567872738929593446E+00    0.106715464424873216E+00   -0.265533317459522458E+02    0.106334242526486333E+01    0.152981334180122164E+01    0.709334268150665567E-02    0.190353824662960736E+01   -0.173856283185969307E+01   -0.436108976446755586E-01   -0.545008834886388360E+01   -0.191660055138450414E+00    0.497710620526291697E-01   -0.147191503607045193E+00   -0.943965868919698636E-01   -0.106687366072831114E+01
    0.173809762924566590E-01    0.547524946347871855E+00    0.108585672594307681E+00   -0.262438915505049906E+02    0.104091414066906385E+01    0.149648980754507033E+01    0.763254801400596941E-02    0.189385195926911165E+01   -0.167304547069004506E+01   -0.486026844006723358E-01   -0.486263272529507695E+01   -0.172342700245585068E+00    0.505889013899598616E-01   -0.124713293617025822E+00   -0.158501332509268011E+00   -0.106178505491935282E+01
    0.171054038166520289E-01    0.539488677011211060E+00    0.107285976483863857E+00   -0.267312642262983289E+02    0.109483720220441594E+01    0.152169562044405615E+01    0.792011657573588393E-02    0.188057466521670391E+01   -0.169452767526353698E+01   -0.456670125754511658E-01   -0.524408778606493353E+01   -0.206162562477239825E+00    0.412341349170829083E-01   -0.135132473015940169E+00   -0.163791400732533093E+00   -0.106441530590091582E+01
    0.168037773718730139E-01    0.535070120125770821E+00    0.104830281383368584E+00   -0.270610315248588655E+02    0.107011703539449821E+01    0.150365541328893482E+01    0.742318673156654955E-02    0.189580915733718336E+01   -0.174936834949096931E+01   -0.464491954526603593E-01   -0.577246049700279595E+01   -0.196643652099974198E+00    0.271402016686469773E-01   -0.118848759977608034E+00   -0.157920760379801850E+00   -0.106525584842930976E+01
    0.165700652379676579E-01    0.523081992436806420E+00    0.106760249228964016E+00   -0.262771197753413617E+02    0.102241194665704893E+01    0.148748733789457233E+01    0.707542554161041167E-02    0.187814646481238912E+01   -0.169327369884460266E+01   -0.473643473221139616E-01   -0.481942018040423292E+01   -0.201866222288513475E+00    0.513285623067134752E-01   -0.136036077109186387E+00   -0.143578199599444789E+00   -0.106679432381149675E+01
    0.162973176477212607E-01    0.516276463961888643E+00    0.104524452195736473E+00   -0.266509398574333254E+02    0.105613577566618844E+01    0.155489977786192535E+01    0.806401687106547520E-02    0.187672657416865318E+01   -0.180266775316983385E+01   -0.469244922469688533E-01   -0.518845880343594423E+01   -0.158179109419040897E+00    0.552305898318472335E-01   -0.146783149386391976E+00   -0.160034792769970957E+00   -0.106416936470894696E+01
    0.160271518264995250E-01    0.509708983251253911E+00    0.104496648720701288E+00   -0.266963933610449153E+02    0.107568944161633362E+01    0.152263545586020688E+01    0.721990436619844664E-02    0.190313430378006898E+01   -0.175928663491104054E+01   -0.468089948790396670E-01   -0.493250663199691974E+01   -0.197463249424818854E+00    0.418578804592644391E-01   -0.155348923817573648E+00   -0.136937885175755003E+00   -0.106549648969238264E+01
    0.158417411376021167E-01    0.492980928227582105E+00    0.106056702394970004E+00   -0.266008022907746309E+02    0.105437912977793968E+01    0.153903478414311157E+01    0.735390060467818948E-02    0.190076966857391438E+01   -0.175697484618460353E+01   -0.476521170131316146E-01   -0.523834442885898355E+01   -0.189586081652368760E+00    0.587430471464516074E-01   -0.144188262053536159E+00   -0.134509594722002829E+00   -0.106685232394332075E+01
    0.155366018643032372E-01    0.491880227971046302E+00    0.105292008244006891E+00   -0.263140077296429986E+02    0.104594272412602329E+01    0.152218572501339588E+01    0.769682428349125099E-02    0.190009219266619067E+01   -0.167396141351513017E+01   -0.475560123897496856E-01   -0.520926273629225989E+01   -0.187481430080932793E+00    0.410429985443749312E-01   -0.177702195818757791E+00   -0.126477054360908892E+00   -0.106887856108792834E+01
    0.152527093804503203E-01    0.488763226395254102E+00    0.107450542299527246E+00   -0.265930937044934730E+02    0.106403458157079944E+01    0.150137571371491751E+01    0.771609866207500616E-02    0.189598353732259972E+01   -0.172140992703635831E+01   -0.499463640684425988E-01   -0.510082621454875085E+01   -0.187286025975381687E+00    0.398691853485947517E-01   -0.171860239303997187E+00   -0.180421585106640747E+00   -0.106395363262967235E+01
    0.149993463113278162E-01    0.482264287709284312E+00    0.104466721943969595E+00   -0.269236253647437209E+02    0.108275840029655868E+01    0.150519879281456870E+01    0.755450304252248787E-02    0.189211677810292822E+01   -0.170221336955209424E+01   -0.487395215734702444E-01   -0.542987085104260103E+01   -0.214822568708728012E+00    0.498575366197086603E-01   -0.140327670588272585E+00   -0.148772586043149802E+00   -0.107107791656165907E+01
    0.147149561232374580E-01    0.480548729705202848E+00    0.106275184722667573E+00   -0.269574699241850766E+02    0.108367307436158389E+01    0.152786706263470307E+01    0.698165744942177199E-02    0.189311787811799936E+01   -0.182563211160793615E+01   -0.468025158470887145E-01   -0.556839879788077408E+01   -0.203249563579161047E+00    0.392645920374071200E-01   -0.150606852961401666E+00   -0.126051875256798285E+00   -0.106522694682743713E+01
    0.144484388094930690E-01    0.477104793812727190E+00    0.108737341360713974E+00   -0.267398249768522405E+02    0.104561255678958487E+01    0.150376032255581937E+01    0.734084558679110391E-02    0.188068386114012909E+01   -0.175129075933769074E+01   -0.462645763095571594E-01   -0.566084911432673810E+01   -0.206643370532371751E+00    0.442854729669681924E-01   -0.138171640615516844E+00   -0.200345879399870391E+00   -0.106490310626946849E+01
    0.141700282425907074E-01    0.476019435872343077E+00    0.105145445546609775E+00   -0.265726480236307623E+02    0.106098403667623908E+01    0.153987206714688796E+01    0.799642593897252445E-02    0.188540772869186513E+01   -0.182532413434867369E+01   -0.462407874754339060E-01   -0.540303051236999288E+01   -0.183959625605790073E+00    0.320573965323811688E-01   -0.145113369188469704E+00   -0.110284017818667687E+00   -0.106772459653080487E+01
    0.139230656208057958E-01    0.471183805447627724E+00    0.106618217960797540E+00   -0.267488373088958156E+02    0.107701108726950445E+01    0.148679249752656117E+01    0.723621854634907535E-02    0.190168169351455196E+01   -0.172416849763064883E+01   -0.471573781873531467E-01   -0.558356261301779533E+01   -0.199473841825199921E+00    0.648734561561280232E-01   -0.117282678408822463E+00   -0.124883062976441028E+00   -0.106113311787760733E+01
    0.136858234928783195E-01    0.465556498452264378E+00    0.106848606520209097E+00   -0.262645461261919024E+02    0.101595507042058664E+01    0.153388942522675920E+01    0.748619052865043266E-02    0.188615573751290255E+01   -0.168308346123008845E+01   -0.472477447507955520E-01   -0.523239305246819342E+01   -0.221398862045242811E+00    0.379209805624920668E-01   -0.168877099969611394E+00   -0.165327416354229373E+00   -0.106231535074042616E+01
    0.134218538785995604E-01    0.464508999588153115E+00    0.105386544024645770E+00   -0.263119139529005110E+02    0.106025564127974858E+01    0.151207429570822538E+01    0.715709199245603139E-02    0.187370171106489281E+01   -0.173817790041937292E+01   -0.467367898664485457E-01   -0.527888688668214456E+01   -0.204807303460716961E+00    0.161957746041598676E-01   -0.140888631385855584E+00   -0.132417225085106893E+00   -0.106875366202777644E+01
    0.131569661977963825E-01    0.464374795048438371E+00    0.106779773150439433E+00   -0.265782331271364427E+02    0.105771143580420723E+01    0.151262465188396011E+01    0.733387747686240279E-02    0.189763808654263300E+01   -0.168876746581911830E+01   -0.480637640193165711E-01   -0.513078206633194345E+01   -0.210880903087649590E+00    0.364952634916872048E-01   -0.116524567889902841E+00   -0.142098238605320282E+00   -0.106596158094788240E+01
    0.129103853549359330E-01    0.462213422025480880E+00    0.105612149804512362E+00   -0.267778702223104084E+02    0.107687669128789865E+01    0.149700838819444315E+01    0.703416665308830361E-02    0.189105516558934528E+01   -0.179070362998282895E+01   -0.476207194856495680E-01   -0.534538579890199816E+01   -0.198071291140215988E+00    0.354557620052159406E-01   -0.148741100371942075E+00   -0.153301645592287705E+00   -0.106941654993690638E+01
    0.126782331577956972E-01    0.458504332660102210E+00    0.105003113055021691E+00   -0.266822629331393557E+02    0.102715957445613060E+01    0.150656029195406882E+01    0.724118902513995206E-02    0.189202103369299968E+01   -0.178071860281488736E+01   -0.466508628482451629E-01   -0.545341423466468456E+01   -0.156715073599944826E+00    0.375669551833067925E-01   -0.147611219086514478E+00   -0.167029275112122011E+00   -0.105868577896413352E+01
    0.124276108601481580E-01    0.458436170528979725E+00    0.106363269095925153E+00   -0.270070305795881254E+02    0.108002020801967613E+01    0.152165279353424765E+01    0.747012565354551478E-02    0.188875968444890763E+01   -0.175057929745491836E+01   -0.475099562461407596E-01   -0.506005924506256211E+01   -0.213830871297283731E+00    0.313691349126778291E-01   -0.189591388030989405E+00   -0.975249652553577678E-01   -0.106389783572677099E+01
    0.121864498781083814E-01    0.457628191996615918E+00    0.105674375213918967E+00   -0.268037530054875539E+02    0.106264492789343734E+01    0.149880303910080692E+01    0.752038688974874386E-02    0.187965746164458758E+01   -0.169304436153030724E+01   -0.478128406403564854E-01   -0.487254607941517737E+01   -0.199740667906966485E+00    0.475696335822965791E-01   -0.123261659055574180E+00   -0.104308884670585050E+00   -0.106648306227609369E+01
    0.119584276080072095E-01    0.455404991570830198E+00    0.107676417738291397E+00   -0.264891626023220219E+02    0.101821213122852972E+01    0.148790245108785602E+01    0.715519840921861969E-02    0.188983786388405939E+01   -0.174285417929939723E+01   -0.505404702408004877E-01   -0.555513477766559038E+01   -0.202587879815234739E+00    0.504594422036001994E-01   -0.124010194741259266E+00   -0.138036588759661405E+00   -0.106823338386723465E+01
    0.117271067739943245E-01    0.454471568708026408E+00    0.104696362907165497E+00   -0.271611328199332505E+02    0.106731460671536227E+01    0.147574424565751805E+01    0.757357045834923005E-02    0.187736594089598796E+01   -0.175177310378414797E+01   -0.496242034037258362E-01   -0.527286209584593646E+01   -0.203380340350497735E+00    0.568662138040333179E-01   -0.147083271755139688E+00   -0.117796495915287028E+00   -0.106647512154388813E+01
    0.115015154056017522E-01    0.453319927349136287E+00    0.106248918861217248E+00   -0.271340746590968038E+02    0.105972879624746863E+01    0.149318160395310451E+01    0.751909843631546216E-02    0.186575806858809501E+01   -0.169223888452118620E+01   -0.476885238957250254E-01   -0.577345354488018980E+01   -0.178282775501204332E+00    0.439493511203045278E-01   -0.145816844110295218E+00   -0.111461743517269202E+00   -0.106212781429465486E+01
    0.112863610672312726E-01    0.451087506476401445E+00    0.104990843947799492E+00   -0.263268261501120477E+02    0.105706515544832436E+01    0.151373794540155937E+01    0.745828353361244287E-02    0.189281728461355270E+01   -0.171223365229728142E+01   -0.444808106686608862E-01   -0.533923980534122311E+01   -0.209727185238565095E+00    0.506222855448452136E-01   -0.134813536562595288E+00   -0.157467999200776976E+00   -0.106408331568124237E+01
    0.110728915270776641E-01    0.449277696516608760E+00    0.106010333627405112E+00   -0.263169465250104047E+02    0.104171898183489908E+01    0.153758326518088984E+01    0.737253975844378174E-02    0.188020600416978723E+01   -0.176010655856353604E+01   -0.480908413443622354E-01   -0.554083583682190284E+01   -0.203953101402134546E+00    0.470463639477390269E-01   -0.130759397204032068E+00   -0.149999700545515979E+00   -0.106701244141867013E+01
    0.108561167680768268E-01    0.448820172402108697E+00    0.105991213220959585E+00   -0.267504952543395120E+02    0.102693041572207555E+01    0.151482072380247335E+01    0.701749067288994031E-02    0.189430144813030599E+01   -0.176151941791146327E+01   -0.436818045757225923E-01   -0.509583846180823219E+01   -0.214496221080248517E+00    0.765285433592674119E-01   -0.136213220024984011E+00   -0.140894370355288401E+00   -0.106215718332427422E+01
    0.106537249330817194E-01    0.446458349567213142E+00    0.103081358380698956E+00   -0.269923624345421374E+02    0.105111785618225007E+01    0.150374251716985019E+01    0.782154423586535821E-02    0.189284603362678916E+01   -0.168125493707167339E+01   -0.473629484497119016E-01   -0.488366729043246472E+01   -0.196337171749283890E+00    0.477889128889764161E-01   -0.155088099588733402E+00   -0.140936299856574521E+00   -0.106372297335650590E+01
    0.104432274381681019E-01    0.446370176990759759E+00    0.106382427979192104E+00   -0.264218647777824138E+02    0.100523406460388243E+01    0.151600912965443624E+01    0.773070281092926373E-02    0.188912182176985088E+01   -0.172445450520356869E+01   -0.436666016715345287E-01   -0.532295702201138532E+01   -0.204487821527840841E+00    0.420649540134247837E-01   -0.125867061995798335E+00   -0.155961676128411109E+00   -0.105865062048829861E+01
    0.102424792049031661E-01    0.445190129202231444E+00    0.105302142035289939E+00   -0.269064058273038391E+02    0.105777816875625819E+01    0.151017671510510088E+01    0.753811071171508681E-02    0.189541314956758100E+01   -0.174808622974937045E+01   -0.497116290214851125E-01   -0.514779787859360916E+01   -0.209546153695897019E+00    0.748128964802542151E-01   -0.144195459223953160E+00   -0.108688211443680169E+00   -0.106523202778873860E+01
    0.100462802590539774E-01    0.443872644494339830E+00    0.109916770507773404E+00   -0.266785904213321814E+02    0.102910192341491835E+01    0.148494915696263630E+01    0.748042589208129834E-02    0.187981050103185576E+01   -0.179379434586280717E+01   -0.467180165683532059E-01   -0.539787313660146495E+01   -0.190517367529675546E+00    0.246537761312012778E-01   -0.127663481538646900E+00   -0.146786605314156438E+00   -0.106589166949980885E+01
    0.984761333179476513E-02    0.443819280557570139E+00    0.111086080365951037E+00   -0.268073193674552996E+02    0.105084528843755698E+01    0.153242095773494347E+01    0.727948028553612129E-02    0.189096497860368751E+01   -0.165553918267480027E+01   -0.454631387321147162E-01   -0.532733618914878271E+01   -0.185483645479788045E+00    0.264614339614594463E-01   -0.148477422753456739E+00   -0.115480774813831649E+00   -0.106495356118432394E+01
    0.965397642696079299E-02    0.443537738633933920E+00    0.110739813281455518E+00   -0.267110178076871172E+02    0.106793649692546300E+01    0.150179750596454342E+01    0.737153407654963285E-02    0.188169934642473913E+01   -0.181879074977411581E+01   -0.482844861740394302E-01   -0.580953313493878465E+01   -0.170619452608053890E+00    0.454868065207146774E-01   -0.147686414940603333E+00   -0.133735182796389379E+00   -0.106394065071334776E+01
    0.946770151103512071E-02    0.442505199383645298E+00    0.104791358153942110E+00   -0.266273046722276874E+02    0.101783330885704326E+01    0.147965043683362274E+01    0.741745024811346458E-02    0.188842429606010098E+01   -0.179412955588752321E+01   -0.444360077785599938E-01   -0.568202526844061762E+01   -0.168622197479547681E+00    0.312866134332607376E-01   -0.130808337861984092E+00   -0.105393820952172035E+00   -0.106312865969369064E+01
    0.928711695103886722E-02    0.441021198128483449E+00    0.107034970125727186E+00   -0.266287144067917083E+02    0.102016353017140826E+01    0.153892335492379639E+01    0.753344754478370033E-02    0.190131649837735717E+01   -0.173128005861744816E+01   -0.431760939021924445E-01   -0.507674546395632831E+01   -0.198153702768450790E+00    0.341390989797654004E-01   -0.168942308099525512E+00   -0.136223648985542012E+00   -0.106486668960139430E+01
    0.910601162494882599E-02    0.440407902450984989E+00    0.106569507651152542E+00   -0.265395896523501769E+02    0.105173628584834877E+01    0.150778101896579364E+01    0.751158069348128836E-02    0.187915944514129118E+01   -0.173820904492787043E+01   -0.460570769654639334E-01   -0.498020387283694266E+01   -0.205068597483355292E+00    0.284861191659307317E-01   -0.162952952846943444E+00   -0.166231060312935497E+00   -0.106216102454534544E+01
    0.892828865527178425E-02    0.439828056372959908E+00    0.108354940382437731E+00   -0.277227197273769441E+02    0.100018255218606411E+01    0.153114602568632496E+01    0.704492336728643111E-02    0.189135196561522156E+01   -0.177654849196895359E+01   -0.475585298133590281E-01   -0.511261722423463461E+01   -0.186393768089987782E+00    0.612633395273311371E-01   -0.169957650665773952E+00   -0.134790388740644529E+00   -0.106435595087570967E+01
    0.875205482064269832E-02    0.439700510635689101E+00    0.108029638021734695E+00   -0.265891740969061559E+02    0.104796520934412918E+01    0.153938683008387334E+01    0.756199927823186097E-02    0.187744525035053855E+01   -0.179905656923198931E+01   -0.512235852302742531E-01   -0.514121847651482078E+01   -0.220508817279696429E+00    0.436907307909004811E-01   -0.149696139930377004E+00   -0.193665670118434718E+00   -0.107089533744012444E+01
    0.857935272549336866E-02    0.439560588054983548E+00    0.107389123298420652E+00   -0.269297831184500289E+02    0.102112153486085822E+01    0.152891322835688426E+01    0.713546116153579348E-02    0.188707530780938826E+01   -0.177948697273188916E+01   -0.484767520900235976E-01   -0.517933926004147605E+01   -0.164451907992876400E+00    0.573754984659126388E-01   -0.138755947649892269E+00   -0.125295018338792391E+00   -0.106961835280351503E+01
    0.841723783119305638E-02    0.437714077759589593E+00    0.107277885012375729E+00   -0.265133041757388561E+02    0.105245686591203835E+01    0.151546225958548275E+01    0.698919995449750770E-02    0.186465302021111778E+01   -0.177287367971062770E+01   -0.473588215889221426E-01   -0.487072289626451838E+01   -0.225444360251264297E+00    0.352421462281468784E-01   -0.124887311918211591E+00   -0.124789730866897791E+00   -0.107036645920205764E+01
    0.825558805452659625E-02    0.436496907528796108E+00    0.104759397767523868E+00   -0.265336992564754937E+02    0.104630388747960268E+01    0.150888274800702082E+01    0.761292041617490922E-02    0.186595560192484511E+01   -0.169448438883631436E+01   -0.490094790662445184E-01   -0.507955700597953452E+01   -0.192395442597970062E+00    0.594262701250210662E-01   -0.186330693607299147E+00   -0.114667092452884936E+00   -0.106454894940473110E+01
    0.809457722227423758E-02    0.435888812033156381E+00    0.107492315801046817E+00   -0.263875939001051307E+02    0.104333084259211106E+01    0.149173088306592572E+01    0.743598420963022689E-02    0.188342665798809272E+01   -0.170945234874782637E+01   -0.469771319212459737E-01   -0.525937287694630218E+01   -0.215732157881072084E+00    0.861581580407651260E-02   -0.163302636890055974E+00   -0.135417319685385062E+00   -0.106812348496720455E+01
    0.794029306496085198E-02    0.434377160479712143E+00    0.106087180289323568E+00   -0.266294808459898995E+02    0.101152099826058595E+01    0.151498933164574856E+01    0.741250121958593380E-02    0.188510798448873262E+01   -0.167214656272274964E+01   -0.454896082071737651E-01   -0.535553586003098747E+01   -0.190150109047357740E+00    0.397495586947920962E-01   -0.154918363614873988E+00   -0.184408509612304927E+00   -0.106369942166392639E+01
    0.778442403363801411E-02    0.434027892663733261E+00    0.107048537764795074E+00   -0.268380644845139109E+02    0.103681282645837336E+01    0.148990039734550406E+01    0.777897656409470319E-02    0.188195176868365288E+01   -0.161346849593994701E+01   -0.454743257037700799E-01   -0.545282796702925765E+01   -0.197581271887277310E+00    0.409046084251694295E-01   -0.121557829995708827E+00   -0.138204566060328549E+00   -0.106220058376255611E+01
    0.763527104388973463E-02    0.432720653079875339E+00    0.105843054820303928E+00   -0.262374136061371495E+02    0.106309667519325513E+01    0.151811493012674492E+01    0.754611394016776928E-02    0.188407584228099734E+01   -0.161012844275688560E+01   -0.447765915868037281E-01   -0.544402127441355610E+01   -0.216928197853529514E+00    0.413094210403179979E-01   -0.152822406688561285E+00   -0.141419339234972852E+00   -0.106258752996615335E+01
    0.748776348910851035E-02    0.431737222816048927E+00    0.106841298967410792E+00   -0.271690022002584506E+02    0.104219260520542578E+01    0.154075966377260132E+01    0.740063189367250705E-02    0.188878512860051573E+01   -0.168276988857708742E+01   -0.484306371411126271E-01   -0.549552985711329711E+01   -0.192571850654300797E+00    0.310022919404181613E-01   -0.114684296681828946E+00   -0.989007267748710506E-01   -0.106902843831502770E+01
    0.734930436293160586E-02    0.429066201031740313E+00    0.108962857543184757E+00   -0.265234159133688330E+02    0.106476670400017093E+01    0.153767244079397547E+01    0.712084371182825256E-02    0.186752049525557196E+01   -0.172013190757225654E+01   -0.489668515954958805E-01   -0.549033126588098064E+01   -0.193825538058291835E+00    0.210259447563661689E-01   -0.174016343153522934E+00   -0.151086971019578548E+00   -0.107058372762444121E+01
    0.720424410343455980E-02    0.428936907185353822E+00    0.104052937407949242E+00   -0.269204897149241020E+02    0.106063347404811426E+01    0.153300317711654777E+01    0.715987475757007621E-02    0.189847982357210743E+01   -0.174478092865937251E+01   -0.469057671917918473E-01   -0.523449271482532463E+01   -0.220570180658578474E+00    0.306824635585240743E-01   -0.135804316074490172E+00   -0.148021994285047365E+00   -0.106531331013107189E+01
    0.706789879096734932E-02    0.427151059477346051E+00    0.109613850771521720E+00   -0.266341930685786750E+02    0.104705926386112647E+01    0.151016110094887268E+01    0.749390104880961333E-02    0.188588934871370051E+01   -0.174387282251723330E+01   -0.483185409565831739E-01   -0.528634028126674416E+01   -0.182622915842511863E+00    0.465177444417691210E-01   -0.141670153626423989E+00   -0.165984118952392706E+00   -0.106522702929648649E+01
    0.692922341053827696E-02    0.426782039622854825E+00    0.107459195982154157E+00   -0.277047291382876431E+02    0.100264453500824136E+01    0.147977062038675511E+01    0.714765385681837874E-02    0.188336022918448709E+01   -0.176524543182552551E+01   -0.463112936157561716E-01   -0.528356338636410428E+01   -0.176731286336933774E+00    0.400684357372857944E-01   -0.162096339971692871E+00   -0.150341426458708377E+00   -0.106940536847918266E+01
    0.679850412581463510E-02    0.424872316555411966E+00    0.109019460116383679E+00   -0.270915870952233959E+02    0.106787858463690810E+01    0.149520897030027067E+01    0.731490461666156871E-02    0.189263030749997263E+01   -0.169915996930272284E+01   -0.460061256381651545E-01   -0.538762849684446810E+01   -0.210115496002796304E+00    0.556808118836995269E-01   -0.126003702733887779E+00   -0.132113451366073026E+00   -0.106112377863953844E+01
    0.666603836255159638E-02    0.424226059870436656E+00    0.105902283970091521E+00   -0.265560609616757084E+02    0.105492191371691102E+01    0.150526290296110621E+01    0.743910257472470918E-02    0.188567636022945373E+01   -0.167594755835404086E+01   -0.454096460156375517E-01   -0.507207080418299316E+01   -0.238545773307951819E+00    0.293864445924188478E-01   -0.147053832427295944E+00   -0.163253577734110061E+00   -0.106728416972416262E+01
    0.654107165699252015E-02    0.422075501583536128E+00    0.108873340001593974E+00   -0.267185287937131690E+02    0.106981385800434570E+01    0.152152586627337016E+01    0.755494277637839672E-02    0.189509026075897902E+01   -0.178273905815144995E+01   -0.476802345870682362E-01   -0.515377614036367149E+01   -0.212454924700519160E+00    0.570084504808436449E-01   -0.161374104893638404E+00   -0.168752380586668055E+00   -0.106866358416793794E+01
    0.641384841909666426E-02    0.421358593180173102E+00    0.106632659841159563E+00   -0.267007235906428804E+02    0.106213331779905640E+01    0.154134443291208734E+01    0.740194655806589684E-02    0.187161268540279346E+01   -0.175331851815690420E+01   -0.465744408234140886E-01   -0.522317892372906734E+01   -0.196776305772633414E+00    0.535060600295344593E-01   -0.149638041580152009E+00   -0.130706085223116109E+00   -0.107434015228910251E+01
    0.647525277433524081E-02    0.402168907307288326E+00    0.107371411064681718E+00   -0.264581637631777866E+02    0.102844285118084655E+01    0.154547243943228962E+01    0.781692376161024528E-02    0.186017707016720957E+01   -0.165034939536396008E+01   -0.461447897136334981E-01   -0.505521989541930505E+01   -0.205688060369911829E+00    0.385168910924779256E-01   -0.157728660420072664E+00   -0.146044988178160029E+00   -0.106117046784461033E+01
    0.656130335894188239E-02    0.375765665995829501E+00    0.108512646645474192E+00   -0.270088061246878723E+02    0.100790089014714557E+01    0.150871659345699793E+01    0.753144596108859185E-02    0.188264161214704440E+01   -0.169771424566009843E+01   -0.480291715826627677E-01   -0.547673114836383146E+01   -0.193731666652839196E+00    0.450688570869312369E-01   -0.179612656462748516E+00   -0.165893770004729074E+00   -0.106198797942171153E+01
    0.659428383333874636E-02    0.365737822158142156E+00    0.109417023896956581E+00   -0.268723516542405960E+02    0.103749042145560710E+01    0.150387282648529719E+01    0.763336459034097588E-02    0.187114291690789791E+01   -0.160241193127446069E+01   -0.455852110070759792E-01   -0.530947091970486262E+01   -0.220011035004279987E+00    0.430905272183388505E-01   -0.167769787521228897E+00   -0.159563649872107305E+00   -0.107286564855698230E+01
    0.647713682763893794E-02    0.401587067700889866E+00    0.105645796365022984E+00   -0.267625850150039462E+02    0.101991630919604059E+01    0.151870825883258931E+01    0.761843995856699430E-02    0.187853183390778011E+01   -0.176947780289535972E+01   -0.452461840869793977E-01   -0.562779725055928726E+01   -0.170078425064456890E+00    0.431799203937676609E-01   -0.154732398518383329E+00   -0.154055344158805008E+00   -0.106115242695890455E+01
    0.657170795452530297E-02    0.372596675271031408E+00    0.109401042940038828E+00   -0.271795828763548215E+02    0.103882419344247645E+01    0.150091027028829038E+01    0.752941311483652179E-02    0.188917945107521379E+01   -0.165083002805684065E+01   -0.478704415727565086E-01   -0.504622602817543164E+01   -0.193925535439118668E+00    0.178511563849473101E-01   -0.164876045142174965E+00   -0.114784161347988606E+00   -0.106222921254419056E+01
    0.642170449060430401E-02    0.418777039083976899E+00    0.104316940255605575E+00   -0.270431050850642976E+02    0.104253568872028213E+01    0.152690000726003738E+01    0.778592158865014979E-02    0.188918362719584554E+01   -0.170470606137841552E+01   -0.475300468351405117E-01   -0.557863952645238026E+01   -0.215462237531360845E+00    0.620260728800928196E-01   -0.146541611105154290E+00   -0.952837552707946900E-01   -0.106632194897402854E+01
    0.646442217936944730E-02    0.405516934992304290E+00    0.104910487722507106E+00   -0.269356109969814455E+02    0.100797859904795239E+01    0.150855106745641998E+01    0.751671039237366157E-02    0.184368156543123662E+01   -0.169667874923699724E+01   -0.464594311005718935E-01   -0.557354082432134668E+01   -0.197887222565763798E+00    0.531648622795370118E-01   -0.154302543073926990E+00   -0.138691955032618858E+00   -0.106219884098426998E+01
    0.646871659075598689E-02    0.404188746492762874E+00    0.105419661464520142E+00   -0.266713033170934644E+02    0.103098967131960095E+01    0.150648768149478141E+01    0.768145867736392228E-02    0.188763527474766524E+01   -0.180225768970635936E+01   -0.496891900627000616E-01   -0.548331890150367141E+01   -0.213252652300732121E+00    0.531096426881036837E-01   -0.165947620714929439E+00   -0.908833707707211724E-01   -0.107013533949212580E+01
    0.644456918422042866E-02    0.411668619579257655E+00    0.108325563420074059E+00   -0.269550336022241801E+02    0.104275977057333069E+01    0.152508200588883436E+01    0.758551092285822837E-02    0.188969682812476081E+01   -0.174453516365599581E+01   -0.488041397874924010E-01   -0.513621361029880497E+01   -0.185942576033582746E+00    0.476543469646687964E-01   -0.167562379818605750E+00   -0.108062844578423606E+00   -0.106310482744142609E+01
    0.656165885274763699E-02    0.375657308202791751E+00    0.107480794259406709E+00   -0.268581587439165723E+02    0.103568404002717229E+01    0.150988616435429379E+01    0.785229394935692271E-02    0.187380741379924687E+01   -0.169532539231600166E+01   -0.471667542137662876E-01   -0.565891912009211051E+01   -0.209214675634441100E+00    0.399320056971459655E-01   -0.168610630212515128E+00   -0.130992138342866660E+00   -0.106547950367174793E+01
    0.656676395827252533E-02    0.374101872075942310E+00    0.106501329160947511E+00   -0.273061494456108704E+02    0.104321637983982884E+01    0.150860156039642201E+01    0.700934918710986385E-02    0.188190260791548569E+01   -0.171058262422096519E+01   -0.484394593005000942E-01   -0.484937889803178024E+01   -0.223029772170989377E+00    0.389826882720501824E-01   -0.157746814690483517E+00   -0.152696062114622361E+00   -0.106339850075304243E+01
    0.648399159922745383E-02    0.399471581455597691E+00    0.105010211941370515E+00   -0.273757956641282654E+02    0.104569810148114994E+01    0.151617045996810318E+01    0.773425695014976801E-02    0.188104844379423186E+01   -0.175653585451233951E+01   -0.475209734267516143E-01   -0.514102885367001505E+01   -0.200213976357515117E+00    0.632363300919027149E-01   -0.143693894595360194E+00   -0.125251356382053924E+00   -0.106758477775049321E+01
    0.644852159795078310E-02    0.410442408139057135E+00    0.106375103468057036E+00   -0.266552658894350785E+02    0.106444376015014353E+01    0.153149686722281597E+01    0.763362352740449591E-02    0.185540226647923268E+01   -0.164285003457893319E+01   -0.474936895358670091E-01   -0.503982752731585659E+01   -0.216017641137727423E+00    0.346950317080159665E-01   -0.159398800323807766E+00   -0.117190066100630833E+00   -0.106127536040485904E+01
    0.644235700019916546E-02    0.412355264016057543E+00    0.106750258294402864E+00   -0.272113259243065144E+02    0.102164038627614584E+01    0.151154962500803736E+01    0.773463005957912737E-02    0.187593541521375906E+01   -0.166390414512836804E+01   -0.485125729810104156E-01   -0.519232324059411354E+01   -0.171561372157859660E+00    0.298458736210750163E-01   -0.166694988815176470E+00   -0.165090357013673333E+00   -0.106924718136885866E+01
    0.645669529245600487E-02    0.407908953438498367E+00    0.102268846746997322E+00   -0.271744105824888287E+02    0.104027641886959654E+01    0.152160391238546766E+01    0.735178597898797880E-02    0.187797049714490649E+01   -0.161800179915440578E+01   -0.464181182379174856E-01   -0.539674896109261226E+01   -0.186265525773440882E+00    0.440038527735568466E-01   -0.128452328032487878E+00   -0.118869785434763661E+00   -0.106048829786351839E+01
    0.646881106314244753E-02    0.404159537701409888E+00    0.106357296900062806E+00   -0.268643269670937492E+02    0.104543261807141374E+01    0.151935230332458482E+01    0.743867904349983927E-02    0.187639051296692472E+01   -0.171799644333592538E+01   -0.462147145327113998E-01   -0.527766583813172119E+01   -0.192469513907242568E+00    0.476976920594364626E-01   -0.125252403130276690E+00   -0.144542345414821832E+00   -0.106197774671007927E+01
    0.653590295932148999E-02    0.383523177284377792E+00    0.104914317679824939E+00   -0.271664533792240803E+02    0.101956359914630301E+01    0.150965724174715810E+01    0.770988118472828391E-02    0.188554486792770448E+01   -0.166887168549801523E+01   -0.469060492093070006E-01   -0.497524866450597347E+01   -0.188551548895376647E+00    0.245228994801833557E-01   -0.144931111622188941E+00   -0.130782279722411299E+00   -0.105906569389046235E+01
    0.641867564011917944E-02    0.419720578297135827E+00    0.107872883832682828E+00   -0.266324224343148401E+02    0.101510899959109180E+01    0.152647790569550912E+01    0.731949006096694645E-02    0.187245778385569972E+01   -0.174573997132766090E+01   -0.459441807720657597E-01   -0.529817477753846777E+01   -0.210578478297912985E+00    0.435033243193416325E-01   -0.177386563314327894E+00   -0.105129980641120821E+00   -0.106376911862288126E+01
    0.653606666537918501E-02    0.383473083515067870E+00    0.108688547409044101E+00   -0.272265948178717636E+02    0.104035360808946176E+01    0.151846027189430099E+01    0.771783889874106798E-02    0.188059531384926126E+01   -0.182310963907126156E+01   -0.481707679982674164E-01   -0.561040049877552249E+01   -0.192357027344555398E+00    0.546949536108170611E-01   -0.176511528482139829E+00   -0.136906240340253615E+00   -0.106719538956078064E+01
    0.648550028526701655E-02    0.399006278401383641E+00    0.102765721050335615E+00   -0.268764566026294531E+02    0.100516952357718448E+01    0.148514002969785697E+01    0.748380007292180453E-02    0.189734533319989351E+01   -0.174917775218341709E+01   -0.438328894129968866E-01   -0.529101699468397513E+01   -0.180323163655767810E+00    0.431901317139838856E-01   -0.165279650663336997E+00   -0.111718004707859780E+00   -0.106340710061360388E+01
    0.645646071667545576E-02    0.407981616010036352E+00    0.108319350444470899E+00   -0.267452074761287868E+02    0.106407617863402182E+01    0.152473239900870361E+01    0.775670097999616587E-02    0.186473888828590972E+01   -0.180987543934650641E+01   -0.476657968010486197E-01   -0.520317347257222007E+01   -0.211044784969048438E+00    0.555089220294320076E-01   -0.138146559357436027E+00   -0.114160214172688193E+00   -0.106322624238187613E+01
    0.642000457991464060E-02    0.419306535801355129E+00    0.105680034498701364E+00   -0.268882786831154910E+02    0.103622583257121992E+01    0.150040560325121186E+01    0.777422083049628902E-02    0.188047537655169195E+01   -0.166045279021763226E+01   -0.474457431978112382E-01   -0.569538639270900493E+01   -0.221502634455774561E+00    0.573146413557919301E-01   -0.147297124813818403E+00   -0.159038031765573129E+00   -0.106685296492245230E+01
    0.653652556838242409E-02    0.383332666681062084E+00    0.105862750502510664E+00   -0.270381392070067967E+02    0.103262620095326363E+01    0.150168320137559652E+01    0.714353246306795742E-02    0.188381596138468610E+01   -0.177656126172117168E+01   -0.445598778277627519E-01   -0.546883335023449657E+01   -0.213629292186838959E+00    0.345226148827158449E-01   -0.135300139133660513E+00   -0.118759576289878557E+00   -0.105986399037082224E+01
    0.655442157262834443E-02    0.377864455649004838E+00    0.106394073008010168E+00   -0.267374340281521583E+02    0.102397550028916551E+01    0.153284401393930425E+01    0.742292649698826894E-02    0.187374363662466270E+01   -0.171773268435773763E+01   -0.467464819400819215E-01   -0.550158092444106828E+01   -0.205133120132044988E+00    0.411737211097782801E-01   -0.157527174728093827E+00   -0.123295480914283689E+00   -0.106610379598532345E+01
    0.651975798825914655E-02    0.388469684200278997E+00    0.101535638038754636E+00   -0.272259272224034952E+02    0.102687875026489817E+01    0.150554986515436084E+01    0.696287740529591068E-02    0.187470977373685233E+01   -0.169833535730744734E+01   -0.460396530541860652E-01   -0.500998402174522983E+01   -0.209522486021292309E+00    0.274637756901978183E-01   -0.153549866295171672E+00   -0.152302256453428791E+00   -0.106738168439298553E+01
    0.642753500447615714E-02    0.416961985586295936E+00    0.106039894246608216E+00   -0.266602858814829560E+02    0.104169688281719930E+01    0.147594508172334193E+01    0.728934874959743899E-02    0.188177233454089787E+01   -0.171674234103309331E+01   -0.469737024508403642E-01   -0.525337821020342677E+01   -0.205855356219064256E+00    0.342975918208055994E-01   -0.152399564463976206E+00   -0.136624399296943505E+00   -0.106840980421840825E+01
    0.644651988407828405E-02    0.411063333288111288E+00    0.106494594452937491E+00   -0.268970875113264185E+02    0.104891430752532244E+01    0.150835160361742848E+01    0.733564697245756188E-02    0.189543938656342892E+01   -0.181732614458389197E+01   -0.455046281547074258E-01   -0.517701761972378183E+01   -0.182973719181948324E+00    0.503046775653927247E-01   -0.171455749852556849E+00   -0.133343353433012846E+00   -0.106745906742920460E+01
    0.652449998940325161E-02    0.387015557377238084E+00    0.105861427691192667E+00   -0.269902400706362826E+02    0.103596784841551770E+01    0.148634134705598631E+01    0.769237875793212910E-02    0.190895364224589525E+01   -0.175669511387197441E+01   -0.458002659698896614E-01   -0.531725896492444416E+01   -0.210832176536013688E+00    0.505261016056912649E-01   -0.156475296293532407E+00   -0.155254582300590804E+00   -0.106248636419812725E+01
    0.642803220776318619E-02    0.416807281160090359E+00    0.106148349520248639E+00   -0.270189628701765265E+02    0.103731451880788450E+01    0.152683309326050498E+01    0.717643240553686879E-02    0.189300578370849992E+01   -0.172385320791515673E+01   -0.480719451916845203E-01   -0.525640817793971937E+01   -0.210171006530093296E+00    0.311642669817840424E-01   -0.150939255355927893E+00   -0.992452142520370006E-01   -0.106565605449631651E+01
    0.658398909038289317E-02    0.368862585200946280E+00    0.107061799152200432E+00   -0.269885314739464057E+02    0.101866488858971072E+01    0.152195670159836771E+01    0.791724040786478608E-02    0.188445213040371873E+01   -0.170303478713282641E+01   -0.464433174223964976E-01   -0.522622541964973220E+01   -0.197090389912661507E+00    0.341453279790842057E-01   -0.149965169691544414E+00   -0.135863807130545161E+00   -0.106522577997042234E+01
    0.646932175556924442E-02    0.404001650181094907E+00    0.106361488518450995E+00   -0.268126571876232376E+02    0.105148105764456079E+01    0.149712860590888219E+01    0.713946441583358446E-02    0.187930703323812942E+01   -0.172695661479256923E+01   -0.458247495193232213E-01   -0.530354433493208344E+01   -0.192160130154197195E+00    0.552104852596214321E-01   -0.139126655971126167E+00   -0.152166531590228721E+00   -0.106340488188053817E+01
    0.655913863932478577E-02    0.376425619261740396E+00    0.106301483627460835E+00   -0.271175489268290555E+02    0.103859322887255501E+01    0.149721394936143737E+01    0.729301395266514912E-02    0.187791056380986165E+01   -0.173899345221407620E+01   -0.504545524244909629E-01   -0.521178146666169262E+01   -0.199421311982059229E+00    0.486334524468622562E-01   -0.143512836924953729E+00   -0.100920661619463975E+00   -0.106450935509173550E+01
    0.662263325028796500E-02    0.357158072358370160E+00    0.106550387815947806E+00   -0.272123459446142064E+02    0.102180780902471469E+01    0.150327041185075205E+01    0.764127588535126051E-02    0.187279401303410786E+01   -0.169334746779237144E+01   -0.449723001426290125E-01   -0.536743020113839187E+01   -0.182327620386690925E+00    0.494600961841183753E-01   -0.164650482354723654E+00   -0.105210075459807609E+00   -0.106281179173597118E+01
    0.655906286375091286E-02    0.376448724738159046E+00    0.108842725844689292E+00   -0.271366506879011631E+02    0.103188684211952109E+01    0.154080199278532071E+01    0.750706684263053974E-02    0.187613435233892756E+01   -0.172493044726459122E+01   -0.465613306901828533E-01   -0.539267596308800545E+01   -0.191240715529923083E+00    0.623522762897502220E-01   -0.153354713909853196E+00   -0.137190110106703622E+00   -0.106463607394232396E+01
    0.659933695094157974E-02    0.364205833954894420E+00    0.108799627175229632E+00   -0.270194862031999818E+02    0.103744473469645726E+01    0.153165598762737187E+01    0.776707189419091615E-02    0.188826037095915611E+01   -0.179660011239729789E+01   -0.482981280812909142E-01   -0.517970955429413848E+01   -0.205193018534253313E+00    0.444645067105588071E-01   -0.164882273334229279E+00   -0.138091380883510806E+00   -0.106793423527324172E+01
    0.662399438328782619E-02    0.356747059671276290E+00    0.106901889640992689E+00   -0.269177628570940080E+02    0.103579113445783211E+01    0.151414533503085069E+01    0.763521634449154663E-02    0.187682836097278516E+01   -0.177845528642431949E+01   -0.497661961319317975E-01   -0.504057593509916657E+01   -0.240489572081056591E+00    0.434602648389704610E-01   -0.165002899656406438E+00   -0.130729015763494105E+00   -0.106451861441909190E+01
    0.650848632480397014E-02    0.391930370382295890E+00    0.105002836913614978E+00   -0.269651593197422201E+02    0.101550194310090403E+01    0.150110985555479326E+01    0.743388245749032617E-02    0.190004308075837192E+01   -0.169360615276463089E+01   -0.482702144680229386E-01   -0.531412663212640179E+01   -0.224271200082516442E+00    0.397281204518636077E-01   -0.146022913187956571E+00   -0.104130889912623648E+00   -0.106252843450676426E+01
    0.647305626450145159E-02    0.402847454551804152E+00    0.107961655308340773E+00   -0.267961586399429912E+02    0.104860748530673242E+01    0.149255546249501059E+01    0.792533949530610168E-02    0.188794452213475350E+01   -0.184310872464866216E+01   -0.470599288445115657E-01   -0.538454714691531766E+01   -0.213481467672786973E+00    0.507345357592910301E-01   -0.140051032951214571E+00   -0.833116594045921061E-01   -0.106395384895047651E+01
    0.654867676952548394E-02    0.379618179332043837E+00    0.103387677178812323E+00   -0.270861985508440135E+02    0.102322932004260547E+01    0.150670901207715335E+01    0.710243032173302896E-02    0.187833090979545592E+01   -0.177430055393032715E+01   -0.477513186002900616E-01   -0.488525054910357071E+01   -0.206254730091871702E+00    0.712687485685433719E-01   -0.147906514554008883E+00   -0.170516156391561424E+00   -0.106773058101491869E+01
    0.647487568772523239E-02    0.402285380780496582E+00    0.108740109267608492E+00   -0.266433132862107520E+02    0.100470540578255929E+01    0.151455852074565622E+01    0.804186955428592108E-02    0.188282043802001842E+01   -0.173845930110831004E+01   -0.469677691905449265E-01   -0.498358293729349100E+01   -0.185945260728226924E+00    0.369772181807547159E-01   -0.173692423949238950E+00   -0.971653013457196846E-01   -0.106839844816595297E+01
    0.658802793963225546E-02    0.367636091379464902E+00    0.106481254329853586E+00   -0.269860160438184629E+02    0.101980327506546020E+01    0.150891492516914916E+01    0.766924028937085011E-02    0.189337241670240330E+01   -0.167013745399922131E+01   -0.456921592933369411E-01   -0.521062099046325500E+01   -0.181813015683345264E+00    0.331832999764750461E-01   -0.166671372912646221E+00   -0.124144733896740966E+00   -0.106548894926301707E+01
    0.648016200844413887E-02    0.400653175259745364E+00    0.107553517946215801E+00   -0.271679320996753937E+02    0.102020398713262272E+01    0.152132580467042167E+01    0.728386308519762132E-02    0.188255338584965126E+01   -0.174012837703777223E+01   -0.462062821168412602E-01   -0.548473659763650190E+01   -0.200176609826030610E+00    0.520991033871401471E-01   -0.147337160248692117E+00   -0.100653513232848019E+00   -0.106446026394086912E+01
    0.651650246584390812E-02    0.389468597192046295E+00    0.107138721855547056E+00   -0.271839619739188834E+02    0.102275636553098881E+01    0.151603042049006520E+01    0.733056752986593809E-02    0.189451389066170717E+01   -0.175717193111443204E+01   -0.472561213866476842E-01   -0.526616013505290415E+01   -0.203398820009034809E+00    0.449904423935699044E-01   -0.143664450925754777E+00   -0.170602326556144657E+00   -0.106326136236853563E+01
    0.642339852137328512E-02    0.418249513293884434E+00    0.109396280330438286E+00   -0.265315431326289399E+02    0.106039362779135171E+01    0.150530353161075769E+01    0.758217458021926728E-02    0.190911643244947538E+01   -0.165629870415476144E+01   -0.474680909103422713E-01   -0.541182324330576137E+01   -0.228774986063422697E+00    0.365497858554203539E-01   -0.156566700910069745E+00   -0.155368817293019573E+00   -0.106179117345151330E+01
    0.641823067291212492E-02    0.419859230771924330E+00    0.109145221583396665E+00   -0.277584906116113999E+02    0.102332383491251067E+01    0.153861946101537739E+01    0.738148953282311872E-02    0.188428331777209701E+01   -0.173508458890790518E+01   -0.486541577433371036E-01   -0.535522187795091043E+01   -0.177266244406898393E+00    0.510844271348652110E-01   -0.160523027133340379E+00   -0.128276290948900917E+00   -0.106689736855956396E+01
    0.648335929774793585E-02    0.399666625604566506E+00    0.105915655527632324E+00   -0.265464821996381843E+02    0.102650899376696336E+01    0.150416748221307128E+01    0.754008120772380660E-02    0.187399080111753857E+01   -0.173863671720990309E+01   -0.478626621958797849E-01   -0.580688473771405977E+01   -0.210956072637730585E+00    0.344532174471160538E-01   -0.153021470868712650E+00   -0.124535939487364619E+00   -0.106666315276732737E+01
    0.648473263943208280E-02    0.399243019203274763E+00    0.108228585089069629E+00   -0.267361598187769793E+02    0.106868323626286954E+01    0.153100089213981971E+01    0.755242956277316687E-02    0.187958672764916113E+01   -0.182180077105660154E+01   -0.484568123328803987E-01   -0.540914093990972678E+01   -0.239710525638365590E+00    0.480939417445632109E-01   -0.140655467030262715E+00   -0.123228837134845490E+00   -0.106205288799699438E+01
    0.642228254449853618E-02    0.418597015889297597E+00    0.106902827727193006E+00   -0.274530171611291465E+02    0.105543125747629829E+01    0.150199286899186113E+01    0.750313041237794364E-02    0.191770842610873093E+01   -0.179450461938088801E+01   -0.486213841912173372E-01   -0.497915225521491767E+01   -0.216965271894875994E+00    0.289242851778441466E-01   -0.166249431027729877E+00   -0.149648535537751176E+00   -0.106250332952345450E+01
    0.656183249532839991E-02    0.375604382475584031E+00    0.105306877296639123E+00   -0.268880865498617752E+02    0.104604493660155407E+01    0.146206725483840239E+01    0.746809533015677703E-02    0.187581840053856341E+01   -0.179943098543410018E+01   -0.466468602083107350E-01   -0.554208085753025692E+01   -0.215362508859203550E+00    0.596432125127917892E-01   -0.173575981625651604E+00   -0.116642161256287735E+00   -0.106117770503406317E+01
    0.665693146655824391E-02    0.346826922725990250E+00    0.107465677002896873E+00   -0.268797235787893705E+02    0.103191142854992379E+01    0.148643563352962782E+01    0.745698126340984743E-02    0.187118874981218908E+01   -0.174094611094739271E+01   -0.472040932730235577E-01   -0.512053374134374817E+01   -0.222452884416840524E+00    0.705782809437553726E-01   -0.157426980959331664E+00   -0.128208242919609194E+00   -0.106350394431217565E+01
