    0.158511346100674091E-01    0.171911192931147454E+02    0.311183463928026982E+00   -0.297848751330813748E+02    0.341426998192924824E+00    0.243571644167409618E+01    0.130914377412224021E-01    0.150887669795839896E+01   -0.196174630948229134E+01    0.999963751391307665E+00    0.211631837524159305E+01   -0.137204306873294879E+00    0.576266042752760291E-01   -0.627994498505312526E+00   -0.373657317578863155E-01   -0.105354527562985334E+01
    0.167196798399773493E-01    0.170444285388070185E+02    0.315362575848746940E+00   -0.306878162890862640E+02    0.390504017245037915E+00    0.243669769634903810E+01    0.134334063018208289E-01    0.141021846607101642E+01   -0.194510143455476703E+01    0.999964066694905562E+00    0.188184458068366434E+01   -0.200571731212131815E+00    0.103596123198324341E+00   -0.607565147788562632E+00   -0.416492218021566329E-02   -0.105447855199076290E+01
    0.167245753824877795E-01    0.170038430221001455E+02    0.315876012236662174E+00   -0.299921685050301043E+02    0.320279802498594390E+00    0.254525079236712770E+01    0.131552008696537142E-01    0.148056880004827063E+01   -0.190128418975103308E+01    0.999968894491253035E+00    0.203224744069552088E+01   -0.116289329497172064E+00    0.425893464312473366E-01   -0.617831466363614079E+00   -0.101778429277280230E+00   -0.105880314853768098E+01
    0.165963763746415395E-01    0.169792326954012864E+02    0.320693007816098441E+00   -0.296826202013491098E+02    0.410742032544502422E+00    0.240551740542019798E+01    0.130506356476116706E-01    0.148199368342108317E+01   -0.203066724552220279E+01    0.999962834403335110E+00    0.237787277711851752E+01   -0.185243661908764790E+00    0.752875486400793187E-01   -0.622106461720050796E+00   -0.894676250606490225E-02   -0.104724829820107268E+01
    0.166014686569823065E-01    0.169386191275777307E+02    0.318681849348080137E+00   -0.300837761740790093E+02    0.327732651100939909E+00    0.241116027690061330E+01    0.130791439961510051E-01    0.143047841614713400E+01   -0.197028263243582669E+01    0.999964162036383830E+00    0.138171267355944893E+01   -0.186259116298844063E+00    0.527891634416828917E-01   -0.627331893439662891E+00   -0.214485848483114000E+00   -0.105404325106935493E+01
    0.164584333287072088E-01    0.169159254366940281E+02    0.317875814767026421E+00   -0.305042188637443523E+02    0.376885092368141550E+00    0.243520604830721377E+01    0.131387010477640315E-01    0.136361784887296422E+01   -0.194580550520556250E+01    0.999962580568720671E+00    0.231008261871323439E+01   -0.171189934553332396E+00    0.808983784842658427E-01   -0.623379804735407106E+00   -0.299862752115127307E-01   -0.104486402921803845E+01
    0.162285830714443066E-01    0.169040533077759854E+02    0.318666025380031970E+00   -0.298031948263545345E+02    0.504995976293710291E+00    0.241139778505432734E+01    0.131694565247423550E-01    0.152649862710419781E+01   -0.187997754932068917E+01    0.999965076616978976E+00    0.258490585114411031E+01   -0.172797364664235675E+00    0.697639198461555282E-01   -0.633395097515292438E+00   -0.481023523010654791E-02   -0.106401112089856298E+01
    0.159272362634718667E-01    0.169015402244852133E+02    0.316531291509222767E+00   -0.303321904495331722E+02    0.353400142453939248E+00    0.234655796774543557E+01    0.131510877739487320E-01    0.151901356013840760E+01   -0.191723442709280145E+01    0.999965253497812623E+00    0.222788012173127292E+01   -0.200182995271485475E+00    0.817386071874052211E-01   -0.637432074888083511E+00    0.243120656800907831E-01   -0.104879956792717155E+01
    0.156244974608501837E-01    0.168999213919007261E+02    0.318700531950279975E+00   -0.298854430514249358E+02    0.440836370019026758E+00    0.243711341786008839E+01    0.131427888990287602E-01    0.149966923082142656E+01   -0.187710692247443744E+01    0.999962787679779308E+00    0.180902348067693164E+01   -0.162411547025831632E+00    0.317281061907494014E-01   -0.631648894997178245E+00   -0.220286986052828371E+00   -0.104104969213726739E+01
    0.154639408341578372E-01    0.168805796253773863E+02    0.315973455712414586E+00   -0.309842963724270568E+02    0.264947625702161016E+00    0.237485247465906246E+01    0.135269702686419448E-01    0.150008120322220551E+01   -0.205218292939299740E+01    0.999965758640745994E+00    0.122094102002173832E+01   -0.205747870914126385E+00    0.573711414171367839E-01   -0.624944881779638695E+00   -0.818343559896617459E-02   -0.104565621724626445E+01
    0.151586554585064828E-01    0.168804580846822390E+02    0.318063322721327923E+00   -0.298726021163363882E+02    0.440921658123803573E+00    0.242313598633141813E+01    0.132179996319022747E-01    0.147727623507049688E+01   -0.199773642447207922E+01    0.999961776059131169E+00    0.228568601984311304E+01   -0.161090194627338784E+00    0.238007050446782664E-01   -0.623717425245128521E+00    0.794687261559153535E-01   -0.106159636039318928E+01
    0.149555055700733072E-01    0.168674424618993939E+02    0.316115377515816809E+00   -0.292469360065804089E+02    0.312156058795145130E+00    0.239142649136420227E+01    0.133470050625867503E-01    0.151090545795393716E+01   -0.199498189258118841E+01    0.999964998787447157E+00    0.234658220111332172E+01   -0.115755590700948874E+00    0.655944167543700690E-01   -0.621398615902432949E+00   -0.455080872382826115E-01   -0.105082744210864032E+01
    0.146799024986986534E-01    0.168646426943274506E+02    0.315039317983808242E+00   -0.292383769046731103E+02    0.297909957046268881E+00    0.249042947625705802E+01    0.136263255619511418E-01    0.139434034989949018E+01   -0.196447943463252628E+01    0.999967511663864994E+00    0.245418563690612146E+01   -0.214080815674544539E+00    0.105900093757315947E+00   -0.608005372073245121E+00    0.810597329364377145E-01   -0.105789482053364980E+01
    0.144520825808680288E-01    0.168559244022657317E+02    0.317193673071983095E+00   -0.310691103056624556E+02    0.323615057414594898E+00    0.243781743356550873E+01    0.133795708854211447E-01    0.138593942203023079E+01   -0.198054541172987264E+01    0.999970714994184440E+00    0.139315059351700121E+01   -0.702983965692999396E-01    0.941489179098555645E-02   -0.625294382950767003E+00    0.117591520108292977E-01   -0.105815741705863386E+01
    0.142277430027070041E-01    0.168472138748221951E+02    0.317510855017248850E+00   -0.308749931174060173E+02    0.491237998909226481E+00    0.243024128375206505E+01    0.133516339449422355E-01    0.145073563369806902E+01   -0.201484001725474871E+01    0.999965071610610878E+00    0.250591588516888741E+01   -0.216769977533206981E+00    0.416641834854963658E-01   -0.617541121407908733E+00   -0.228609604979142719E-01   -0.105324818533212561E+01
    0.140651706628410825E-01    0.168301983056293700E+02    0.318991787323152087E+00   -0.300764454964802717E+02    0.412052796033796132E+00    0.240781220160332543E+01    0.132441106499191288E-01    0.150571206685068981E+01   -0.203112838329876588E+01    0.999964425335724050E+00    0.251416660063368225E+01   -0.198833319654031365E+00    0.986616640588890703E-01   -0.631603413555845816E+00    0.439417502891310263E-01   -0.105175991855865281E+01
    0.138067633947451304E-01    0.168272843107573458E+02    0.318347486347216380E+00   -0.294051165527688099E+02    0.400409195891692826E+00    0.243319104311623446E+01    0.133201748885520815E-01    0.135076769006138786E+01   -0.191789758998772886E+01    0.999964973493126852E+00    0.120890963641365934E+01   -0.193601596902324646E+00    0.106074038065808104E-01   -0.626249422954753832E+00    0.129594951408207065E+00   -0.105353739558077630E+01
    0.135512926971197521E-01    0.168246375675466702E+02    0.314872914792709957E+00   -0.301066861001317996E+02    0.514530679698910531E+00    0.235259741118634880E+01    0.135981888190251591E-01    0.146924626741480724E+01   -0.192493107116479467E+01    0.999966942596308916E+00    0.222336215267413406E+01   -0.171178514508633473E+00    0.333993440158910082E-01   -0.624195237696285266E+00   -0.111220951259397488E+00   -0.104197425910211638E+01
    0.133282504700518844E-01    0.168178297010622160E+02    0.320958418498818454E+00   -0.298725764374702152E+02    0.277416501113020186E+00    0.248524141391163855E+01    0.132875345303568333E-01    0.152849311571613655E+01   -0.194989341836381236E+01    0.999965763283214071E+00    0.171233959433412508E+01   -0.164704143506553158E+00    0.715436669459298263E-01   -0.613630604165645854E+00    0.692806590908127268E-01   -0.105459861862744364E+01
    0.131016685876342090E-01    0.168121222667046588E+02    0.317269436095261648E+00   -0.319230081934526382E+02    0.352227233087813341E+00    0.242971665401882664E+01    0.133678878076475167E-01    0.150649878319724317E+01   -0.192703769676337844E+01    0.999964553340101259E+00    0.177225748536414951E+01   -0.156858767441425184E+00    0.658684949676920511E-01   -0.633334814776241872E+00    0.310246390362964725E-01   -0.105744507049913161E+01
    0.129014125740015400E-01    0.168029278426334017E+02    0.316323975984249772E+00   -0.292666907075197678E+02    0.403693010524712681E+00    0.231802313216174927E+01    0.137186597321042082E-01    0.155898236063687645E+01   -0.201000552910902686E+01    0.999966272356632047E+00    0.122800094793141246E+01   -0.125108215643700782E+00    0.397878931206570099E-01   -0.613642038601322604E+00   -0.729392046412900980E-01   -0.105030680071927462E+01
    0.126576146096731342E-01    0.168010834980885271E+02    0.320235785363556347E+00   -0.309643705849526576E+02    0.400966189353140989E+00    0.234134134371358726E+01    0.132409065399615913E-01    0.145135996669024592E+01   -0.192457574428306821E+01    0.999963212399156420E+00    0.179352167691470821E+01   -0.183144293735078290E+00    0.774941160950123192E-02   -0.625691146996952940E+00   -0.278051498238718678E-01   -0.106075763044205740E+01
    0.124358583824079397E-01    0.167964332482616072E+02    0.318170867430837334E+00   -0.301235550983182812E+02    0.394415922291807164E+00    0.243574665538421220E+01    0.134851068555225610E-01    0.146800939034815281E+01   -0.201126524545048335E+01    0.999965290043743793E+00    0.156473113784015228E+01   -0.239820595765336375E+00    0.115465420548598444E+00   -0.615325602051664644E+00   -0.236008433862478578E+00   -0.104517291537101475E+01
    0.122001737482486210E-01    0.167947010705049919E+02    0.315945160200553687E+00   -0.295230210180789960E+02    0.453685240314603278E+00    0.237432227471219193E+01    0.135231156754053537E-01    0.148941004459900039E+01   -0.190893296982595606E+01    0.999965696035333806E+00    0.213362801756530018E+01   -0.152845118296209143E+00    0.103635201320451203E+00   -0.623048343510366420E+00   -0.119642935288374899E+00   -0.107297373752967551E+01
    0.119651261784610493E-01    0.167936089232308845E+02    0.317804854767267053E+00   -0.304502415513081672E+02    0.312595721695426543E+00    0.239935890877879787E+01    0.134897636081870217E-01    0.153883045548175135E+01   -0.200883272118901068E+01    0.999967108193994481E+00    0.228379798764624597E+01   -0.134882539016997510E+00    0.696820261449055955E-01   -0.613642195789820821E+00   -0.279215711568050577E-01   -0.104123133949989155E+01
    0.117348649691646385E-01    0.167924728119771807E+02    0.317579166510701838E+00   -0.306386380885253757E+02    0.336318443329447381E+00    0.246574445823627331E+01    0.134824906144191854E-01    0.124533704933292921E+01   -0.206439294506180238E+01    0.999965892827425873E+00    0.169937839789542533E+01   -0.191056435740996566E+00    0.364623196593411580E-01   -0.621052073244573344E+00   -0.289650255581754487E-01   -0.104839113022780328E+01
    0.115163974292831310E-01    0.167900576906857175E+02    0.318349916406422018E+00   -0.304240350238349784E+02    0.493637242539114562E+00    0.231552420568810247E+01    0.134061323196889327E-01    0.162626331081774400E+01   -0.186436277458903388E+01    0.999961740859112824E+00    0.157601494250850016E+01   -0.126681091635576171E+00    0.501046652228133507E-01   -0.624309016212657442E+00   -0.121284733407669015E+00   -0.105167610513077814E+01
    0.112989813366878404E-01    0.167881763081819848E+02    0.323289625481922249E+00   -0.305389379843871289E+02    0.315368930988417728E+00    0.233595016301419856E+01    0.132873355299430625E-01    0.142154209965488132E+01   -0.198712334908931076E+01    0.999967022001530426E+00    0.253677226794545874E+01   -0.199945854417613034E+00    0.740329777244535386E-01   -0.623255087792206286E+00   -0.122870459655520875E+00   -0.105902916564071625E+01
    0.111100269207893131E-01    0.167819054035761219E+02    0.315707342374763111E+00   -0.299299796336644235E+02    0.296231029283729907E+00    0.243847107965043053E+01    0.135337779270089560E-01    0.134205754313753611E+01   -0.190823927023552820E+01    0.999966075718432323E+00    0.152513493900351804E+01   -0.174665168753757927E+00    0.719386337744882115E-01   -0.631039114618524133E+00   -0.103310544307023168E-01   -0.104720798247428393E+01
    0.109704443552777701E-01    0.167671918973537579E+02    0.318580973974165016E+00   -0.298570089920275450E+02    0.406596267124764987E+00    0.241897211075582153E+01    0.133801800293546196E-01    0.149759167674999860E+01   -0.185267997152404917E+01    0.999963349376325472E+00    0.248376935669266086E+01   -0.159433452101939543E+00    0.548033204491448558E-01   -0.627003130754615223E+00   -0.201930341891750603E+00   -0.104847607527867237E+01
    0.107608885878587510E-01    0.167657651894227442E+02    0.320532729991023169E+00   -0.303422246427384650E+02    0.394758233842639583E+00    0.245940055321458129E+01    0.133637881045035756E-01    0.150042311401182848E+01   -0.198480287717556103E+01    0.999961335829927855E+00    0.175606173437203328E+01   -0.122611650445891840E+00    0.282963300043344128E-01   -0.616969210463734874E+00   -0.219682808184884296E-01   -0.105732279856712541E+01
    0.105590845497623154E-01    0.167636282887862862E+02    0.317973108063162813E+00   -0.306696945360790885E+02    0.422691395671721371E+00    0.242855710729892138E+01    0.134289243184402066E-01    0.149419082005909254E+01   -0.191051989481224260E+01    0.999967469949637811E+00    0.210960390593863734E+01   -0.169538091783861283E+00    0.164733370377354617E-01   -0.624821832922924703E+00    0.202280601002968852E+00   -0.105480512239612900E+01
    0.103656372077917842E-01    0.167606090153571934E+02    0.316613310586684349E+00   -0.301374667302183177E+02    0.416561118885810433E+00    0.244795192827545405E+01    0.134313680474962248E-01    0.145020475737572130E+01   -0.202207246937395269E+01    0.999966316663107424E+00    0.158256964333924932E+01   -0.189782150705611719E+00    0.712293575708366211E-01   -0.638087189854696923E+00    0.123397251298328139E-01   -0.104637866465235030E+01
    0.101700806830429188E-01    0.167587011701702728E+02    0.319248910786761098E+00   -0.291260348568789915E+02    0.313721547479646867E+00    0.245521440813770520E+01    0.134500114065799412E-01    0.154818204875871102E+01   -0.195574792700709654E+01    0.999968092201761083E+00    0.198805778192480087E+01   -0.141093805083578522E+00    0.895958398983143223E-01   -0.617670576371787794E+00   -0.853720536763405008E-01   -0.105770714224604157E+01
    0.997968637400682354E-02    0.167564981283412990E+02    0.319081126176911534E+00   -0.302486353553295970E+02    0.424132291831643471E+00    0.245081659958508391E+01    0.134002167151718189E-01    0.139375700368954769E+01   -0.199769079960651363E+01    0.999964780698569755E+00    0.165665260322415997E+01   -0.171562394146648256E+00    0.347744997173254980E-01   -0.624514988190412845E+00   -0.123015540729373971E+00   -0.103995103130905298E+01
    0.978759154585183075E-02    0.167553706278661920E+02    0.318679002592111349E+00   -0.298843157660652885E+02    0.288732700499561679E+00    0.250288450068810286E+01    0.134438100349542605E-01    0.144428692391167224E+01   -0.200257719167800863E+01    0.999965576484855068E+00    0.140044845983634891E+01   -0.167596263531571366E+00    0.991458276247208781E-01   -0.623346351706044799E+00    0.100880254341677911E+00   -0.105252567211943737E+01
    0.961805416164890348E-02    0.167503175088612402E+02    0.317792729140140451E+00   -0.300514840045594092E+02    0.306044947077568630E+00    0.242139171987744373E+01    0.135360091943100194E-01    0.139317398929661906E+01   -0.189184034212171381E+01    0.999967327190925959E+00    0.161455125806155531E+01   -0.131350622980372200E+00    0.440266012617401142E-01   -0.620911079055093129E+00    0.330932595773271027E-01   -0.105587083821864458E+01
    0.944790670699869120E-02    0.167460150481375756E+02    0.319007085302764837E+00   -0.305614115547993777E+02    0.458372148691969628E+00    0.252239044730754269E+01    0.136376514483367121E-01    0.143843337851525477E+01   -0.188011910458399178E+01    0.999968184732244803E+00    0.118932442828603468E+01   -0.115789296853676171E+00    0.496389529750801486E-01   -0.613948715464638473E+00    0.116926180836053106E+00   -0.105117113849849275E+01
    0.929620148384428628E-02    0.167383897088471869E+02    0.315480387751184255E+00   -0.297596450784330209E+02    0.365342221450031368E+00    0.242860106205050119E+01    0.137181587479205079E-01    0.147307901014500420E+01   -0.207850139946947099E+01    0.999961813867179750E+00    0.156824133651717168E+01   -0.198260764963085256E+00    0.914605499666313881E-01   -0.626849392545003825E+00   -0.190258714887278184E-01   -0.104460245456281342E+01
    0.911571834704837797E-02    0.167376010283881733E+02    0.320055805616012878E+00   -0.303846341116247878E+02    0.307513168435756712E+00    0.244589654163614068E+01    0.133816430545916198E-01    0.141697319429144852E+01   -0.198146749643611919E+01    0.999966853745068440E+00    0.235310855981178468E+01   -0.173452473588705247E+00    0.377190429148273193E-01   -0.623466625819489195E+00   -0.121433988744607202E+00   -0.105377510264371321E+01
    0.895446526273640207E-02    0.167332968172817900E+02    0.316543492487820155E+00   -0.306022976796640691E+02    0.430819042676998387E+00    0.245415537762209857E+01    0.135213884153580557E-01    0.145312717545796710E+01   -0.206187267284632103E+01    0.999963368581978651E+00    0.191956716139592443E+01   -0.142348455682690778E+00    0.392905149930441733E-01   -0.634200171985218386E+00   -0.143187509356430293E+00   -0.104564906482112940E+01
    0.877822442185895516E-02    0.167330531424216318E+02    0.320161576633036404E+00   -0.311227265597687008E+02    0.306633731300983869E+00    0.236200847857297491E+01    0.134858231036875959E-01    0.155563793254478999E+01   -0.195264412871981374E+01    0.999965975405067597E+00    0.101527925019824838E+01   -0.178076596606286802E+00    0.553789186401440411E-01   -0.619468484718514012E+00   -0.335577744701237440E-01   -0.105170494051838936E+01
    0.864542163061421572E-02    0.167235416779775328E+02    0.317938195877170149E+00   -0.304762540547459473E+02    0.443860559179271807E+00    0.243793897944527327E+01    0.135164893813330775E-01    0.148403822782470729E+01   -0.220003993616039706E+01    0.999965481173303194E+00    0.168590446987757026E+01   -0.189628182481655500E+00    0.409182077801261215E-01   -0.627392572333641874E+00   -0.122791767173484091E-01   -0.105111818511891109E+01
    0.847644135016363022E-02    0.167230200378562728E+02    0.316307890290961402E+00   -0.293212822013653813E+02    0.433283872909213885E+00    0.237436268629336000E+01    0.135951649539782990E-01    0.144583863506062849E+01   -0.185663577214984787E+01    0.999966543646396144E+00    0.218067106824373447E+01   -0.176636311097993048E+00    0.536697423160418657E-01   -0.626206572646644477E+00    0.223907922849183247E-01   -0.105007704963403481E+01
    0.831116027542140590E-02    0.167224030108628376E+02    0.319295211982700056E+00   -0.294109177944132156E+02    0.374233121805511382E+00    0.243995279850694313E+01    0.135388680040027885E-01    0.136102219608339170E+01   -0.198854475989928425E+01    0.999965249409019874E+00    0.181457371662582823E+01   -0.154015426289019708E+00    0.522658298524801765E-01   -0.614206920426693670E+00   -0.579509838831670648E-01   -0.104323555106952148E+01
    0.816137590604013204E-02    0.167187759157035565E+02    0.318434376708948030E+00   -0.296607074384580436E+02    0.343970350981669670E+00    0.236933871038673871E+01    0.135399698431411582E-01    0.132419457141278429E+01   -0.193583343979412903E+01    0.999965125550809186E+00    0.164704196254119450E+01   -0.148462845667421711E+00    0.272027225606212668E-01   -0.621093018587018597E+00    0.113114598843754022E+00   -0.104762523097722982E+01
    0.799989394910741169E-02    0.167187448866392323E+02    0.316336553246793328E+00   -0.297614093707328671E+02    0.324455767540007156E+00    0.246961098526078660E+01    0.137119617272266469E-01    0.141266113141549288E+01   -0.187288341045532469E+01    0.999965650590845079E+00    0.138660557152020036E+01   -0.143992948347896499E+00    0.477132914466783797E-02   -0.625205434111373526E+00   -0.646423549377239115E-01   -0.104286074351386371E+01
    0.784521520415410942E-02    0.167177938214534478E+02    0.317964373699006264E+00   -0.300001029688528789E+02    0.484627558645790657E+00    0.244142484472260213E+01    0.135250062325350841E-01    0.143607623459730593E+01   -0.202734739086285343E+01    0.999964212218149684E+00    0.136304154156224522E+01   -0.166671568040769102E+00    0.292549859173079109E-01   -0.629749772918867468E+00   -0.271394583453190952E+00   -0.106434229788294155E+01
    0.769221814443309809E-02    0.167171830826298340E+02    0.321387407066908160E+00   -0.302561459157731676E+02    0.434170360545670597E+00    0.242580350009962187E+01    0.134153721529718505E-01    0.143804263246359154E+01   -0.203562219947646961E+01    0.999961851168603255E+00    0.180270837823444707E+01   -0.182135368949746912E+00    0.683219437596453705E-01   -0.618808081376544972E+00    0.313814192431250000E-01   -0.105742395533547673E+01
    0.754233284931496786E-02    0.167165383958449922E+02    0.318474410793610052E+00   -0.296026666880575995E+02    0.437636460627227886E+00    0.246478248655064869E+01    0.135175358058089740E-01    0.149282617342649804E+01   -0.214584650937580879E+01    0.999963403069019097E+00    0.188634282012136678E+01   -0.117279988032824578E+00    0.769585751136302315E-01   -0.624407855445947568E+00    0.105863838023209644E-01   -0.105398328501956806E+01
    0.743151154439364216E-02    0.167061429050076704E+02    0.318806009000418777E+00   -0.309320399783908115E+02    0.364041462618299005E+00    0.251169857260438434E+01    0.134811744316021553E-01    0.144593561781716162E+01   -0.204286499198958715E+01    0.999963183108874887E+00    0.201357543306985809E+01   -0.171578793144977287E+00    0.651429306607868436E-01   -0.626446737721909619E+00    0.260053508265843669E-02   -0.105408067397931648E+01
    0.728529177921215850E-02    0.167058864753021545E+02    0.316506892497716519E+00   -0.302663974988940794E+02    0.359525761598130378E+00    0.241854745393362158E+01    0.135806124569167151E-01    0.141718962101118007E+01   -0.196747838360490812E+01    0.999966690558517834E+00    0.187087276943281400E+01   -0.158051469795621707E+00    0.642871086762633603E-01   -0.633197894905571323E+00    0.364784774311456561E-01   -0.105681744924325205E+01
    0.714526139556271884E-02    0.167047026668678349E+02    0.320982390316710164E+00   -0.300952306846649655E+02    0.515845402335211478E+00    0.240150044666491036E+01    0.134659873042841573E-01    0.157513006836438518E+01   -0.197171578153948945E+01    0.999966456566890094E+00    0.200958028293354340E+01   -0.167100637541709340E+00    0.454503946546573750E-01   -0.620630220657740317E+00   -0.176131839156886127E-01   -0.106019841658765945E+01
    0.700553937542258438E-02    0.167041991061850261E+02    0.320103971751545646E+00   -0.302480005994120802E+02    0.413437213774594692E+00    0.245431032276094374E+01    0.135033653623654899E-01    0.151455193807029231E+01   -0.192260648290220426E+01    0.999966467286167560E+00    0.177468946204604983E+01   -0.190645061603945953E+00    0.522845629119069039E-01   -0.616939930422355953E+00    0.300956071500779049E-01   -0.105299674250414599E+01
    0.691690702126256281E-02    0.166896640421662603E+02    0.318719094885077991E+00   -0.301024498753161360E+02    0.487313153927333709E+00    0.243915943529451251E+01    0.135934187056580610E-01    0.144243452859166710E+01   -0.195972308332507272E+01    0.999962357533455304E+00    0.226848336194773958E+01   -0.134298396097695588E+00    0.765253267301375939E-01   -0.619238194197168745E+00   -0.457634986849828757E-01   -0.103501422999601522E+01
    0.678206271285982341E-02    0.166890388758653998E+02    0.321326014691635464E+00   -0.304164650741216214E+02    0.382086391462635622E+00    0.247297236036986989E+01    0.134652778636860856E-01    0.145424105559738792E+01   -0.195974116478843841E+01    0.999963895094585054E+00    0.205883732079126691E+01   -0.146066919926611000E+00    0.539653015831338678E-01   -0.617171123839489355E+00   -0.959492503547046682E-01   -0.103697952513815106E+01
    0.665602437558159964E-02    0.166865567256821166E+02    0.318929172281110784E+00   -0.295337396797816929E+02    0.571530372626505079E+00    0.243670389586566527E+01    0.136377671613510613E-01    0.132905030489741982E+01   -0.189430229797883376E+01    0.999966338973195201E+00    0.164932312309488038E+01   -0.201876374541935910E+00    0.827614751921364883E-01   -0.620274966988337062E+00   -0.182061498695861301E+00   -0.105504570050946755E+01
    0.653321905344040905E-02    0.166838018859099613E+02    0.318978571616686302E+00   -0.308487132951074159E+02    0.365901171989824026E+00    0.250586116861424957E+01    0.135554887754790101E-01    0.150233384280174365E+01   -0.194662485528567908E+01    0.999969806086019486E+00    0.223363550386799448E+01   -0.152676565374490175E+00    0.429064120222749090E-01   -0.621136724594754219E+00   -0.115323979897488507E+00   -0.105630883649062701E+01
    0.641342603226118923E-02    0.166808142359804847E+02    0.317869064590033612E+00   -0.299968869725107616E+02    0.416831828703247809E+00    0.249410597640932918E+01    0.136049569999450344E-01    0.146947177200584322E+01   -0.193402661511266349E+01    0.999966532637704852E+00    0.148740445629188112E+01   -0.174976328582995083E+00    0.109839583417749118E+00   -0.628174160447031338E+00   -0.987164799097810103E-01   -0.104878090883207231E+01
    0.628743718577589282E-02    0.166804943670158288E+02    0.319248596239722349E+00   -0.292870216237600189E+02    0.467936349257957351E+00    0.240574867884312305E+01    0.135310673016205713E-01    0.142639444217096978E+01   -0.205825014973533138E+01    0.999963280621213757E+00    0.178940057727162105E+01   -0.198845173813608472E+00   -0.189611388829701022E-01   -0.631358261468925597E+00    0.239592854333060337E-01   -0.104776598081450767E+01
    0.616710668078067781E-02    0.166791418680785632E+02    0.323436572344193873E+00   -0.301888428528811161E+02    0.388684807231870988E+00    0.242009677177302773E+01    0.134535545842553814E-01    0.147973989295837449E+01   -0.191220331056285597E+01    0.999964975232420117E+00    0.177887580481039609E+01   -0.180596926694819637E+00    0.483849799131456509E-01   -0.618216158738161603E+00   -0.101030233889385507E+00   -0.104939385869229818E+01
    0.604542371774299554E-02    0.166789983060405653E+02    0.318409370256584778E+00   -0.304847325294416649E+02    0.454220907327711199E+00    0.239497430482120643E+01    0.135911521343430475E-01    0.147482637768622737E+01   -0.200125254468354274E+01    0.999963077465113037E+00    0.139045486765600712E+01   -0.198326824077003777E+00    0.468521310518392464E-02   -0.628122359376349970E+00   -0.134021976632565445E-01   -0.105687624398902669E+01
    0.592931951463437391E-02    0.166777825502755270E+02    0.320276896046108206E+00   -0.305051634670739382E+02    0.424302303750106080E+00    0.242958971702607629E+01    0.135200257320003767E-01    0.156932246429390365E+01   -0.192398143603605720E+01    0.999965958999794902E+00    0.225685830209216842E+01   -0.154114606922866215E+00    0.570799955775306220E-01   -0.617794508931296171E+00    0.767170907836422361E-01   -0.105714413362954129E+01
    0.612862670504725655E-02    0.166115267329252951E+02    0.317732733598022676E+00   -0.293366020610238323E+02    0.486236393483976181E+00    0.247756824047509605E+01    0.137046153522845885E-01    0.132700159092840808E+01   -0.202792091689054255E+01    0.999961891705992367E+00    0.165915610929344393E+01   -0.204733303408986850E+00    0.538612152183878048E-01   -0.633088257209532435E+00   -0.113134309009143619E+00   -0.105051395445292783E+01
    0.635667161718310534E-02    0.165384583060740731E+02    0.320469395065627660E+00   -0.306172917909676947E+02    0.440504075543415252E+00    0.241496241507965870E+01    0.137511734023363901E-01    0.146382945796184738E+01   -0.205218822933263612E+01    0.999961940465747046E+00    0.250941513256549165E+01   -0.126991471684117008E+00    0.365539879062079520E-02   -0.621713536967773650E+00   -0.127451180377411932E+00   -0.105694966060018425E+01
    0.641683251770357958E-02    0.165196188882514186E+02    0.318490022431328235E+00   -0.294915224917468777E+02    0.395183951212745466E+00    0.244547997471507284E+01    0.137950154274330238E-01    0.152404164920813368E+01   -0.205455649358351744E+01    0.999965138840430701E+00    0.225835058483125639E+01   -0.249113126011817843E+00    0.115945239891638574E-01   -0.636012004087048388E+00   -0.106113735772298934E+00   -0.106125198703720058E+01
    0.595072029736390395E-02    0.166704435843223209E+02    0.318514791515071671E+00   -0.301279035276429497E+02    0.446466166621378613E+00    0.238286911902274046E+01    0.136261092012648667E-01    0.153564368640136717E+01   -0.205962112515043660E+01    0.999963612242910527E+00    0.174575200698453292E+01   -0.145485158796581693E+00    0.344636643966835313E-01   -0.622944593675572866E+00   -0.450896956443604530E-01   -0.104549185261727962E+01
    0.602645235278721075E-02    0.166451511160798447E+02    0.318335303628023814E+00   -0.299596349166488025E+02    0.454212545927284717E+00    0.251325976500757697E+01    0.136026553799037560E-01    0.132888928407633511E+01   -0.202818191499248179E+01    0.999965706451029113E+00    0.196174624572958400E+01   -0.191647033754612811E+00    0.476688714780072118E-01   -0.630450038183098305E+00    0.599480259519437758E-01   -0.106094258849405354E+01
    0.597236007802566613E-02    0.166631837810697156E+02    0.316655895411153188E+00   -0.296694820985231047E+02    0.412830046558840258E+00    0.241517899278160764E+01    0.137133471592433831E-01    0.153618072848757348E+01   -0.205239184128039209E+01    0.999964174478566892E+00    0.205090245466660237E+01   -0.159950357960754269E+00    0.952185430999087368E-01   -0.626085480814520090E+00   -0.854672669281708042E-01   -0.105248029486427463E+01
    0.593882006722926733E-02    0.166744471820203302E+02    0.316247314189143813E+00   -0.304380483556021417E+02    0.355019409318428514E+00    0.244349810432679826E+01    0.136875002294799663E-01    0.142636007511976826E+01   -0.204248227701576512E+01    0.999965126889196365E+00    0.149577778342694678E+01   -0.176583004765880264E+00    0.518232161265150468E-01   -0.636207918970491559E+00   -0.121315318154832721E+00   -0.104868149436278602E+01
    0.621693512318492389E-02    0.165829140458574535E+02    0.319090900006083145E+00   -0.299535050900373960E+02    0.450723689635926461E+00    0.242921208334750460E+01    0.137200565430207616E-01    0.137477167674945866E+01   -0.209391319195171732E+01    0.999962069007870102E+00    0.201862262917593238E+01   -0.173876819019084944E+00    0.290799225602603635E-01   -0.625854263702686042E+00   -0.671151167792645442E-01   -0.104875094557623671E+01
    0.620825139578591676E-02    0.165857095705120159E+02    0.319264957644218250E+00   -0.298206992818427672E+02    0.401046600494755157E+00    0.241336828758429611E+01    0.136585644693308864E-01    0.149891599415303367E+01   -0.203889380594847802E+01    0.999962335577111228E+00    0.184726740470968376E+01   -0.130471293619670525E+00    0.402488899256534874E-01   -0.633598916327546613E+00    0.250090453620932518E-02   -0.104404521305685583E+01
    0.611021136178695884E-02    0.166175453948463989E+02    0.319670822545624234E+00   -0.304717653010904819E+02    0.449864031955421406E+00    0.245659116965302715E+01    0.136295561405071729E-01    0.144131880922737787E+01   -0.201867697109824729E+01    0.999965160443485823E+00    0.204035790531389738E+01   -0.106150077823613534E+00    0.715817478566563997E-02   -0.625240684186267326E+00    0.857672581265808698E-02   -0.104695211960544943E+01
    0.621226732594839636E-02    0.165844162492289335E+02    0.319436717747618948E+00   -0.307135514557484974E+02    0.456034269697967232E+00    0.243861207611342179E+01    0.137067479076705516E-01    0.137160408900529940E+01   -0.195039191013482527E+01    0.999964398485001960E+00    0.202304997029599676E+01   -0.162651800538955948E+00   -0.904662402450990416E-02   -0.625421574571871419E+00   -0.390819140254037994E-01   -0.104834509115953711E+01
    0.613523100590794655E-02    0.166093726630869938E+02    0.321185422221196670E+00   -0.302206429931359146E+02    0.493714474448162466E+00    0.247408779633976827E+01    0.135826362802881108E-01    0.144407424886957303E+01   -0.200243184500850591E+01    0.999963803761201087E+00    0.193886297420603704E+01   -0.172930619930833723E+00    0.567607153823373317E-01   -0.628127209471485815E+00   -0.150675110200704787E+00   -0.104950808410410579E+01
    0.635918817123448405E-02    0.165376666791998836E+02    0.319720090818924274E+00   -0.299488628949700342E+02    0.367878132663026713E+00    0.243498404134834878E+01    0.136938650902783208E-01    0.156496033486062891E+01   -0.201670702076223796E+01    0.999963768691387700E+00    0.177048969164621206E+01   -0.163363079362575492E+00    0.720963888643631340E-01   -0.640660318931019046E+00   -0.583405247746980951E-01   -0.104269001771964831E+01
    0.608330344768529940E-02    0.166263723682663098E+02    0.319662261746575638E+00   -0.296807488397006765E+02    0.530862434729835631E+00    0.240225245660025211E+01    0.137915403304230584E-01    0.146200329441961641E+01   -0.193532896596736426E+01    0.999965637459870549E+00    0.230289574139581621E+01   -0.125695678399180555E+00    0.250315440885119020E-01   -0.611226049961133722E+00   -0.181020160193996783E-01   -0.104738353166412579E+01
    0.634025670556957310E-02    0.165436296106105942E+02    0.318939142796020925E+00   -0.305631170593411596E+02    0.423517222778283131E+00    0.247724038337467434E+01    0.140555187751689181E-01    0.156742335732468341E+01   -0.204634875900597324E+01    0.999967293369612764E+00    0.212377833442830344E+01   -0.123923919704763963E+00    0.554491084269597145E-01   -0.613362775552284578E+00   -0.829663390685824176E-01   -0.104903436305146491E+01
    0.599428675832097257E-02    0.166558545082553771E+02    0.319508261331770016E+00   -0.305451239001143797E+02    0.445236877431842204E+00    0.245119957388445542E+01    0.136089943503698626E-01    0.147687521562825297E+01   -0.190684073579121671E+01    0.999966271897325787E+00    0.179113392988246090E+01   -0.111704455980161682E+00    0.305822393151691796E-01   -0.621453966514203482E+00    0.508127432213076186E-01   -0.104627483229092499E+01
    0.603828418156292061E-02    0.166412283341657385E+02    0.320230814764933758E+00   -0.295859084166603132E+02    0.332672298064104366E+00    0.236785239026240557E+01    0.135911562046724336E-01    0.133293431577539678E+01   -0.199890516107914396E+01    0.999963920949718310E+00    0.243234279063432535E+01   -0.151665892498178384E+00    0.569852059595644250E-02   -0.621581062539614537E+00   -0.156878789561217369E+00   -0.105105974822059034E+01
    0.609376772037181682E-02    0.166229349981079331E+02    0.317945559693375235E+00   -0.298042671097148961E+02    0.354959875945784042E+00    0.243627597576359367E+01    0.135870167405850121E-01    0.155634393543202765E+01   -0.195012648308976777E+01    0.999963642192578051E+00    0.242503464358852661E+01   -0.131380867183464201E+00    0.969888757109070299E-01   -0.643663758432738597E+00   -0.600843998160233844E-02   -0.105286817772096875E+01
    0.602408532229464170E-02    0.166459368172947890E+02    0.317032861444848657E+00   -0.302101644443144508E+02    0.336154834682221459E+00    0.247151303442028158E+01    0.138137167589639578E-01    0.144857844544139214E+01   -0.190772340197005130E+01    0.999963216098902374E+00    0.161076938550199578E+01   -0.141798342990759274E+00    0.192023746595282839E-01   -0.625365107054919545E+00   -0.461308891082526373E-02   -0.104609743354220042E+01
    0.656076243299955671E-02    0.164752544840542967E+02    0.317531972941308915E+00   -0.296881774177713886E+02    0.400653280532902056E+00    0.241766411983798291E+01    0.141101402387906368E-01    0.146620177680261388E+01   -0.192510604473115543E+01    0.999963497080706309E+00    0.182172342910362262E+01   -0.108684464212884163E+00    0.361898032832570424E-01   -0.625726969980609726E+00   -0.656623701259077125E-02   -0.104971412082704685E+01
    0.603530475534403560E-02    0.166422154230238846E+02    0.318246682364276834E+00   -0.297755318380958371E+02    0.461517871855901762E+00    0.243776781959038136E+01    0.136310888655738049E-01    0.148534543205990022E+01   -0.190965433602127610E+01    0.999963207068479742E+00    0.187918205970439045E+01   -0.148748599729678799E+00    0.513289998988512020E-01   -0.629599512387372773E+00   -0.266737246359653145E-01   -0.105428238192895241E+01
    0.615171867145708397E-02    0.166040051224432119E+02    0.320628497728355721E+00   -0.296332267154367273E+02    0.467161994761513100E+00    0.242343476566314164E+01    0.136169568503511623E-01    0.139766488621971341E+01   -0.195493037150296378E+01    0.999963159449400396E+00    0.186866163335985269E+01   -0.192317974079845216E+00    0.143523929225950128E-01   -0.631565840832922665E+00   -0.525863093779576768E-01   -0.104713636817896294E+01
    0.635878278866384289E-02    0.165377941783338436E+02    0.319681715135440581E+00   -0.313280592465584071E+02    0.482922826615841183E+00    0.229072414704699723E+01    0.137713435912645982E-01    0.153520089461107734E+01   -0.184066202108439647E+01    0.999965971341976401E+00    0.171112518241050937E+01   -0.182413384019866343E+00    0.122483633879459791E-01   -0.631100175387437679E+00   -0.384828071670326247E-01   -0.105055119031395905E+01
    0.648120935366235280E-02    0.164996538823387837E+02    0.323129874578308496E+00   -0.298110837873401877E+02    0.283910650528813868E+00    0.239927511031832230E+01    0.137554538578593972E-01    0.154037736831259053E+01   -0.198318464530069294E+01    0.999964030735591702E+00    0.180028133107879107E+01   -0.183965799384277678E+00    0.740949366143834054E-01   -0.636819766213031824E+00    0.364373966518781456E-01   -0.104302642023835612E+01
    0.609025715657568467E-02    0.166240875118063975E+02    0.321079927308046742E+00   -0.304352823239759935E+02    0.274227292450652027E+00    0.242938865111204416E+01    0.135413519926526581E-01    0.149463057931461440E+01   -0.197985827361068201E+01    0.999965690298084686E+00    0.169384933260552550E+01   -0.218151827799854037E+00    0.938882434724849502E-01   -0.626749017029373690E+00   -0.187216497237973400E+00   -0.105237297024782595E+01
    0.596606850876035821E-02    0.166652917870948052E+02    0.318591338179564088E+00   -0.296342224773922673E+02    0.477101924423411206E+00    0.240501287381430018E+01    0.136148072610666072E-01    0.147324559963472890E+01   -0.198108734797966179E+01    0.999961881599456204E+00    0.179315065856790667E+01   -0.173317858304083916E+00    0.707067851813284881E-01   -0.624374464964641329E+00    0.750982096156021101E-01   -0.105524655567349068E+01
    0.599422180611365162E-02    0.166558761797441939E+02    0.318489308474063648E+00   -0.305530810177574104E+02    0.385775525862841417E+00    0.240994964804141709E+01    0.136197066446920746E-01    0.143070118530849966E+01   -0.203276793579217285E+01    0.999963100595167464E+00    0.154910029386785841E+01   -0.230223439081895881E+00   -0.196550071494715345E-01   -0.628064631386935135E+00    0.256741015359579910E-01   -0.104806745797860912E+01
    0.605173625763242521E-02    0.166367776943381394E+02    0.321394185332218030E+00   -0.305615801618688678E+02    0.372327715334271614E+00    0.238506763547454970E+01    0.135857086798932512E-01    0.141594873088479112E+01   -0.197751212263151865E+01    0.999962767070272318E+00    0.220089815843004777E+01   -0.197804938829617472E+00    0.467767276857231420E-01   -0.612663773579008697E+00    0.575318705892995941E-01   -0.104866215334976842E+01
    0.642176653776143757E-02    0.165180816425505590E+02    0.316056575621389002E+00   -0.297566886654189702E+02    0.372651645686339350E+00    0.234255943116334731E+01    0.141258814414307200E-01    0.139328878787186894E+01   -0.199508005094537366E+01    0.999960135294424735E+00    0.143018670036880602E+01   -0.175866088274563015E+00    0.416201624484809768E-01   -0.632783602114970756E+00   -0.848411414667281372E-01   -0.104627322450093541E+01
    0.623306341514222751E-02    0.165777322618019092E+02    0.318228398760811326E+00   -0.309689054312166085E+02    0.399578005944498882E+00    0.242969184756441736E+01    0.137908282569079409E-01    0.135889495390832504E+01   -0.198848840964670415E+01    0.999962607509577328E+00    0.187950724576926476E+01   -0.211028407427363174E+00    0.370893207718218793E-01   -0.629923993087650458E+00    0.131402786169677377E+00   -0.105092528645543792E+01
    0.640912459290539620E-02    0.165220227402710798E+02    0.322787331524639565E+00   -0.312731522152312600E+02    0.329056315003721456E+00    0.246443653295371767E+01    0.136673269949696384E-01    0.155426237898378661E+01   -0.201618455203067537E+01    0.999964436837949777E+00    0.148077403522987483E+01   -0.190145444404189651E+00    0.153957126327051511E-01   -0.624689626413031163E+00    0.757847935763345665E-02   -0.105208949486284209E+01
    0.606289024272016995E-02    0.166330948772940843E+02    0.320029377478686483E+00   -0.306130143594597577E+02    0.465820441437061417E+00    0.239204815751533095E+01    0.135491202148751277E-01    0.144642497725163310E+01   -0.198269070972275641E+01    0.999962437188628095E+00    0.186266642030187768E+01   -0.196478820811403110E+00    0.690791053550383616E-01   -0.629137502035442497E+00   -0.823597753308143721E-01   -0.105325020406958392E+01
    0.618493965379285880E-02    0.165932336276797834E+02    0.316974208714680517E+00   -0.301759238523287685E+02    0.409196804462845065E+00    0.238712838792186188E+01    0.138536767315665908E-01    0.141687723497343288E+01   -0.191863210131005379E+01    0.999963415768551966E+00    0.156812205944259087E+01   -0.214814595422267690E+00    0.761507659843373430E-01   -0.631137984667296315E+00    0.982431170219470462E-01   -0.104648164371706720E+01
    0.600338303223518516E-02    0.166528218274712216E+02    0.319503619774113179E+00   -0.304299541354753593E+02    0.375722974942179933E+00    0.238181733645210647E+01    0.135436521853729147E-01    0.141352229880949154E+01   -0.201579078156866753E+01    0.999964227951777085E+00    0.229934440007462992E+01   -0.201399280645499501E+00    0.424475322613842299E-01   -0.625507624163480158E+00   -0.127575426279870480E-01   -0.105219952597471944E+01
    0.601241203412079036E-02    0.166498161158940405E+02    0.314626929349015372E+00   -0.294692269754658547E+02    0.372141754030468896E+00    0.238350062364378168E+01    0.138490643943430733E-01    0.143976591177834701E+01   -0.203366391804433500E+01    0.999962962945594835E+00    0.208681226806152864E+01   -0.188087317087590272E+00    0.657555031832938730E-01   -0.632180849253216270E+00    0.125624853474859965E-01   -0.104861097103586709E+01
    0.601131745082882866E-02    0.166501802569191177E+02    0.318051941564823804E+00   -0.305849216661146173E+02    0.319913721407776297E+00    0.230703591352843729E+01    0.138768505106798834E-01    0.137269105480669662E+01   -0.198504716763344358E+01    0.999963526556912563E+00    0.192821184653116906E+01   -0.128771610971558481E+00    0.239973982894504355E-01   -0.614945005372497855E+00   -0.259990057382549489E-01   -0.105609030090280620E+01
    0.642772206244420548E-02    0.165162277088121812E+02    0.322804436778983905E+00   -0.305017963347122532E+02    0.406100733910492062E+00    0.237685200021441556E+01    0.137102015942706882E-01    0.147419487459975818E+01   -0.202418080583253923E+01    0.999967398685604136E+00    0.226512886855073914E+01   -0.158706931218825675E+00    0.810953168759758619E-01   -0.623468443237196412E+00    0.404437354297783463E-01   -0.105276525533802823E+01
    0.611199233493589077E-02    0.166169625300191619E+02    0.319978769788264727E+00   -0.312788606768458592E+02    0.413268408898297468E+00    0.238869712064142092E+01    0.136262172024698008E-01    0.145080174484849178E+01   -0.193241922529310006E+01    0.999967169959113722E+00    0.145517724053353614E+01   -0.133051701427211261E+00    0.861398190675314729E-01   -0.627465796820807387E+00    0.414647533875388136E-01   -0.104417629751475927E+01
    0.601469924057557691E-02    0.166490554323250173E+02    0.319368338902744353E+00   -0.309712119138942334E+02    0.306281981406830328E+00    0.243251836133376687E+01    0.136116197317172078E-01    0.144948940622932665E+01   -0.198611921895368404E+01    0.999965265451497665E+00    0.231071252580469633E+01   -0.150250438904246164E+00    0.562512607409975801E-01   -0.619979031707858841E+00    0.701560921830542417E-01   -0.105577809808212209E+01
    0.620682731127593455E-02    0.165861683946724838E+02    0.319351320345076961E+00   -0.301370209895164756E+02    0.474623336253556738E+00    0.234669158356648033E+01    0.136994812174120011E-01    0.150160489979223333E+01   -0.193105559422678530E+01    0.999966863572949838E+00    0.217762491644778056E+01   -0.151471689802426090E+00    0.415989754897174435E-01   -0.625950757937315139E+00    0.781833813744726297E-02   -0.105288051929981830E+01
    0.662088994481082552E-02    0.164570085382153728E+02    0.321167888790775458E+00   -0.303277996376877823E+02    0.413503592861404201E+00    0.231862124000211045E+01    0.138691326255056223E-01    0.145697290397615209E+01   -0.202449541402411626E+01    0.999965079437903692E+00    0.273054779761128863E+01   -0.170304408026536680E+00    0.101675978668175473E+00   -0.622520687692510011E+00   -0.232114676932754088E-01   -0.105367298313076319E+01
    0.598203284466863536E-02    0.166599472239926776E+02    0.318930952352246999E+00   -0.311742050835626934E+02    0.385862252809108852E+00    0.239706844540527575E+01    0.136230821301193145E-01    0.143220514502922613E+01   -0.197305977123769472E+01    0.999965396471572787E+00    0.215220191805689298E+01   -0.147196826315396850E+00    0.538959918589277318E-01   -0.622132114356874655E+00   -0.368404909900029304E-01   -0.105751918190693139E+01
    0.652708904685460767E-02    0.164855460007327643E+02    0.320053275205071763E+00   -0.301284738197829398E+02    0.442050913851761984E+00    0.233796787702775344E+01    0.138699440523860542E-01    0.148688834045360241E+01   -0.191119734492353044E+01    0.999965175162132569E+00    0.184390761768187073E+01   -0.141503022710773585E+00    0.440438759606803162E-01   -0.626179490535401118E+00   -0.536609189665701314E-01   -0.104629018997757384E+01
    0.600662095628173333E-02    0.166517434184621642E+02    0.317516848388574469E+00   -0.304678342857604569E+02    0.369636171403086466E+00    0.242070842769825756E+01    0.135400777396569080E-01    0.147306223622431021E+01   -0.195371018563047172E+01    0.999959717921124924E+00    0.224316067996773860E+01   -0.905216971298729578E-01    0.180664642081617595E-01   -0.641397906637052873E+00    0.109958458210194093E-01   -0.105924222421099157E+01
    0.602050433344270865E-02    0.166471260612822718E+02    0.318744206541982655E+00   -0.305629132990807726E+02    0.356185239889841243E+00    0.239780633773250917E+01    0.136619453267640776E-01    0.147272773591337525E+01   -0.188507568217314536E+01    0.999966258631230898E+00    0.195118488629548059E+01   -0.202480508366773504E+00    0.562291187136381293E-01   -0.621723128772384115E+00    0.118509292207040207E+00   -0.104827656502459443E+01
    0.643829868587158724E-02    0.165129394735398201E+02    0.319729093696153210E+00   -0.304241512172068163E+02    0.276824600359249717E+00    0.237067264192063520E+01    0.138300736569777708E-01    0.130084928721808413E+01   -0.201011087787847220E+01    0.999964915658607789E+00    0.204738999362355623E+01   -0.150971353359875021E+00    0.672404248887301659E-01   -0.624750191483225081E+00    0.157538409690320513E+00   -0.104612025938319708E+01
    0.684247708913820855E-02    0.163911684983250368E+02    0.318002764382171232E+00   -0.302700852665177571E+02    0.398189746304714098E+00    0.236233237024919740E+01    0.140824264633566763E-01    0.141664783609439415E+01   -0.204421643026872513E+01    0.999962144844735223E+00    0.255462749379835152E+01   -0.126249233422811191E+00    0.377175338739626220E-01   -0.634667930137500891E+00    0.613398093272211897E-01   -0.105272989415263574E+01
    0.620402530643755518E-02    0.165870714768288181E+02    0.318450637600579289E+00   -0.297347971932355826E+02    0.450134359373612014E+00    0.239044383134574456E+01    0.136712829033169333E-01    0.144168891382129338E+01   -0.197102787663262280E+01    0.999962219593581225E+00    0.287094893383987948E+01   -0.193610577392847177E+00    0.578545991891510764E-01   -0.636395516803692884E+00    0.220426270034210989E-01   -0.105209195574204495E+01
    0.613359543596394500E-02    0.166099059072278052E+02    0.318782427366729681E+00   -0.301297027808004358E+02    0.435328824168693784E+00    0.228160934050578756E+01    0.136634952239017542E-01    0.139605469701668627E+01   -0.198361377793432259E+01    0.999964751920195294E+00    0.244418118574233079E+01   -0.209580573938693754E+00    0.410870366856856545E-01   -0.625447459124871319E+00   -0.316881748823928597E-01   -0.104684241368552078E+01
    0.640772428093356813E-02    0.165224597625036687E+02    0.321685218673476936E+00   -0.313231479252785583E+02    0.520190372701480941E+00    0.241059072277182951E+01    0.136588458067922278E-01    0.151570056682438947E+01   -0.199898612248660590E+01    0.999965646645948669E+00    0.233521928034939918E+01   -0.181398864286033051E+00    0.679101380086369610E-01   -0.634006388141810984E+00    0.107086600365395579E-01   -0.105652393032913450E+01
