    0.155521685609652960E+00   -0.350366850768619003E+02    0.933268210944166121E+00    0.103260927836987637E+01    0.654728298102934779E-02    0.196453987089589788E+01   -0.154886105350214298E+01   -0.535955639102663889E-01   -0.628176372406165040E+01   -0.264732635952167616E+00   -0.149378160487772277E+00   -0.192872526351927503E+00   -0.405396297406771453E-01   -0.108613820207976164E+01   -0.197678961261170478E+02
    0.155521685609652960E+00   -0.350366850768619003E+02    0.933268210944166121E+00    0.103260927836987637E+01    0.654728298102934779E-02    0.196453987089589788E+01   -0.154886105350214298E+01   -0.535955639102663889E-01   -0.628176372406165040E+01   -0.264732635952167616E+00   -0.149378160487772277E+00   -0.192872526351927503E+00   -0.405396297406771453E-01   -0.108613820207976164E+01   -0.197678961261170478E+02
    0.155939898914258912E+00   -0.348421856873868663E+02    0.929441797052986574E+00    0.102446566060843747E+01    0.609040124606732586E-02    0.196425063824052648E+01   -0.170698831958379804E+01   -0.522864502266564210E-01   -0.615876882392903635E+01   -0.264202795610530505E+00   -0.123506198619691962E+00   -0.255498887256260410E+00   -0.415121584175067102E-01   -0.106218560975705589E+01   -0.197639829244390448E+02
    0.155942218678460504E+00   -0.350686150882684942E+02    0.927013248291475134E+00    0.102596269780492455E+01    0.670381913872612496E-02    0.196402965516963168E+01   -0.138758352607846369E+01   -0.524650201893304274E-01   -0.629897309750521028E+01   -0.264254743045028273E+00   -0.135808900025366247E+00   -0.249881470866259531E+00   -0.418519748810108963E-01   -0.107770657936478464E+01   -0.197492848728120336E+02
    0.155942218678460504E+00   -0.350686150882684942E+02    0.927013248291475134E+00    0.102596269780492455E+01    0.670381913872612496E-02    0.196402965516963168E+01   -0.138758352607846369E+01   -0.524650201893304274E-01   -0.629897309750521028E+01   -0.264254743045028273E+00   -0.135808900025366247E+00   -0.249881470866259531E+00   -0.418519748810108963E-01   -0.107770657936478464E+01   -0.197492848728120336E+02
    0.155849590846420832E+00   -0.349595064108682294E+02    0.931389016371657830E+00    0.102180386131370349E+01    0.629751938920141471E-02    0.196576694379499162E+01   -0.161298426725540089E+01   -0.540375750656225604E-01   -0.621949564182150905E+01   -0.265304309050098719E+00   -0.123704081728837234E+00   -0.249742715356046779E+00   -0.429310007295448728E-01   -0.108329575374086273E+01   -0.197333353409876686E+02
    0.157605335660785079E+00   -0.350969550988446457E+02    0.934818106300525087E+00    0.103144269690360990E+01    0.594262087800107985E-02    0.196843792644116666E+01   -0.167949864847043284E+01   -0.484708746826401013E-01   -0.622331999667674474E+01   -0.265460256910243053E+00   -0.150492015671410406E+00   -0.228054261061819363E+00   -0.402375621838659547E-01   -0.104396901510505358E+01   -0.197320949981771534E+02
    0.157605335660785079E+00   -0.350969550988446457E+02    0.934818106300525087E+00    0.103144269690360990E+01    0.594262087800107985E-02    0.196843792644116666E+01   -0.167949864847043284E+01   -0.484708746826401013E-01   -0.622331999667674474E+01   -0.265460256910243053E+00   -0.150492015671410406E+00   -0.228054261061819363E+00   -0.402375621838659547E-01   -0.104396901510505358E+01   -0.197320949981771534E+02
    0.156173980691179826E+00   -0.349222174383483903E+02    0.926920852395729300E+00    0.103943975357573937E+01    0.624163630743166092E-02    0.196488952028221875E+01   -0.167831961465770485E+01   -0.524605139927675074E-01   -0.629583271587994453E+01   -0.264448801544069800E+00   -0.130514763560106856E+00   -0.206408223833151688E+00   -0.432257742240502868E-01   -0.107064820700080521E+01   -0.197185841861228361E+02
    0.156173980691179826E+00   -0.349222174383483903E+02    0.926920852395729300E+00    0.103943975357573937E+01    0.624163630743166092E-02    0.196488952028221875E+01   -0.167831961465770485E+01   -0.524605139927675074E-01   -0.629583271587994453E+01   -0.264448801544069800E+00   -0.130514763560106856E+00   -0.206408223833151688E+00   -0.432257742240502868E-01   -0.107064820700080521E+01   -0.197185841861228361E+02
    0.155328339173251839E+00   -0.350380820876912651E+02    0.951597879984653061E+00    0.102630590930705035E+01    0.596264261836759561E-02    0.196392288513224988E+01   -0.155148347866069702E+01   -0.507396134926821896E-01   -0.628922526147500260E+01   -0.261875672360028955E+00   -0.150686516616780258E+00   -0.246964437461122399E+00   -0.418756748189097056E-01   -0.105376823017262411E+01   -0.197152993361903732E+02
    0.160089850206764112E+00   -0.349318861682291981E+02    0.935251948530664068E+00    0.102185282247702580E+01    0.564207055359488424E-02    0.196595159011779952E+01   -0.160243953812179551E+01   -0.510126286505256862E-01   -0.621038395449071690E+01   -0.264978122456101695E+00   -0.123597988737366729E+00   -0.247501755998571493E+00   -0.423733012254229671E-01   -0.106091413781490496E+01   -0.197151706226586541E+02
    0.160089850206764112E+00   -0.349318861682291981E+02    0.935251948530664068E+00    0.102185282247702580E+01    0.564207055359488424E-02    0.196595159011779952E+01   -0.160243953812179551E+01   -0.510126286505256862E-01   -0.621038395449071690E+01   -0.264978122456101695E+00   -0.123597988737366729E+00   -0.247501755998571493E+00   -0.423733012254229671E-01   -0.106091413781490496E+01   -0.197151706226586541E+02
    0.156223552477551403E+00   -0.350670362112472276E+02    0.928602887167876756E+00    0.103093403946719131E+01    0.568975622347668922E-02    0.196557507724290703E+01   -0.157401570286132064E+01   -0.473683894768787139E-01   -0.629915482314536934E+01   -0.262853145109580910E+00   -0.101351145576990667E+00   -0.179621497477331526E+00   -0.399837174286146527E-01   -0.110681167914956413E+01   -0.197147103568544821E+02
    0.156223552477551403E+00   -0.350670362112472276E+02    0.928602887167876756E+00    0.103093403946719131E+01    0.568975622347668922E-02    0.196557507724290703E+01   -0.157401570286132064E+01   -0.473683894768787139E-01   -0.629915482314536934E+01   -0.262853145109580910E+00   -0.101351145576990667E+00   -0.179621497477331526E+00   -0.399837174286146527E-01   -0.110681167914956413E+01   -0.197147103568544821E+02
    0.155686267127581823E+00   -0.350527336942013008E+02    0.925273637295717655E+00    0.102523532482797419E+01    0.599057105213219709E-02    0.196667658120524957E+01   -0.165211721911806664E+01   -0.521051360648979653E-01   -0.636120195318741111E+01   -0.260263624392789106E+00   -0.149438679661964446E+00   -0.207627639073715009E+00   -0.420588492813485856E-01   -0.111690157050385763E+01   -0.197115709628690432E+02
    0.155686267127581823E+00   -0.350527336942013008E+02    0.925273637295717655E+00    0.102523532482797419E+01    0.599057105213219709E-02    0.196667658120524957E+01   -0.165211721911806664E+01   -0.521051360648979653E-01   -0.636120195318741111E+01   -0.260263624392789106E+00   -0.149438679661964446E+00   -0.207627639073715009E+00   -0.420588492813485856E-01   -0.111690157050385763E+01   -0.197115709628690432E+02
    0.158646662788145570E+00   -0.350619856818374700E+02    0.932134595887641693E+00    0.102817251123468822E+01    0.609399291724624023E-02    0.196289471325747167E+01   -0.166027137277996095E+01   -0.549116525818309290E-01   -0.608115208163931875E+01   -0.263840582159010628E+00   -0.126233638543526427E+00   -0.219973264437154981E+00   -0.412634029356206966E-01   -0.109325231177268578E+01   -0.197076768018304662E+02
    0.157710969285793451E+00   -0.348307103057821763E+02    0.932172614686754386E+00    0.103161695422046540E+01    0.659082950535929291E-02    0.196585382688222499E+01   -0.146565277777021374E+01   -0.502020438488889401E-01   -0.632023981438523386E+01   -0.268931339325850283E+00   -0.128648954171027979E+00   -0.262360178162747315E+00   -0.401107267930898570E-01   -0.106540699196650523E+01   -0.197048596717262754E+02
    0.157308127494711708E+00   -0.352320702828263066E+02    0.931596762410563217E+00    0.107961356313750634E+01    0.621730440232180510E-02    0.196414717050562015E+01   -0.161117971213479660E+01   -0.499031415598438777E-01   -0.630822271858186490E+01   -0.266949615637772031E+00   -0.956457081830421330E-01   -0.201883297609810830E+00   -0.427966825611616475E-01   -0.106930836041067456E+01   -0.197040662689215651E+02
    0.157308127494711708E+00   -0.352320702828263066E+02    0.931596762410563217E+00    0.107961356313750634E+01    0.621730440232180510E-02    0.196414717050562015E+01   -0.161117971213479660E+01   -0.499031415598438777E-01   -0.630822271858186490E+01   -0.266949615637772031E+00   -0.956457081830421330E-01   -0.201883297609810830E+00   -0.427966825611616475E-01   -0.106930836041067456E+01   -0.197040662689215651E+02
    0.157498121280301939E+00   -0.350377358044816987E+02    0.933929244725302810E+00    0.999771791317766501E+00    0.630981623119423671E-02    0.196395469255133404E+01   -0.152056821048410429E+01   -0.512174398494739253E-01   -0.628677497122642492E+01   -0.263511182699702140E+00   -0.126379699651438221E+00   -0.205454109215941289E+00   -0.421087597612737757E-01   -0.107074976898130947E+01   -0.197005871460860753E+02
    0.157498121280301939E+00   -0.350377358044816987E+02    0.933929244725302810E+00    0.999771791317766501E+00    0.630981623119423671E-02    0.196395469255133404E+01   -0.152056821048410429E+01   -0.512174398494739253E-01   -0.628677497122642492E+01   -0.263511182699702140E+00   -0.126379699651438221E+00   -0.205454109215941289E+00   -0.421087597612737757E-01   -0.107074976898130947E+01   -0.197005871460860753E+02
    0.157156966392969361E+00   -0.350572729314781881E+02    0.929431912886531486E+00    0.100360763426029731E+01    0.631802604959648840E-02    0.196460770624718162E+01   -0.153118778397260913E+01   -0.497860706024280536E-01   -0.635183177005674349E+01   -0.265580030118080568E+00   -0.125735814933202544E+00   -0.212262317853474436E+00   -0.426072645748266435E-01   -0.105451671899326049E+01   -0.196936779346313457E+02
    0.157150323150665544E+00   -0.349938723903364277E+02    0.944570770572492169E+00    0.102162506478358672E+01    0.609303093041591980E-02    0.196751518482350352E+01   -0.144291925807879307E+01   -0.538785866364079324E-01   -0.634962668587448587E+01   -0.262253878899576853E+00   -0.141414486280908663E+00   -0.217414236086863499E+00   -0.425304550992363778E-01   -0.105705054854026015E+01   -0.196918362523311821E+02
    0.157391522926015270E+00   -0.349136004065175740E+02    0.938544306705990983E+00    0.104671489447081489E+01    0.621348720843073032E-02    0.196645333035860048E+01   -0.161259828649613945E+01   -0.495835362298848378E-01   -0.629350648262670198E+01   -0.261955545391127975E+00   -0.994708764522275884E-01   -0.216189282769963603E+00   -0.420776896300426931E-01   -0.109308882629033177E+01   -0.196900820875340159E+02
    0.155764342978328668E+00   -0.350581276770295389E+02    0.942615928359046173E+00    0.104001036835972549E+01    0.627739478702579821E-02    0.196342079172417594E+01   -0.157607457804870865E+01   -0.511130509569645078E-01   -0.629985783465812510E+01   -0.263548447861514767E+00   -0.143573484562271703E+00   -0.220305226214684846E+00   -0.404994298282925214E-01   -0.100977677824516854E+01   -0.196862971890950504E+02
    0.155865346208459848E+00   -0.350252926651758045E+02    0.936500321877353992E+00    0.103979749811217737E+01    0.604057753422736991E-02    0.196437515048536548E+01   -0.171973606343954688E+01   -0.528653989660856846E-01   -0.626359946850185345E+01   -0.266857390685381557E+00   -0.117612422960349641E+00   -0.193093173961089076E+00   -0.431593679715944201E-01   -0.108513051403301608E+01   -0.196859911749258707E+02
    0.155865346208459848E+00   -0.350252926651758045E+02    0.936500321877353992E+00    0.103979749811217737E+01    0.604057753422736991E-02    0.196437515048536548E+01   -0.171973606343954688E+01   -0.528653989660856846E-01   -0.626359946850185345E+01   -0.266857390685381557E+00   -0.117612422960349641E+00   -0.193093173961089076E+00   -0.431593679715944201E-01   -0.108513051403301608E+01   -0.196859911749258707E+02
    0.156529560580753790E+00   -0.350596640150903127E+02    0.939658678110721124E+00    0.104454280106454322E+01    0.617027764759869261E-02    0.196727739847453220E+01   -0.180815212864280150E+01   -0.508301627742904563E-01   -0.630224350450872794E+01   -0.263444255388213311E+00   -0.901331361485304405E-01   -0.256544825280217437E+00   -0.432227637241329524E-01   -0.107316567395199414E+01   -0.196858115531691560E+02
    0.157259509444294093E+00   -0.350588206501244031E+02    0.932696275226598037E+00    0.103944283103345292E+01    0.637747089587835641E-02    0.196547595069726566E+01   -0.159254542264826693E+01   -0.534409191813617901E-01   -0.632484141950480261E+01   -0.261684524108367511E+00   -0.128064178989358790E+00   -0.189242938718767545E+00   -0.412427997272276636E-01   -0.104199789731098313E+01   -0.196847179796896583E+02
    0.157388477767323676E+00   -0.349945211111764110E+02    0.934658770873076583E+00    0.101970652338406720E+01    0.701525501522006194E-02    0.196356509304178917E+01   -0.178401206833595283E+01   -0.469498106117297795E-01   -0.620250395333748550E+01   -0.265113695371700597E+00   -0.108228974209838930E+00   -0.195836777165530662E+00   -0.408560636774381800E-01   -0.109403929782196441E+01   -0.196837187379251688E+02
    0.156661494107825955E+00   -0.350717321912507813E+02    0.939841505429946267E+00    0.102719500439241340E+01    0.627726787523482429E-02    0.196515946633985061E+01   -0.165382573074332218E+01   -0.519990702930953272E-01   -0.623917402022899648E+01   -0.261880559269249968E+00   -0.122936173303680216E+00   -0.177628609065867055E+00   -0.413961652719822271E-01   -0.108060490648841823E+01   -0.196836922374746521E+02
    0.157404373160573541E+00   -0.349334945601703097E+02    0.933091867200209313E+00    0.103300644439362022E+01    0.586004516190530896E-02    0.196358281606028395E+01   -0.149811247581561635E+01   -0.543468209108200345E-01   -0.634211763491608682E+01   -0.262050695867289685E+00   -0.130023863912823862E+00   -0.183847587365964654E+00   -0.409413898519337405E-01   -0.104430837670029475E+01   -0.196832670554187530E+02
    0.158384042410073173E+00   -0.348151745437088493E+02    0.935737706846454187E+00    0.101918201267577357E+01    0.632548808573308533E-02    0.196486376368632820E+01   -0.157640890956132451E+01   -0.494631027511945875E-01   -0.622868847297929573E+01   -0.263612989654373076E+00   -0.130018274700036324E+00   -0.203427847021400654E+00   -0.396654224060872598E-01   -0.103980181358600166E+01   -0.196829091416140081E+02
    0.156418930795037908E+00   -0.350724792780418682E+02    0.945719699798733049E+00    0.101733266537746370E+01    0.622006148940659059E-02    0.196737457218358047E+01   -0.164938564034854429E+01   -0.533660698765753561E-01   -0.618612074813828183E+01   -0.259803924793197805E+00   -0.132204191128015153E+00   -0.228481038639415546E+00   -0.403682836231588765E-01   -0.111757480798666209E+01   -0.196827509612683968E+02
    0.157454606485868842E+00   -0.350624406215024393E+02    0.937431921560801018E+00    0.101813406711868448E+01    0.610229025430187449E-02    0.196394273729835578E+01   -0.161074426844228569E+01   -0.508260224817843956E-01   -0.624847057415116325E+01   -0.264278650507107582E+00   -0.137836258963716124E+00   -0.188884817547593481E+00   -0.422833187183545706E-01   -0.104675241448252154E+01   -0.196798009566255416E+02
    0.157454606485868842E+00   -0.350624406215024393E+02    0.937431921560801018E+00    0.101813406711868448E+01    0.610229025430187449E-02    0.196394273729835578E+01   -0.161074426844228569E+01   -0.508260224817843956E-01   -0.624847057415116325E+01   -0.264278650507107582E+00   -0.137836258963716124E+00   -0.188884817547593481E+00   -0.422833187183545706E-01   -0.104675241448252154E+01   -0.196798009566255416E+02
    0.157831325499114883E+00   -0.348922956263644863E+02    0.936466949640177182E+00    0.103931617028019363E+01    0.609627259786013447E-02    0.196352421512963748E+01   -0.147713837221080091E+01   -0.537826187716249904E-01   -0.621560079790784492E+01   -0.266529603178385033E+00   -0.145132196476055908E+00   -0.213640588940940207E+00   -0.406511002643305391E-01   -0.108069565495958342E+01   -0.196794993682099424E+02
    0.157624661583642495E+00   -0.350803710614546489E+02    0.934442662373504151E+00    0.102131885292775770E+01    0.572765141802960773E-02    0.196614539684075940E+01   -0.160721943686971347E+01   -0.495036816628979387E-01   -0.619435215085350244E+01   -0.263429590903043798E+00   -0.103241369938722002E+00   -0.255048161117421179E+00   -0.440162198386349554E-01   -0.108279981714207008E+01   -0.196792751919316196E+02
    0.156766486959680457E+00   -0.349974771898811312E+02    0.936793969102550084E+00    0.106443263430403445E+01    0.622089422129246637E-02    0.196640401621572281E+01   -0.167149703943808303E+01   -0.497900790727425283E-01   -0.624367288375850293E+01   -0.267592246172556947E+00   -0.130631098441152754E+00   -0.216864855587863697E+00   -0.404382288224781131E-01   -0.108757806596482376E+01   -0.196792714689967241E+02
    0.158223500886732482E+00   -0.349798177809543773E+02    0.927480222140479427E+00    0.103374803158367334E+01    0.630432399793209343E-02    0.196433265650174871E+01   -0.143026832996828346E+01   -0.538530491623918084E-01   -0.626151336373251599E+01   -0.265451615232131677E+00   -0.122721225144284130E+00   -0.206751270953106636E+00   -0.388211144852338222E-01   -0.108604631105229221E+01   -0.196788533254610911E+02
    0.157184003232237191E+00   -0.350226003609769023E+02    0.933768122079711715E+00    0.103859909283889129E+01    0.648026236267764105E-02    0.196449417134950211E+01   -0.175376067999628793E+01   -0.522218218713810939E-01   -0.622283381650182665E+01   -0.265594805843514359E+00   -0.133345922431897246E+00   -0.212866313755387837E+00   -0.421977289267460587E-01   -0.108400621803750985E+01   -0.196758803117808228E+02
    0.156562012110292720E+00   -0.350209205934749477E+02    0.933672668286264607E+00    0.101018247435908548E+01    0.594941670496122819E-02    0.196618324147643198E+01   -0.181027250703218945E+01   -0.512147659358234905E-01   -0.630745585421722677E+01   -0.263273027145800032E+00   -0.150410054118908371E+00   -0.204991489780896124E+00   -0.414576473429062037E-01   -0.106386910709731186E+01   -0.196753813286162469E+02
    0.158252229353109342E+00   -0.349606851931962552E+02    0.930869093616451870E+00    0.102375211232620411E+01    0.644809602148760375E-02    0.196564837979636464E+01   -0.173364333267991122E+01   -0.516677137898832531E-01   -0.622134445050488605E+01   -0.262293632800252530E+00   -0.150848144870861761E+00   -0.217835562227810586E+00   -0.422879842529400238E-01   -0.109457973646442652E+01   -0.196746081745661172E+02
    0.157673252332575897E+00   -0.350079902135544287E+02    0.936856030414053409E+00    0.101682918983125847E+01    0.641899777312396336E-02    0.196545450049842030E+01   -0.167029429601574497E+01   -0.518304718110810664E-01   -0.619059373465499707E+01   -0.267999611065702137E+00   -0.125791064946449233E+00   -0.199282907074993576E+00   -0.428140770747654498E-01   -0.107106442185002315E+01   -0.196745406591180370E+02
    0.156373894657423268E+00   -0.350181640260784945E+02    0.933314709237748619E+00    0.103248693826324667E+01    0.643540357060923534E-02    0.196461168873803493E+01   -0.166867503206700429E+01   -0.513499094531882708E-01   -0.617838466462689517E+01   -0.265341059337604157E+00   -0.124810057689623721E+00   -0.208927494384539364E+00   -0.407079240592684646E-01   -0.110224100545815262E+01   -0.196745381804518438E+02
    0.157011519809127115E+00   -0.350849717611536178E+02    0.942095739388725928E+00    0.101617862977402096E+01    0.629150647660617519E-02    0.196541020356317175E+01   -0.170148247469505098E+01   -0.517585468205274957E-01   -0.637471910334370317E+01   -0.269690090485072087E+00   -0.129136095914309051E+00   -0.251868361042092814E+00   -0.407362935890111522E-01   -0.107607533582865433E+01   -0.196739988107511827E+02
    0.156546413970571424E+00   -0.349800321314733509E+02    0.936039369725230275E+00    0.103381084991495387E+01    0.642955359136255546E-02    0.196489751680806313E+01   -0.175692685943179061E+01   -0.529966848561689366E-01   -0.623349574306736276E+01   -0.260944371742310555E+00   -0.130097709777801329E+00   -0.234125869293721423E+00   -0.415886694021170150E-01   -0.109830304033472226E+01   -0.196734326165073412E+02
    0.157555193240101615E+00   -0.351190725344463672E+02    0.933404731914592167E+00    0.102104386072750519E+01    0.644214873341905202E-02    0.196610698515493176E+01   -0.175500055520586340E+01   -0.514987099583590763E-01   -0.627566118859489386E+01   -0.263816169581571003E+00   -0.114716682391643982E+00   -0.255719444909380922E+00   -0.415943390008261457E-01   -0.107401859634256280E+01   -0.196733814625425723E+02
    0.159270184905092677E+00   -0.350946935291333730E+02    0.931262954960484279E+00    0.102517760056328155E+01    0.628928109335803297E-02    0.196630579355472412E+01   -0.169489041346110270E+01   -0.529273845969581158E-01   -0.628178492100913477E+01   -0.264675842638500913E+00   -0.127945889686167991E+00   -0.231943491102773264E+00   -0.405986444659371531E-01   -0.107259363364548022E+01   -0.196729598265005414E+02
    0.157742142150497144E+00   -0.351328638716606036E+02    0.937966168512224030E+00    0.104747804877088790E+01    0.642246613615817061E-02    0.196529986958156933E+01   -0.167044318864886443E+01   -0.521660268391511764E-01   -0.626807084662192260E+01   -0.264573313245442587E+00   -0.132092517666278220E+00   -0.187571319905801281E+00   -0.387880302354534287E-01   -0.106401933588719966E+01   -0.196723859781723327E+02
    0.158337214298209766E+00   -0.349122517573808508E+02    0.929305542847394972E+00    0.103347448938721609E+01    0.602288785678131624E-02    0.196509112393313967E+01   -0.153544090276935385E+01   -0.513920982073592034E-01   -0.624536359210565273E+01   -0.260473166075655793E+00   -0.129277178601296283E+00   -0.229810353184652899E+00   -0.420142279815886449E-01   -0.107201695385735918E+01   -0.196717916229027878E+02
    0.157687068422978000E+00   -0.349982215509928523E+02    0.930441443072179131E+00    0.102734259807258743E+01    0.603773128227802491E-02    0.196498884922553874E+01   -0.150260138731058768E+01   -0.513986841160371313E-01   -0.623848154717900272E+01   -0.265772375672528316E+00   -0.120970963810115670E+00   -0.239505810991981399E+00   -0.403423936945504491E-01   -0.107727175293048094E+01   -0.196717159078894426E+02
    0.159860349713447508E+00   -0.350578998476742640E+02    0.932934995304251391E+00    0.103361691198494010E+01    0.578907552803850645E-02    0.196528035094516818E+01   -0.160668250099827592E+01   -0.539280685886162625E-01   -0.629349624441139710E+01   -0.263797755815980028E+00   -0.156245061429906684E+00   -0.197629884898086527E+00   -0.402611883176744179E-01   -0.106465537220641648E+01   -0.196713641789401699E+02
    0.158995743399247380E+00   -0.349918439567862407E+02    0.939018825502514809E+00    0.102462125942835991E+01    0.572963761040170671E-02    0.196479571084379145E+01   -0.154770569700841598E+01   -0.529506052761420445E-01   -0.612654625350205162E+01   -0.270313968265439963E+00   -0.130563352995883647E+00   -0.228611243880663145E+00   -0.438683505074107041E-01   -0.108698449822741394E+01   -0.196711440009211564E+02
    0.156405375218921949E+00   -0.349672883431476293E+02    0.939783417628783702E+00    0.103022157056781904E+01    0.640380049716982990E-02    0.196290967105478154E+01   -0.142893626946668184E+01   -0.510277996308093271E-01   -0.617195975700006283E+01   -0.264139394368365699E+00   -0.114845374197678790E+00   -0.250547914634374591E+00   -0.430209656339055405E-01   -0.112191009710012546E+01   -0.196699062920617926E+02
    0.158350643491749210E+00   -0.350024197771031567E+02    0.945506313466634829E+00    0.103832712011574446E+01    0.640070829486621626E-02    0.196356975591878258E+01   -0.157137353257477907E+01   -0.488724461519291012E-01   -0.627735734490095432E+01   -0.261949686370661960E+00   -0.136866054690236605E+00   -0.222325316522626076E+00   -0.418277904084882607E-01   -0.107547272303772368E+01   -0.196691487850573559E+02
    0.158159584875042225E+00   -0.348974141655555030E+02    0.934242901492308042E+00    0.102879094837619678E+01    0.585276284655534065E-02    0.196438619497998723E+01   -0.160336275913490955E+01   -0.539186124858429053E-01   -0.626261802406022472E+01   -0.259428977612168765E+00   -0.128691790338767820E+00   -0.216363647429463707E+00   -0.426263353926900138E-01   -0.104183817679380653E+01   -0.196690057822500464E+02
    0.158657990586036829E+00   -0.348589346845636072E+02    0.932779139284475978E+00    0.102677353736730126E+01    0.622079699478350710E-02    0.196432961127858885E+01   -0.157959012097793883E+01   -0.494453060319487644E-01   -0.641860106744432546E+01   -0.261849359712779117E+00   -0.149453251983961283E+00   -0.231091581742379759E+00   -0.380388278148021952E-01   -0.109035282685908541E+01   -0.196689275718188519E+02
    0.159108398507625343E+00   -0.349173492848219951E+02    0.933111355186719282E+00    0.102702898682088262E+01    0.646940812018705850E-02    0.196340141422794257E+01   -0.167172279288146086E+01   -0.530097044143022153E-01   -0.633867322776705588E+01   -0.264222058814824245E+00   -0.142014347585330131E+00   -0.217333230011327511E+00   -0.413595924433328849E-01   -0.107135690300754338E+01   -0.196666831577578805E+02
    0.157461364664649300E+00   -0.349969593429425387E+02    0.929326246182291871E+00    0.104764069784351377E+01    0.586280727327563589E-02    0.196527368739474873E+01   -0.145853153727046636E+01   -0.517028961493323364E-01   -0.623695356877242091E+01   -0.264159864514193765E+00   -0.130009021617474352E+00   -0.216169948446591514E+00   -0.428430407804636232E-01   -0.111209128651038180E+01   -0.196655732853140428E+02
    0.158569505970367258E+00   -0.350853294908620086E+02    0.939439435950358281E+00    0.103157196764077019E+01    0.617710086761143976E-02    0.196574210700342156E+01   -0.173062985787451296E+01   -0.518054180165654007E-01   -0.622219604257043546E+01   -0.263616924918671280E+00   -0.117134051901082781E+00   -0.237502516373560568E+00   -0.413459960751758684E-01   -0.107421367921432376E+01   -0.196654559189100873E+02
    0.157211708717038795E+00   -0.350191799113197177E+02    0.938518496213100351E+00    0.103442405575625207E+01    0.627841208794158601E-02    0.196588431888683779E+01   -0.155774615080193812E+01   -0.493434717444905940E-01   -0.627287120901715500E+01   -0.262726206513261007E+00   -0.122444779554342298E+00   -0.207812481903661195E+00   -0.408509904060971596E-01   -0.102853431227484848E+01   -0.196649886529717222E+02
    0.155771478543010933E+00   -0.350070487640012189E+02    0.932053007912047926E+00    0.101649321597997799E+01    0.595654186693449737E-02    0.196689678568913107E+01   -0.148243080172266928E+01   -0.498052980872367365E-01   -0.628188733134600064E+01   -0.262756685555656899E+00   -0.135305725311858582E+00   -0.204949185604342665E+00   -0.424462694271811533E-01   -0.106720455194399766E+01   -0.196644647084498878E+02
    0.158918087123960466E+00   -0.349551693525958456E+02    0.937338088986115814E+00    0.102220604613851118E+01    0.685237467558498341E-02    0.196591744042468819E+01   -0.160139539987555191E+01   -0.528485489338153605E-01   -0.623105215116703448E+01   -0.261419255662828198E+00   -0.126624146483021893E+00   -0.210861951954452675E+00   -0.418237717337907738E-01   -0.106274664640488137E+01   -0.196644548819467175E+02
    0.155614491119992510E+00   -0.349527106207324536E+02    0.934392592938964150E+00    0.102814298817609839E+01    0.605170945435860776E-02    0.196630882571154020E+01   -0.145324883302460739E+01   -0.501021906206128645E-01   -0.621903306427219515E+01   -0.262751960703821896E+00   -0.122836192698000751E+00   -0.211608180791831302E+00   -0.416448753649097461E-01   -0.107294617888195964E+01   -0.196637132939640367E+02
    0.157443649110147826E+00   -0.349841909620812288E+02    0.938217142288085282E+00    0.104209920436802372E+01    0.639114648133755694E-02    0.196796172972284644E+01   -0.163735241978551516E+01   -0.526282959919981072E-01   -0.629996451626080045E+01   -0.263161973105828173E+00   -0.147496077220396232E+00   -0.228795938816223010E+00   -0.420185155004630176E-01   -0.108358478810013636E+01   -0.196558165586361682E+02
    0.157361519255938803E+00   -0.350135638755523360E+02    0.939741939932894454E+00    0.104259146904714095E+01    0.603958924769280436E-02    0.196512403799234692E+01   -0.149782047385471739E+01   -0.519752712603597372E-01   -0.639871354289290473E+01   -0.268119421388894330E+00   -0.127066405480113331E+00   -0.222681814682161194E+00   -0.425055586377611830E-01   -0.111401751571376262E+01   -0.196464671700508120E+02
    0.159220843290441338E+00   -0.349894285334406945E+02    0.938005554240816442E+00    0.103106628902148212E+01    0.596891192694931454E-02    0.196457272435327845E+01   -0.171548783276192274E+01   -0.528064064010096285E-01   -0.629506371664055031E+01   -0.266484499496367988E+00   -0.138758882164909891E+00   -0.230763028605539045E+00   -0.424611291653763309E-01   -0.108522725167797507E+01   -0.196433282993344598E+02
    0.158433733891582273E+00   -0.349868973298304624E+02    0.933536655516268299E+00    0.104478137260264536E+01    0.642511060572932037E-02    0.196347353667226043E+01   -0.149335933127978304E+01   -0.507527264956339208E-01   -0.621334726095089263E+01   -0.264532394332098963E+00   -0.137277741772178774E+00   -0.238078113262785829E+00   -0.439307979407237981E-01   -0.106211408054520318E+01   -0.196534867427569040E+02
    0.156624493220008598E+00   -0.350470737772373937E+02    0.934700183645325589E+00    0.102978162870684820E+01    0.590907145479194814E-02    0.196635223965967842E+01   -0.169405915886215186E+01   -0.520421193860849118E-01   -0.636475245712895976E+01   -0.269669170558178517E+00   -0.122969329720851367E+00   -0.221768151284706533E+00   -0.417322279782129379E-01   -0.103227016394452087E+01   -0.196523413247501821E+02
    0.157645215134591954E+00   -0.349661031499605457E+02    0.938800245294401869E+00    0.104202348715554560E+01    0.628708927621062993E-02    0.196547966482249858E+01   -0.159704993023396224E+01   -0.527648864860327249E-01   -0.618051751840833941E+01   -0.264555201431132425E+00   -0.860686253948134417E-01   -0.186011058361768011E+00   -0.403889637097197551E-01   -0.106497129538066226E+01   -0.196613163348585545E+02
    0.158252170726369462E+00   -0.349963252196142065E+02    0.928726736502213490E+00    0.102540463826037631E+01    0.629556536275656473E-02    0.196571107682731605E+01   -0.136078092305182752E+01   -0.512363595348315909E-01   -0.632068235056608341E+01   -0.264824511768047555E+00   -0.132990104221149097E+00   -0.202250365861590287E+00   -0.404679715571667278E-01   -0.106547837128909118E+01   -0.196628762176311014E+02
    0.158010724149057591E+00   -0.349789275412156115E+02    0.939645353400455186E+00    0.102319871735266554E+01    0.599360636729633859E-02    0.196410021751603980E+01   -0.162733004429507044E+01   -0.497253535861624726E-01   -0.627460383656529341E+01   -0.262603460130956534E+00   -0.146197089088280358E+00   -0.215227295461291962E+00   -0.422880270753188472E-01   -0.107309419315189425E+01   -0.196440189692123361E+02
    0.156667310026047002E+00   -0.349809555479513321E+02    0.937555326239844167E+00    0.102886807961361271E+01    0.637232344413686883E-02    0.196365270805204806E+01   -0.162210787105779541E+01   -0.477054964496740896E-01   -0.629702894571305016E+01   -0.266090283258782090E+00   -0.160513746732596108E+00   -0.209379545473697859E+00   -0.419069216751405821E-01   -0.108834535983267378E+01   -0.196562398512683103E+02
    0.157517353604803650E+00   -0.348911333439039026E+02    0.940144405575927156E+00    0.104130043736439615E+01    0.650800293641407880E-02    0.196411790908505801E+01   -0.168237788774309260E+01   -0.509699066588207850E-01   -0.622428200069690973E+01   -0.263497976637897646E+00   -0.114027002225327800E+00   -0.196252072028769653E+00   -0.409488681169362587E-01   -0.105109757003250159E+01   -0.196460513635873362E+02
    0.157357432354469640E+00   -0.350135045389824171E+02    0.933188549787209221E+00    0.104847448019084855E+01    0.618164943839916072E-02    0.196344113364062056E+01   -0.148295542222300525E+01   -0.503093563813801076E-01   -0.633541028888018776E+01   -0.263723859813327743E+00   -0.134309352810811966E+00   -0.226623903574534630E+00   -0.408118906560979225E-01   -0.108550902529235915E+01   -0.196456152794873553E+02
    0.156691933681150752E+00   -0.349693521219522694E+02    0.931813264536283214E+00    0.103503338519004795E+01    0.592634687512064422E-02    0.196572836421076835E+01   -0.182609521687249110E+01   -0.527508228431589690E-01   -0.630079336953891289E+01   -0.267190192054842457E+00   -0.123275041168067839E+00   -0.198654849774276526E+00   -0.403104797889861158E-01   -0.109372981549798665E+01   -0.196614569386845410E+02
    0.156317064332959832E+00   -0.350511104802268250E+02    0.938901360107167182E+00    0.103945261686944379E+01    0.615099273747593978E-02    0.196300361644273647E+01   -0.186341358627239351E+01   -0.513888818280705331E-01   -0.633389167921344765E+01   -0.265202710614720893E+00   -0.104042010490318401E+00   -0.279678393022865679E+00   -0.406641830634795406E-01   -0.105294239250975430E+01   -0.196506013154101993E+02
    0.156364508379801176E+00   -0.349958830718590690E+02    0.932912549406831326E+00    0.106348370378556734E+01    0.575706660468491491E-02    0.196554375600365927E+01   -0.139002161465966712E+01   -0.512067891422947549E-01   -0.633779658115461686E+01   -0.263237893238976894E+00   -0.103820057028669172E+00   -0.202927678998472971E+00   -0.419880673612444411E-01   -0.109243711500316465E+01   -0.196588743652587752E+02
    0.157185551491368564E+00   -0.348558707585605916E+02    0.942202595670220799E+00    0.103237564145081850E+01    0.633621076565606817E-02    0.196441141479840042E+01   -0.159003948076471380E+01   -0.520327928399628367E-01   -0.624775483318326330E+01   -0.260987036469339795E+00   -0.125850081436221173E+00   -0.233231642542917589E+00   -0.428720137163907319E-01   -0.104681026374163855E+01   -0.196531256798263101E+02
    0.157938057818197725E+00   -0.348881109766076207E+02    0.939095480636251145E+00    0.103176565422366351E+01    0.610195247812397087E-02    0.196434891940336831E+01   -0.178322188625752243E+01   -0.521506974436116155E-01   -0.634224974069631742E+01   -0.261123274623007884E+00   -0.138803942009181253E+00   -0.234787968331141322E+00   -0.398141963636228710E-01   -0.106413925979578461E+01   -0.196380441611085850E+02
    0.158155482220885629E+00   -0.349331050773244201E+02    0.946515881041820606E+00    0.104445741399097680E+01    0.647863227945042006E-02    0.196350259999167687E+01   -0.156338789723856375E+01   -0.488419129939988844E-01   -0.627330076884341636E+01   -0.263368796067657118E+00   -0.150183372125484632E+00   -0.234980896607998258E+00   -0.409562273523806988E-01   -0.109726314954013349E+01   -0.196486807865854942E+02
    0.155307600390629075E+00   -0.349339419958737025E+02    0.935357868959428185E+00    0.102244573173935449E+01    0.608945365013697539E-02    0.196481094791763300E+01   -0.164942576067462454E+01   -0.494091253962445978E-01   -0.629290170563080764E+01   -0.261092757991266855E+00   -0.118839884260643305E+00   -0.224988733209239233E+00   -0.402693414362881100E-01   -0.109571961835095122E+01   -0.196572115232791127E+02
    0.159847866417077100E+00   -0.348564339458947998E+02    0.934202960084332457E+00    0.103267573467229146E+01    0.593776258185959877E-02    0.196261841667820947E+01   -0.152452539208013493E+01   -0.519470517768648860E-01   -0.628010806512259467E+01   -0.264138689595830145E+00   -0.161422872696000697E+00   -0.191285785438124883E+00   -0.421178080966021912E-01   -0.108879746278686862E+01   -0.196609944263314915E+02
    0.157137431198877298E+00   -0.349062175721604859E+02    0.939693302596418145E+00    0.104189439972600573E+01    0.661624404994448547E-02    0.196498769250397842E+01   -0.150722636079303718E+01   -0.512827790715865706E-01   -0.618395171901005636E+01   -0.263201498510887699E+00   -0.138257952688271596E+00   -0.218296208660768709E+00   -0.395368273050508631E-01   -0.106774485551711673E+01   -0.196607395766281705E+02
    0.156066920718442054E+00   -0.350353565588283047E+02    0.939927743825466622E+00    0.105153022691273890E+01    0.574535692416979979E-02    0.196549142861181636E+01   -0.155571061066325966E+01   -0.527078478364090344E-01   -0.626092758972671959E+01   -0.261843841701450253E+00   -0.111099701089073827E+00   -0.206372244402193317E+00   -0.409883593044339800E-01   -0.105738914700834807E+01   -0.196439102528696274E+02
    0.157615767766121628E+00   -0.349508883225644809E+02    0.944509376289814351E+00    0.104697050667612368E+01    0.620082062028763301E-02    0.196572194107117526E+01   -0.158398541711021923E+01   -0.529920461214797578E-01   -0.628693790958023069E+01   -0.260225475220468461E+00   -0.129789298942943415E+00   -0.250348764050188854E+00   -0.411445389039034118E-01   -0.109663197458349715E+01   -0.196489127134911428E+02
    0.158258903012200802E+00   -0.349250927973406462E+02    0.936831955853219545E+00    0.103411427597673899E+01    0.614309474350549500E-02    0.196256964390137179E+01   -0.160181549283946834E+01   -0.498343235629722797E-01   -0.624940556461772001E+01   -0.261879501089140321E+00   -0.110782058620582546E+00   -0.206415911020454285E+00   -0.434065066763780205E-01   -0.104513580308691845E+01   -0.196386536875010940E+02
    0.158097481539236334E+00   -0.350331437051612866E+02    0.931598010347562955E+00    0.104081335651160667E+01    0.614623505387964543E-02    0.196421433567270598E+01   -0.153888744777807984E+01   -0.534685255405899784E-01   -0.622364272689998987E+01   -0.267301450961714870E+00   -0.117153606996650395E+00   -0.232076257716721079E+00   -0.409049388125849039E-01   -0.107963520942012492E+01   -0.196609876059150857E+02
    0.158766908508668481E+00   -0.350642304888915604E+02    0.942449029944596117E+00    0.103347375999184710E+01    0.597610892116670449E-02    0.196655122723387943E+01   -0.158924772799414327E+01   -0.538084491720932090E-01   -0.624739258621203675E+01   -0.264741944877850965E+00   -0.107636779491601012E+00   -0.214313674483796235E+00   -0.424483874575167786E-01   -0.107908117018887428E+01   -0.196586816978131083E+02
    0.156405037507725969E+00   -0.349395822396050093E+02    0.935804507440807676E+00    0.106074720402002409E+01    0.621380557738908205E-02    0.196566739563394588E+01   -0.166918281444085892E+01   -0.540099104193230428E-01   -0.622843196863581916E+01   -0.258334166158345757E+00   -0.123537335635933596E+00   -0.220335075419390292E+00   -0.410118203812936191E-01   -0.109031629947948505E+01   -0.196564364478811910E+02
    0.156976122986396432E+00   -0.349482991982292717E+02    0.935700458393220580E+00    0.102525634283837119E+01    0.612691966847665748E-02    0.196658911616221754E+01   -0.146653674870444406E+01   -0.506634983523397905E-01   -0.624321563173698380E+01   -0.257834891467314475E+00   -0.139979291675765893E+00   -0.192301664494484603E+00   -0.421111502187793557E-01   -0.106904014298264949E+01   -0.196587527568668179E+02
    0.159995045594786389E+00   -0.349480729137428767E+02    0.936467845522140352E+00    0.100731230535979699E+01    0.630049096773870488E-02    0.196356873990649961E+01   -0.169863053875481440E+01   -0.506779927399172991E-01   -0.614967758465413716E+01   -0.266420424517705146E+00   -0.128998186843481993E+00   -0.185965388094965267E+00   -0.406708413166720836E-01   -0.102310269389701580E+01   -0.196568426228693554E+02
    0.160712860491313170E+00   -0.349862091374500110E+02    0.931991588090391399E+00    0.104623678088023397E+01    0.636368601445109604E-02    0.196460159104363186E+01   -0.142723353527051744E+01   -0.534300070937936203E-01   -0.621904897105813959E+01   -0.263504544149244457E+00   -0.104784425124328145E+00   -0.175903751901328259E+00   -0.426254606389415078E-01   -0.110301644558711720E+01   -0.196581045636325200E+02
    0.157540055209814595E+00   -0.349808600724535026E+02    0.932892273523522886E+00    0.103997181392327187E+01    0.603613698492926152E-02    0.196406696457158825E+01   -0.161269080757370764E+01   -0.511739746165129003E-01   -0.623843485884061266E+01   -0.265550849133910805E+00   -0.142733759337778876E+00   -0.195024984604263152E+00   -0.420974959214718350E-01   -0.106160561797030861E+01   -0.196570399521534753E+02
    0.158895571040704481E+00   -0.349862167997565408E+02    0.933536671410639229E+00    0.104632505566902489E+01    0.646883419484103189E-02    0.196527695096263000E+01   -0.148485685393907962E+01   -0.519594695236284682E-01   -0.626798981676183242E+01   -0.263884823323453366E+00   -0.123288501851779628E+00   -0.202905827216610490E+00   -0.423475897075630131E-01   -0.106585067879351758E+01   -0.196479875482787065E+02
    0.157302955576740400E+00   -0.348722626983363142E+02    0.931096089936857885E+00    0.100632574227380833E+01    0.609138624637974458E-02    0.196413081894658625E+01   -0.151508142426664416E+01   -0.479651009197878953E-01   -0.634878362234092108E+01   -0.260737621337977399E+00   -0.125007051582704504E+00   -0.217480847596867727E+00   -0.425488710675256954E-01   -0.107304256330371173E+01   -0.196545468922003082E+02
    0.157665809021358599E+00   -0.349711554387638230E+02    0.933713359624172456E+00    0.101179008194653020E+01    0.577251649089494806E-02    0.196545379016221733E+01   -0.177240289257073980E+01   -0.488094329041077468E-01   -0.623272915745676048E+01   -0.260702219334165708E+00   -0.139811829047729042E+00   -0.177880540159168654E+00   -0.410362688675478607E-01   -0.107087402966864853E+01   -0.196565354593632193E+02
