    0.377936861927834168E-02    0.220015557454433868E+02    0.188687507979613783E+00   -0.407501887093382393E+02    0.134794053382431023E+01    0.103102622474730965E+01    0.119507324144565528E-01    0.224747494936415437E+01   -0.170756900591473237E+01   -0.922979215611910153E-01   -0.352649825853317411E+01   -0.514672612694325876E-02    0.364996496958499006E-01   -0.354795298143149251E+00   -0.903721194316547544E-01   -0.108000287491131530E+01
    0.371371092157600849E-02    0.219966064227147626E+02    0.202604912981005136E+00   -0.438830181960457182E+02    0.134898177110136874E+01    0.925967458653079389E+00    0.103388704098008825E-01    0.230971960790797448E+01   -0.172085422349219530E+01   -0.112688676169316562E+00   -0.569688775656028579E+01    0.276364141095340188E-01   -0.165934397420815435E-01   -0.363661034148151818E+00   -0.943773271903971256E-01   -0.108692127630222379E+01
    0.624063312720341597E-02    0.209185063930753188E+02    0.205106020272966649E+00   -0.416851005104498000E+02    0.133479541835475390E+01    0.109659605196952659E+01    0.110690302925559470E-01    0.225765802143318206E+01   -0.197405172253664807E+01   -0.837657314384434720E-01   -0.525740826263308492E+01   -0.103494775897950437E-01    0.108112059721622300E+00   -0.108794461769951278E+00   -0.140918619306946213E+00   -0.112117769139665846E+01
    0.921244108531508316E-02    0.200995599481019624E+02    0.191998650678970706E+00   -0.406629400703306416E+02    0.136364719676413393E+01    0.113621704074807495E+01    0.102413572257776270E-01    0.228152417314930833E+01   -0.154736086064075473E+01   -0.108448417282857978E+00   -0.629050457259333040E+01    0.155260536303333131E-01   -0.763792075816019378E-02   -0.371255076074146428E+00   -0.178662509069921899E+00   -0.104564277035819075E+01
    0.910688944851714352E-02    0.200826072542592549E+02    0.202281450382760242E+00   -0.414351863397561289E+02    0.134406803086247262E+01    0.110752723072872561E+01    0.111447558224435118E-01    0.219824259488714535E+01   -0.158602040700502189E+01   -0.100259094291400841E+00   -0.278987270964134071E+01    0.155540199793525787E-01   -0.293607135054401586E-02   -0.205484879373228457E+00   -0.576526841382118960E-01   -0.109947369835793585E+01
    0.104617943020420510E-01    0.197652097062942289E+02    0.207858264654180891E+00   -0.415495883479851500E+02    0.136929524611863895E+01    0.897664047712581681E+00    0.106738088754855780E-01    0.223329240647766714E+01   -0.153220879895624673E+01   -0.124337498120432391E+00   -0.616941220545171110E+01    0.166413455777188295E-01    0.503926735520449504E-01   -0.176214056974739242E+00   -0.957608375963354824E-01   -0.110803389657422269E+01
    0.117409847749077884E-01    0.194944982871268095E+02    0.195415066194714659E+00   -0.432210518640820212E+02    0.136720431332579606E+01    0.124049258138738749E+01    0.111610908184168623E-01    0.217573691228549171E+01   -0.222476568359466054E+01   -0.938324130146437896E-01   -0.762204136227858786E+01   -0.191142244066860867E-01    0.815117053591651042E-01   -0.356571136961914559E+00   -0.681992941034113564E-01   -0.109847915539173568E+01
    0.116019384575354600E-01    0.194783252878107263E+02    0.200027356715781007E+00   -0.453965302672481528E+02    0.137017240169223609E+01    0.998213823011808277E+00    0.123216276097980696E-01    0.221672881288423307E+01   -0.170239111837449331E+01   -0.119894802465080094E+00   -0.828349678104953568E+01   -0.303655773469439262E-02   -0.272686874306604307E-02   -0.942613378369631938E-01   -0.697562017277255780E-01   -0.109188053123923967E+01
    0.115432468915703679E-01    0.194484685104086772E+02    0.192895099583775209E+00   -0.437007603728275740E+02    0.137543618984988458E+01    0.126781475788897535E+01    0.118909017225299497E-01    0.217816612714152669E+01   -0.172178035353260572E+01   -0.103354561843774700E+00   -0.229091438343284448E+01    0.309875505431443515E-01    0.671270360807967315E-01   -0.917606789958785862E-01   -0.201461899154367408E+00   -0.106190210550472042E+01
    0.114183680457233903E-01    0.194302230912504186E+02    0.194808046704929572E+00   -0.420193192232385968E+02    0.135688796698347192E+01    0.110863623530914812E+01    0.982683652983531303E-02    0.211313980853840366E+01   -0.187948935968881647E+01   -0.133890801844386842E+00   -0.691246951421623113E+01    0.828361453636206925E-02    0.170189404176002673E+00   -0.104068619008604160E+00   -0.148052015985725066E+00   -0.109639514638178737E+01
    0.115994903138175471E-01    0.193587473555637324E+02    0.190107058535405826E+00   -0.416367407647254666E+02    0.136054149842638616E+01    0.110344980391927949E+01    0.108437400401815483E-01    0.220767853449905216E+01   -0.149328949588870907E+01   -0.118533932227578798E+00   -0.703821931795583033E+01   -0.410006489133457469E-01   -0.165161580522168276E-01   -0.161719168126265078E+00   -0.119259197623264424E+00   -0.109820952784681136E+01
    0.115051426095971760E-01    0.193350814352182780E+02    0.206981865880310589E+00   -0.418445216581893433E+02    0.133998969476311047E+01    0.133282939931589728E+01    0.124489030537949900E-01    0.220361411449386946E+01   -0.153282436472310390E+01   -0.118309713359739277E+00   -0.668170330464087137E+01    0.198822441297598212E-01   -0.578238894879688770E-01    0.908553014885530585E-01   -0.156443185752426966E+00   -0.111626287125833401E+01
    0.114443880488704821E-01    0.193056707067043583E+02    0.189019162460369872E+00   -0.438652172873379129E+02    0.136307655958973784E+01    0.108714432377474313E+01    0.113007630614122539E-01    0.213266251521743566E+01   -0.179600941819737825E+01   -0.122479813628823347E+00   -0.377575722467775066E+01   -0.149012087112703907E-01   -0.851210731627980444E-01   -0.404476056407199525E+00   -0.109365159642604542E+00   -0.109620702242609869E+01
    0.113318487052447795E-01    0.192854352113873055E+02    0.203488579189224222E+00   -0.436970344043613323E+02    0.135566146034774748E+01    0.100046240485539029E+01    0.108682580153680285E-01    0.217654936711256752E+01   -0.140744130180974403E+01   -0.102857250774835055E+00   -0.193203495428809191E+01    0.186792922109576751E-01   -0.471252052580644412E-01   -0.244614172200641744E+00   -0.535782645509670155E-01   -0.110556890620763482E+01
    0.113994062056336047E-01    0.192335471392922237E+02    0.193725910262688816E+00   -0.446007835365254408E+02    0.136388098429887106E+01    0.101069421697861550E+01    0.119006186898896471E-01    0.211475341998458743E+01   -0.164252894737957766E+01   -0.137791471433833745E+00   -0.635835876295136870E+01    0.307214983609465329E-02   -0.181572711372736117E+00   -0.100100734476785261E+00   -0.132944502146612714E+00   -0.112434488279191247E+01
    0.112298946620256659E-01    0.192235108956192740E+02    0.193631934372939407E+00   -0.471747375900877444E+02    0.138167367637674920E+01    0.124786094572345618E+01    0.933889158607459358E-02    0.218062517536407663E+01   -0.196986726469831130E+01   -0.117198640744312937E+00   -0.704242959545846947E+01    0.274060912065530668E-02   -0.153966078580261324E-01   -0.234615874278015113E+00   -0.577482691100491621E-01   -0.108777934938528831E+01
    0.112473948616408862E-01    0.191803966049690935E+02    0.206148841518795256E+00   -0.436165911832347248E+02    0.136868416760824507E+01    0.102310582654763516E+01    0.136522512392018604E-01    0.218732403755149152E+01   -0.178041376852797528E+01   -0.105226292721039838E+00   -0.916356246801782959E+01   -0.166698598075014151E-01    0.895648718648583628E-02   -0.297303622864610761E+00   -0.103185159328090761E+00   -0.109370850376596751E+01
    0.110372537974074286E-01    0.191781171535884312E+02    0.202762927050796238E+00   -0.428620933148508811E+02    0.138350649556467187E+01    0.124253159493704501E+01    0.113416169675367336E-01    0.212630138497283383E+01   -0.177332869330406928E+01   -0.114216540786117177E+00   -0.631940074999702972E+01   -0.384661904904632784E-01   -0.491542640166467149E-01   -0.222103214687654260E+00   -0.148057791623428442E+00   -0.107662208136790416E+01
    0.109070983767998730E-01    0.191618420639136922E+02    0.189094151522975373E+00   -0.463529137824987316E+02    0.137699277708259227E+01    0.997924756258610879E+00    0.118814928413768003E-01    0.219407050975885731E+01   -0.175322738136776746E+01   -0.127662833813926818E+00   -0.676486359600492637E+01   -0.922712273870146191E-03    0.108190462170631066E+00   -0.140240678914560796E+00   -0.343452466732283024E-01   -0.105425580110502737E+01
    0.108851345995947639E-01    0.191258735525024797E+02    0.200892641714664894E+00   -0.440175007570714243E+02    0.136451118071877064E+01    0.121941924215324460E+01    0.106255087845596660E-01    0.225291328796637025E+01   -0.156676876866268078E+01   -0.104077505083842448E+00   -0.559065867367831881E+01    0.183631060567305722E-01   -0.967366457324689288E-01   -0.189690646834397708E+00   -0.135205814677483022E-01   -0.111586223922828931E+01
    0.107470524863249161E-01    0.191114066136120293E+02    0.185524885794210392E+00   -0.413656931672956958E+02    0.136124364224113159E+01    0.116738981922548835E+01    0.116966394400399281E-01    0.227743118843732129E+01   -0.127627772827062413E+01   -0.101542983038803269E+00   -0.631341923451585263E+01    0.225003401267221854E-01   -0.186640398282721443E+00   -0.145437114505445858E+00   -0.127829098030811800E-01   -0.108422976857410447E+01
    0.110827086347972704E-01    0.190098974467945858E+02    0.206672732846295587E+00   -0.429475020360137805E+02    0.136780496779266625E+01    0.111986406358246016E+01    0.113168325612554854E-01    0.224156227059771718E+01   -0.188943858223505634E+01   -0.105218943793918857E+00   -0.572647368108194588E+01   -0.139934309185823363E-02    0.136324876955475592E-01   -0.102292993367502472E+00   -0.360011514912867842E-01   -0.111922259194910123E+01
    0.109192897383044735E-01    0.189996078210865029E+02    0.192762723688940651E+00   -0.418020020501819047E+02    0.136109853771770029E+01    0.114010971811454165E+01    0.100490344550941621E-01    0.219657594905112408E+01   -0.139844072892350324E+01   -0.139453114770543951E+00   -0.576668003680438801E+01    0.261957487481541962E-01    0.240153756643807226E-01   -0.197166492761771006E+00   -0.101020918630432638E+00   -0.108827747014848697E+01
    0.108557651363251784E-01    0.189712770972484073E+02    0.196247464508876812E+00   -0.445829695203858165E+02    0.136897573701226616E+01    0.133726883874375191E+01    0.116566909828657878E-01    0.214330108322574686E+01   -0.190865096095084263E+01   -0.131259011410165966E+00   -0.576458548807355697E+01   -0.735657920279565204E-02    0.112467434249368323E-01   -0.264624510024475013E+00   -0.310790580020371549E-01   -0.103497756828731458E+01
    0.108777852379275761E-01    0.189272243568984706E+02    0.195454956558193865E+00   -0.453034849376836206E+02    0.135341118251620740E+01    0.111436956351545691E+01    0.131745743580901631E-01    0.206992776462510442E+01   -0.169455376985803263E+01   -0.950307163639924901E-01   -0.117634458661797225E+01    0.375733620026512741E-01   -0.146320242704587669E-01   -0.195065359926585802E+00   -0.149136695639906502E+00   -0.116241923573463546E+01
    0.107617426319429211E-01    0.189086746804058343E+02    0.195486079240725613E+00   -0.428474564779533225E+02    0.136224615169872876E+01    0.106532731635103106E+01    0.116431165924764674E-01    0.225242266453126705E+01   -0.176443263629102076E+01   -0.127814746099604554E+00   -0.449585432117570249E+01   -0.281713906079816209E-01   -0.531466161898114763E-02   -0.164531436448035945E+00   -0.113186958901986656E+00   -0.107134762452947130E+01
    0.105862456004300418E-01    0.189015585256082694E+02    0.193285852602002706E+00   -0.431455365946273730E+02    0.136103856895634467E+01    0.123373459023861520E+01    0.106104401676171498E-01    0.226656125279594134E+01   -0.140187514166817806E+01   -0.852747722594580926E-01   -0.575165054411621490E+01    0.671239801290259529E-02    0.686896312285751598E-01   -0.170444426910063312E+00   -0.845682862135397478E-01   -0.113235005885596429E+01
    0.104352806971389940E-01    0.188902847934308049E+02    0.199486940088803605E+00   -0.450396717309094896E+02    0.136479295743308482E+01    0.110883658157025966E+01    0.108776322565466346E-01    0.219360977706360138E+01   -0.158612253642468537E+01   -0.145222020750651992E+00   -0.853235477347401883E+01    0.309519419605261345E-01   -0.100975084487792161E+00   -0.470256589358759025E+00   -0.197540920131462294E+00   -0.100506004926176162E+01
    0.104016308646925799E-01    0.188567444573975891E+02    0.203288444799369666E+00   -0.426588789846737413E+02    0.134497803078044154E+01    0.111501288129205545E+01    0.112564597909615427E-01    0.228735495807697031E+01   -0.152327638410397492E+01   -0.111253995180107701E+00   -0.615991322299067612E+01    0.444204945407721680E-02    0.988888597379221079E-01   -0.173290619578201327E+00   -0.171423703750668899E+00   -0.107190213140416168E+01
    0.103921220600688303E-01    0.188185736231707885E+02    0.188652681853593712E+00   -0.412654489046561395E+02    0.134680565512502470E+01    0.121530274605869493E+01    0.115260279996043311E-01    0.223200516070489163E+01   -0.143835737815131903E+01   -0.108038701775618279E+00   -0.761632646610679309E+01    0.547691220707821474E-01   -0.770543611846426502E-01   -0.279634246369626860E+00   -0.210656218651130878E+00   -0.107003992050133045E+01
    0.102402875818992344E-01    0.188080102661559998E+02    0.197137226577976749E+00   -0.452004274089201701E+02    0.136553375075277095E+01    0.117226460780891140E+01    0.120897207810991419E-01    0.211826073457184405E+01   -0.175723684145713621E+01   -0.955386262100664935E-01   -0.704931074424218806E+01   -0.263164729154545807E-01    0.732881784854317736E-01   -0.355210288435541255E+00   -0.185343872964821577E+00   -0.111807207281366905E+01
    0.101223808205681293E-01    0.187911718826503211E+02    0.190652718496438084E+00   -0.421480057779929922E+02    0.137226174603953655E+01    0.111369994307702247E+01    0.102824315195393610E-01    0.219159917158367357E+01   -0.193671297836340273E+01   -0.146184800891331235E+00   -0.632414649654310423E+01    0.221164251015406599E-01    0.598444311842084437E-01   -0.227639921285656827E+00   -0.809901514176642884E-01   -0.111196452871359219E+01
    0.101043093182542985E-01    0.187547456768793062E+02    0.207770368885547729E+00   -0.426255382525984317E+02    0.137109093048331787E+01    0.119221462206615536E+01    0.106865686104337543E-01    0.219189740034001002E+01   -0.205371447409824581E+01   -0.905205271406900464E-01   -0.572944343229537001E+01    0.225890893298655790E-01    0.109074073797075059E-01   -0.239077894650708639E+00   -0.172965461375878815E+00   -0.112287948461598974E+01
    0.101000022267491822E-01    0.187155983842949034E+02    0.195527251257626544E+00   -0.450745600310426440E+02    0.137083237869162033E+01    0.118322286360786944E+01    0.121101733292083291E-01    0.219072249707964728E+01   -0.195530278509194733E+01   -0.109886867435219623E+00   -0.542699008346399037E+01    0.713554190078309527E-02   -0.159279563803673030E+00   -0.291040781928764702E-01   -0.784924235496912287E-01   -0.110901463492391383E+01
    0.101852510667436013E-01    0.186587882729046832E+02    0.188356577519757679E+00   -0.415141478342900569E+02    0.137062425018961220E+01    0.103523219132080047E+01    0.113396654560228103E-01    0.212348858083090652E+01   -0.167686134707515277E+01   -0.916544802796243341E-01   -0.738467017397848213E+01   -0.235672234347494153E-02    0.876928400992156576E-01   -0.192507555640401451E+00   -0.506185373711663666E-01   -0.109414393405171806E+01
    0.100806536657598745E-01    0.186394334562610382E+02    0.189313043731099001E+00   -0.432151399537994436E+02    0.135066457793097339E+01    0.125913092555013661E+01    0.101761034925063800E-01    0.217142836242614345E+01   -0.164104638712186546E+01   -0.984314485548824225E-01   -0.521950100314894261E+01   -0.620800248822562378E-02   -0.306871714596106959E-01   -0.196467820763411460E+00   -0.142338780788884345E+00   -0.107000732592366155E+01
    0.993133869266859225E-02    0.186292791090733196E+02    0.196250170543886299E+00   -0.433922173791150598E+02    0.135048476290695096E+01    0.122651539688891109E+01    0.103722589572119873E-01    0.224826376392287886E+01   -0.124701358014630359E+01   -0.969135033075061159E-01   -0.762513564963387580E+01    0.511569778382935519E-01   -0.102125067102938859E-01   -0.227448663022921715E+00   -0.128477768141956689E+00   -0.105418967464963065E+01
    0.982724867083516022E-02    0.186103516650943490E+02    0.189345502688176293E+00   -0.441222736395420654E+02    0.137110296907937768E+01    0.124397563531645350E+01    0.118460286078351691E-01    0.221396121468458951E+01   -0.164760991760434838E+01   -0.115721341111483148E+00   -0.335200722840287035E+01    0.214252197473256932E-01   -0.287294768943975945E-01   -0.159857280392885492E-01   -0.950981917081869937E-01   -0.107715864792567961E+01
    0.970930435812791121E-02    0.185945003970548193E+02    0.195161835926388499E+00   -0.436707600722973268E+02    0.136897806437917358E+01    0.106558001031497196E+01    0.110803596044725915E-01    0.223560668347912639E+01   -0.189638315958531423E+01   -0.996584379775674462E-01   -0.685442127305156923E+01    0.138444648349660415E-01    0.230568323550864422E-01   -0.281812407827923384E+00   -0.126798990868508821E+00   -0.109388958058978591E+01
    0.954321165620097139E-02    0.185890095121314012E+02    0.203184511527858602E+00   -0.441757604358544995E+02    0.137327539723118441E+01    0.113834708637698800E+01    0.106733653384086871E-01    0.222205434985640071E+01   -0.148867584220348781E+01   -0.134793184522484261E+00   -0.346699308805883533E+01    0.142110160950346606E-01    0.838877545069746516E-01   -0.111391543909635377E+00   -0.134329263119226716E+00   -0.111617824647325525E+01
    0.936932126999976723E-02    0.185857883586753267E+02    0.194336763731545237E+00   -0.464080021211820082E+02    0.136255122569599640E+01    0.100613555904695029E+01    0.103193121147526941E-01    0.217886058907088609E+01   -0.188524777150210943E+01   -0.106669135259359935E+00   -0.683629336780668417E+01   -0.100635022956200252E-01    0.905991718443451000E-01   -0.161613965773163143E+00   -0.184742156512829325E+00   -0.107624375239928116E+01
    0.920486270592657703E-02    0.185812058741076562E+02    0.192353585305889890E+00   -0.443242647419432245E+02    0.137572749548980333E+01    0.104817749956986406E+01    0.104209428550786597E-01    0.223179986742962377E+01   -0.181306346957637232E+01   -0.115111785090550797E+00   -0.658543244274937223E+01   -0.177248368945417470E-01    0.488204273613465148E-01   -0.104008381821032475E+00   -0.267605685722690778E-01   -0.112922433215942752E+01
    0.911330766000130639E-02    0.185611982219175289E+02    0.188862943928707866E+00   -0.438912356690818299E+02    0.135868293171526577E+01    0.951290124933688919E+00    0.103874624099414663E-01    0.222816856467927193E+01   -0.150758113121518011E+01   -0.106229851531937175E+00   -0.439169902940689916E+01    0.159546365903343070E-01   -0.626156178722824391E-01   -0.132959052754688944E+00   -0.817450293191709365E-01   -0.106432501373055710E+01
    0.900954350255423961E-02    0.185441008635428304E+02    0.193792377410890754E+00   -0.425605880800548420E+02    0.135893199030915346E+01    0.111225772229653219E+01    0.122622297056776408E-01    0.215657420918345988E+01   -0.216499829712654623E+01   -0.118045454276322154E+00   -0.384656430607605904E+01   -0.161910227171057006E-01    0.124674926773494441E+00   -0.106641745713601688E+00   -0.161127303947402906E+00   -0.106398685733897769E+01
    0.887193523420732114E-02    0.185348837729303035E+02    0.191089024875715413E+00   -0.429398704244167035E+02    0.134886225670616788E+01    0.104551993898882434E+01    0.104478777066755301E-01    0.222578710980284455E+01   -0.182215592484864208E+01   -0.106882905468337064E+00   -0.920993376061287528E+01    0.196273024862039860E-01    0.212983617642329391E-02   -0.227823115289911088E+00   -0.185486074682087387E+00   -0.102854399479909664E+01
    0.881391637269977012E-02    0.185080059161956214E+02    0.190517157367217332E+00   -0.426640862313724014E+02    0.136574522589699732E+01    0.110313191024576240E+01    0.104605654315989022E-01    0.221825623921314952E+01   -0.179498239400547699E+01   -0.113098464205358892E+00   -0.779857165498246552E+01    0.318854171241100964E-01    0.739634597503494307E-01   -0.297534616236811655E+00   -0.428307710397362318E-01   -0.110583272469583371E+01
    0.866059035068319702E-02    0.185031038927782348E+02    0.191592570098337467E+00   -0.422100856687957915E+02    0.137701222058386752E+01    0.100976666861765230E+01    0.118940375710738840E-01    0.221931089230857292E+01   -0.181294540411883287E+01   -0.106250411812866055E+00   -0.355273668054367064E+01   -0.809767485275328901E-02    0.148422086708336239E-01   -0.650580357164578793E-01   -0.197223548873979859E+00   -0.109247900219799088E+01
    0.851914883721506012E-02    0.184960368046989245E+02    0.200542273504751456E+00   -0.395357496332055121E+02    0.135789080913356308E+01    0.106642943148548786E+01    0.128194928972560768E-01    0.224292238450757209E+01   -0.173809624596694356E+01   -0.129355601694049943E+00   -0.698097101353962124E+01   -0.266566834604942127E-02    0.613995605329805457E-02   -0.118358475494339727E+00   -0.110515517092660359E+00   -0.111875619129229853E+01
    0.849698784460756716E-02    0.184612462139910853E+02    0.195621730233037194E+00   -0.422569670019533206E+02    0.136139197705078008E+01    0.113783107806397532E+01    0.959381057641907342E-02    0.215440676094589856E+01   -0.165689576210562906E+01   -0.108191861706853742E+00   -0.756035301624746925E+01    0.115128862819718868E-01    0.317195879328576735E-01   -0.109764587358805843E+00   -0.477870675044488116E-01   -0.112241488916764554E+01
    0.837746908130927725E-02    0.184495779730492195E+02    0.186616405890148607E+00   -0.428072639365596999E+02    0.136586924252617448E+01    0.117966814897961614E+01    0.120099195477132697E-01    0.217446150743260702E+01   -0.144827308943851385E+01   -0.112182895192954601E+00   -0.842394607094959902E+01    0.106319966863897466E-01   -0.425250093492809053E-01   -0.395818023031137334E+00   -0.492355908699677880E-01   -0.110728311117253675E+01
    0.823513554667662517E-02    0.184438500262871194E+02    0.190979274632531559E+00   -0.428656941214499128E+02    0.135165671336239912E+01    0.118517958484593766E+01    0.116355068278071235E-01    0.221512938597213438E+01   -0.161274116426822101E+01   -0.827401677542718983E-01   -0.580153157799285513E+01    0.241634116220995621E-03   -0.138596088360773723E+00   -0.108922867237942936E+00   -0.694024977376787588E-01   -0.108516187220270410E+01
    0.808997556501829009E-02    0.184394182515846090E+02    0.195875728873229432E+00   -0.453945067448144215E+02    0.135909962614735913E+01    0.108955413161081949E+01    0.119938724178313000E-01    0.212281092002843863E+01   -0.190186984491059108E+01   -0.104931768144576526E+00   -0.868628091052655016E+01    0.127439591521876505E-01   -0.106772506443140694E+00   -0.217258293847971518E+00   -0.100678468957621739E+00   -0.112306955098068451E+01
    0.800089468998940734E-02    0.184215629295790997E+02    0.198327295006380355E+00   -0.442971328040488075E+02    0.135435569150827018E+01    0.118560566870499362E+01    0.120218323184391428E-01    0.218188783063327740E+01   -0.186125111242725638E+01   -0.102831691036290210E+00   -0.735194619898293222E+01   -0.107475875015167078E-01   -0.352182361347721379E-01   -0.491746709388484804E+00   -0.117605143425957001E+00   -0.105745071001155155E+01
    0.788007884353249602E-02    0.184119938542413877E+02    0.188520910449934742E+00   -0.432031099003215644E+02    0.133916484966128335E+01    0.132656027053476211E+01    0.103590519921670961E-01    0.215155126978384548E+01   -0.174419778807845183E+01   -0.115997800348900129E+00   -0.784659687019321872E+01    0.279607037681016135E-01   -0.677864664836157205E-01   -0.148858958281116477E+00   -0.826696625737393526E-01   -0.112025440094204143E+01
    0.773594621129052203E-02    0.184089140627540111E+02    0.186900749187025261E+00   -0.419510183387151656E+02    0.135992477830606950E+01    0.124968867884708090E+01    0.116978768852133361E-01    0.220208146348940081E+01   -0.155837112748557582E+01   -0.101730485267783541E+00   -0.636619570621419673E+01    0.829968215353873648E-02   -0.350080692858813283E-01   -0.112258733277190187E+00   -0.141875155205004766E+00   -0.113082018652626881E+01
    0.760493900777811822E-02    0.184030738616035769E+02    0.196137737397818451E+00   -0.417583670624348713E+02    0.137418649775663448E+01    0.111903485196341057E+01    0.114421470351565337E-01    0.221763679717420903E+01   -0.166470828222892298E+01   -0.101376378214597745E+00   -0.522499139827376968E+01    0.241342616876239133E-01    0.413754758567099062E-01   -0.183770303947007246E+00   -0.832628799580367174E-01   -0.103004924302325285E+01
    0.750660717832086263E-02    0.183891024932562139E+02    0.203334405578294103E+00   -0.430689674458918148E+02    0.136015765438984948E+01    0.108680624611415011E+01    0.111905843260411818E-01    0.222566803823592796E+01   -0.169412126034446375E+01   -0.112541609099316486E+00   -0.832014341432421745E+01    0.140350393733510888E-01   -0.202031597692167234E-01   -0.752458945241371996E-01   -0.104451152964546254E+00   -0.112370540381813422E+01
    0.738425101694998708E-02    0.183819706902611451E+02    0.188555617773644879E+00   -0.427097369145119714E+02    0.137214622410263010E+01    0.990677107240335530E+00    0.115122046370123732E-01    0.220982835855753690E+01   -0.172091437692986249E+01   -0.101210852382094235E+00   -0.604305942469636115E+01    0.140327194505666490E-01    0.413934366325533626E-03   -0.450735271987592473E-01   -0.578460613190280304E-01   -0.110484088049400309E+01
    0.734284422258401921E-02    0.183532171452617305E+02    0.182612317933680018E+00   -0.431015153215418039E+02    0.137115906665246601E+01    0.114811533051593528E+01    0.112522629927466963E-01    0.222495247772779603E+01   -0.210653958284587661E+01   -0.134354021613162122E+00   -0.738306617303916557E+01   -0.874130951769777446E-02    0.556634204215397943E-01   -0.173389064625764394E+00   -0.837478193606845944E-01   -0.107915239498465154E+01
    0.719849184222003547E-02    0.183529265974846290E+02    0.193412967116186135E+00   -0.427268075262204476E+02    0.136019123413557974E+01    0.115770332960642253E+01    0.110104354369784403E-01    0.221712433320287783E+01   -0.199147028788129932E+01   -0.929358732339871652E-01   -0.505569002172018678E+01   -0.103209529275331644E-01   -0.326563830645334313E-01   -0.188763250066578792E+00   -0.163092648329894063E+00   -0.109000115063480663E+01
    0.705885837497834904E-02    0.183521030025918783E+02    0.199157747703417348E+00   -0.408894033818649589E+02    0.137075177400146520E+01    0.118316570038968805E+01    0.118238398552359455E-01    0.220430531676618235E+01   -0.195241320975686450E+01   -0.978956729985732965E-01   -0.604248215557380419E+01   -0.558119708152583077E-02   -0.455364914897841803E-02   -0.825882442880518791E-01   -0.249209801060111424E+00   -0.110254660680530803E+01
    0.696518409566483296E-02    0.183388215960880139E+02    0.194577891615815596E+00   -0.433068272595439794E+02    0.135704717284998666E+01    0.100691266657642275E+01    0.113917368944702942E-01    0.223069579834511389E+01   -0.193454251257582577E+01   -0.110777503198924016E+00   -0.366159870622230699E+01    0.239071578002975280E-01    0.707933328895721248E-01   -0.200892845321513969E+00   -0.103476397090719555E+00   -0.109735363915875528E+01
    0.685126033777707245E-02    0.183318044203972228E+02    0.207447549392121899E+00   -0.448134917455070365E+02    0.135557459929355484E+01    0.113575407140183771E+01    0.125444120526845143E-01    0.228857175151982029E+01   -0.176226347908932812E+01   -0.121239066246017532E+00   -0.341465318344455371E+01    0.197717277877221195E-01    0.225082133758409929E-01   -0.188911465784297655E+00   -0.196638680679344480E+00   -0.110296896608850381E+01
    0.671606247641622425E-02    0.183316655893396181E+02    0.197563232324139970E+00   -0.405887482721180390E+02    0.136478280459593782E+01    0.121676551177976133E+01    0.114846547470767307E-01    0.220454016655268958E+01   -0.161798902749055151E+01   -0.108796673698189739E+00   -0.100130913011933131E+02    0.829433441404402692E-02    0.100713267462644016E+00   -0.184071490746570032E+00   -0.607546895573869844E-01   -0.108712544962335000E+01
    0.661564849423156281E-02    0.183217940196110156E+02    0.193248139923709400E+00   -0.455779521579674665E+02    0.136275748746779368E+01    0.995064868570732397E+00    0.118861035305955817E-01    0.221907294789722931E+01   -0.182797919961405686E+01   -0.120803497961185974E+00   -0.761918384862544062E+01    0.476437287583774717E-02    0.168531803062090840E+00   -0.880938690276334424E-01   -0.340616991304990360E-01   -0.107663895681785160E+01
    0.651070701071781131E-02    0.183137735646888835E+02    0.198708785378996611E+00   -0.464108900911852729E+02    0.134685818300057192E+01    0.113438958572531234E+01    0.106031271802300223E-01    0.227077193795267629E+01   -0.169873145818700899E+01   -0.110386641444340600E+00   -0.589106987136165472E+01    0.339086860999474222E-02    0.210535540285200183E-01   -0.618959094785658248E-01   -0.153472986430641584E+00   -0.111724685831720771E+01
    0.638793973459746405E-02    0.183118460806295680E+02    0.190112210605357074E+00   -0.431217933491154426E+02    0.136539160419295991E+01    0.106160178172410857E+01    0.129580117954941863E-01    0.217233054081097698E+01   -0.171786274735649269E+01   -0.941890259190645007E-01   -0.353417036205674506E+01   -0.965125811670468174E-02   -0.144659626964207644E+00   -0.198464769911949696E+00   -0.102233750706645393E+00   -0.108125307324008202E+01
    0.630444893450471909E-02    0.182981585444301551E+02    0.188652982115359635E+00   -0.437103549814886136E+02    0.135892046708121028E+01    0.958669055326656139E+00    0.122741882551255128E-01    0.221609392972131447E+01   -0.153303632132360468E+01   -0.135588669330755973E+00   -0.803268651805375100E+01   -0.163364396287082117E-01    0.121678241046862812E-01   -0.302020784966774591E+00   -0.147575671001577036E+00   -0.108401738324396368E+01
    0.624222545000353152E-02    0.182779961500732213E+02    0.198069726341629254E+00   -0.426224645783853688E+02    0.137583330218953770E+01    0.112837687198255954E+01    0.125619688076923208E-01    0.219500770264040490E+01   -0.165228819601456922E+01   -0.118686787512131631E+00   -0.736886831893743199E+01    0.100877037250630616E-03   -0.652837594381906750E-01   -0.212037140226803811E+00   -0.550463711397030930E-01   -0.110461373203381008E+01
    0.612027662740293257E-02    0.182774550808121958E+02    0.181696457277054302E+00   -0.430100795720891114E+02    0.136162856118978426E+01    0.110050198354647688E+01    0.113373322106936746E-01    0.223363756852491235E+01   -0.132864330291152744E+01   -0.122307505149368667E+00   -0.609285066369839168E+01    0.423685558484310134E-02   -0.782846207862363669E-01   -0.119481050947251380E+00   -0.150704874621719109E+00   -0.107777398353186893E+01
    0.600543387056577758E-02    0.182753402639831783E+02    0.189134869309288550E+00   -0.461865279600754732E+02    0.136921552930873069E+01    0.104368958367988207E+01    0.110827982734745464E-01    0.215543570311315325E+01   -0.183624256476277270E+01   -0.121192451384048244E+00   -0.531963547076780863E+01   -0.439406304821968012E-02    0.366144179595897790E-01   -0.236308805066815841E+00   -0.470340315605831949E-01   -0.107094292293930105E+01
    0.591634899238188596E-02    0.182652306041627810E+02    0.194989260523667080E+00   -0.424909944055359645E+02    0.134857422819532036E+01    0.105972042252050569E+01    0.122589596856336989E-01    0.216656702573261795E+01   -0.178163730071004967E+01   -0.106951971135489654E+00   -0.490072603909779403E+01    0.901147483155013626E-02    0.168409665539082445E-01   -0.311480709101064179E+00   -0.113564021731871842E+00   -0.107616647766039031E+01
    0.582043321320325178E-02    0.182579202844667670E+02    0.208253702610829428E+00   -0.431950867079068530E+02    0.135662396111225259E+01    0.117371309956011016E+01    0.118248490841535939E-01    0.219672500151886574E+01   -0.173262333985460204E+01   -0.100438622254581819E+00   -0.928403900783887792E+01   -0.809888952234310427E-03    0.104204901716319312E+00   -0.102123097699321069E+00   -0.683577260327707381E-01   -0.107849707937066341E+01
    0.572076570838650662E-02    0.182524643498594870E+02    0.193170399583739300E+00   -0.446043202553283962E+02    0.135549197275438016E+01    0.122931217180386043E+01    0.117031182902827113E-01    0.216087089366801877E+01   -0.183677802910674060E+01   -0.916140786109567312E-01   -0.436720203897390036E+01   -0.306648221246068192E-01   -0.421925167516669850E-01   -0.177313022009956883E+00   -0.105990801973884038E+00   -0.108754566969763089E+01
    0.561478238498763077E-02    0.182498640100767417E+02    0.208346044713682177E+00   -0.430418671172552152E+02    0.136159283077828874E+01    0.117104177245291297E+01    0.107985167894575906E-01    0.217367996077235892E+01   -0.189925192120544928E+01   -0.143470566205803951E+00   -0.659820597114387652E+01   -0.154565089927221778E-01    0.495885511302515958E-01   -0.157342824113275243E+00   -0.998186447769627283E-01   -0.111713940887818497E+01
    0.551150799536387695E-02    0.182469931347507419E+02    0.205754403139550152E+00   -0.440078178953988726E+02    0.136131031330855223E+01    0.111384080914267347E+01    0.100525876044470965E-01    0.213456825753311552E+01   -0.159660830143007737E+01   -0.118059494948086457E+00   -0.222569344322350204E+01    0.147944471237077182E-01   -0.645488248981880841E-01   -0.912477782163013951E-01   -0.934079847055697271E-01   -0.105643848232820026E+01
    0.542600576051935606E-02    0.182382631211549793E+02    0.193160627601083240E+00   -0.425535254573670869E+02    0.136730908230786352E+01    0.113474808996807397E+01    0.124109800606465783E-01    0.217916295913156732E+01   -0.152781924859149476E+01   -0.878103019706819171E-01   -0.332783077992301601E+01    0.452405063232494322E-02   -0.397831499737300101E-01   -0.181706933327666353E+00   -0.118839598845212877E+00   -0.107806077414998214E+01
    0.533866995949925770E-02    0.182307165715419366E+02    0.192514341389135091E+00   -0.445646750689810816E+02    0.135397776080410570E+01    0.138847335353240231E+01    0.114024988554987036E-01    0.220321993576619768E+01   -0.178908580114543736E+01   -0.118891328480913230E+00   -0.779292560186957139E+01   -0.108096163311343276E-01    0.507172438774188064E-01   -0.228742397319635027E+00   -0.528920878430891098E-01   -0.110262943928371882E+01
    0.525679204178841359E-02    0.182216277475069219E+02    0.198400249244849003E+00   -0.425930148479461650E+02    0.136186233591027461E+01    0.114380327143720995E+01    0.122737300282025324E-01    0.215328986565612368E+01   -0.173307988092783272E+01   -0.119645166614849974E+00   -0.300362251719427586E+01   -0.106441706226458026E-01    0.227458560847715041E-01   -0.967660273127388254E-01   -0.120709971691803794E+00   -0.101244445062569310E+01
    0.515736489685186990E-02    0.182198181326338791E+02    0.193429185584309798E+00   -0.431722158697955507E+02    0.134902682926592976E+01    0.100454983271153098E+01    0.113734166925818711E-01    0.210747532862152953E+01   -0.185983327675352994E+01   -0.118383583789837113E+00   -0.376381567007436990E+01   -0.162288335575084958E-01   -0.824911301627392207E-02    0.150407429718188157E-01   -0.792954624765341010E-01   -0.112960716694323016E+01
    0.506725356350901535E-02    0.182150717381719645E+02    0.186303190517000200E+00   -0.428976779703502729E+02    0.136512677230057267E+01    0.114397500348348902E+01    0.101232199316213488E-01    0.216074620576265541E+01   -0.187769406066958067E+01   -0.104723598421693959E+00   -0.754681019873636316E+01    0.725487932676357420E-02   -0.109612004917548300E+00   -0.133742006092578525E+00   -0.928592029301188726E-01   -0.114262598845096619E+01
    0.504261045887667396E-02    0.181848218805612483E+02    0.185876117546626113E+00   -0.423773758942132730E+02    0.136047020795676965E+01    0.108924491103614818E+01    0.132214647460782413E-01    0.219113904981998697E+01   -0.179988122281535423E+01   -0.860698158453716555E-01   -0.941636343463303049E+00    0.692815740418491286E-02    0.137641985197013896E-01   -0.909841314741092477E-01   -0.902255386164704659E-01   -0.114593873415950598E+01
    0.494299965827679592E-02    0.181847249425455715E+02    0.196616495740570718E+00   -0.438712761424882345E+02    0.136039206600013163E+01    0.103973825139852605E+01    0.115340275290773241E-01    0.226342540118685598E+01   -0.191457810864777977E+01   -0.123089442837831353E+00   -0.633779257263648699E+01    0.183537361385536363E-01    0.247019333217171882E-02   -0.211103329108051185E+00   -0.178966909140734431E+00   -0.109552123897021825E+01
    0.486152142416225799E-02    0.181779667946066077E+02    0.189895776997948240E+00   -0.441280620858631778E+02    0.136762795787491798E+01    0.109206460250813597E+01    0.122761502118936498E-01    0.218383092023232184E+01   -0.138066601650158738E+01   -0.111390402573139036E+00   -0.629250059288369812E+01    0.303280719807262414E-01   -0.419675014793423687E-02   -0.217672950974872909E+00   -0.197218634920396929E-01   -0.108381191664567944E+01
    0.479393384787477235E-02    0.181659669989785968E+02    0.200593417860280926E+00   -0.425558320125320364E+02    0.136205453533905518E+01    0.105189568728562866E+01    0.115659605907315229E-01    0.219960059789372853E+01   -0.172792682913462059E+01   -0.117799707080150820E+00   -0.676638397552639681E+01    0.144027347514647502E-01   -0.950391463460384389E-01   -0.414447257022622639E-01   -0.156632304290777763E+00   -0.105166477315854956E+01
    0.472388852042380462E-02    0.181554050739273798E+02    0.208460157485619579E+00   -0.442192321510076738E+02    0.136403470073050070E+01    0.119698224528639918E+01    0.107264694033450299E-01    0.219779189605456082E+01   -0.155269033583603822E+01   -0.104001561080436941E+00   -0.371158829338588303E+01   -0.756966506160071211E-02   -0.783000673301786493E-01    0.582321110980130452E-01   -0.962179245979676995E-01   -0.103753902141715426E+01
    0.463586087795373868E-02    0.181530258410142871E+02    0.213741775642186632E+00   -0.416009838435616359E+02    0.135661192507356376E+01    0.103409826023297535E+01    0.126292018545323230E-01    0.213682409030472797E+01   -0.173081174911157398E+01   -0.131754818456369910E+00   -0.860981931964338898E+01    0.437531232115986966E-02    0.127621063571966460E-01   -0.406704316140452105E+00   -0.717898204633834330E-01   -0.110554803813522651E+01
    0.455635868298786932E-02    0.181476221327389915E+02    0.188169306402906800E+00   -0.430728200076033403E+02    0.135528427630094650E+01    0.120439758643491901E+01    0.117885326322886824E-01    0.218288538757967610E+01   -0.171645548777512880E+01   -0.122175490094239170E+00   -0.365750606503500419E+01    0.292770156773541415E-01    0.185590084796533744E-03   -0.140474440244039378E+00   -0.107863814135000347E+00   -0.108107346533808579E+01
    0.447145725038350979E-02    0.181452409483416766E+02    0.195864455573015267E+00   -0.417665622007556010E+02    0.135028464294016848E+01    0.134597865416461393E+01    0.119424990957386484E-01    0.226863197683634388E+01   -0.158894937159323169E+01   -0.105791950257782152E+00   -0.814174242893473377E+01    0.444924178581098881E-02   -0.229459126794835586E-01   -0.286736613300986598E-01   -0.168327527354069972E+00   -0.107833026140525456E+01
    0.545913206460484687E-02    0.177459567121854072E+02    0.192430148166885279E+00   -0.442449267508495012E+02    0.135212632671379507E+01    0.113411617264916886E+01    0.118828399317824594E-01    0.221872996079279039E+01   -0.184324642911834058E+01   -0.972941419883039949E-01   -0.985380991844979448E+01   -0.252776409453427525E-01   -0.770324914027914476E-01   -0.158579314885288425E+00   -0.112521294209810455E+00   -0.109320678248352632E+01
    0.465887531598020710E-02    0.180629882003616657E+02    0.189756255778263050E+00   -0.438990427504058829E+02    0.135141056962769190E+01    0.112922830497187610E+01    0.108205324258650142E-01    0.221274919262412428E+01   -0.166999850443037690E+01   -0.118223259360665245E+00   -0.837671286995242248E+01   -0.152500042110995781E-01    0.782047117922422819E-02   -0.310735054591055215E+00   -0.119857093401762788E+00   -0.110254060143208665E+01
    0.496624941747604316E-02    0.179352065196738586E+02    0.185554562316143395E+00   -0.442233069517731749E+02    0.135622280531826434E+01    0.104140522869539032E+01    0.116658795043379036E-01    0.220762542970172237E+01   -0.184224147174839015E+01   -0.124657980294291829E+00   -0.524715214766131766E+01    0.897675119234599486E-02    0.665417404565563086E-01   -0.251825386996931133E+00   -0.356384732158646980E-01   -0.107739560549426883E+01
    0.460517178763983261E-02    0.180861763941699074E+02    0.202680582615923699E+00   -0.422836266115076995E+02    0.136376953617888863E+01    0.108439127973638438E+01    0.111747305179587704E-01    0.218156401959706381E+01   -0.166121627912472913E+01   -0.101143143510868186E+00   -0.613118315400074820E+01    0.111663456715203873E-01   -0.671231355412764963E-01   -0.904650049039177478E-01   -0.154266916610488636E+00   -0.109290557029690416E+01
    0.519865419866699218E-02    0.178437367730897591E+02    0.203986445339533001E+00   -0.419050172577839533E+02    0.135434278636431471E+01    0.117776786301065695E+01    0.128416874782955950E-01    0.217048434397193768E+01   -0.148377019021224354E+01   -0.138543525191090033E+00   -0.730312705027168274E+01   -0.284360236867364918E-01    0.179113672418392211E+00   -0.618403137717876833E-01   -0.191464958691936887E-01   -0.109865230715137585E+01
    0.518960330978475957E-02    0.178472218199958590E+02    0.180984800057202688E+00   -0.443497881991638749E+02    0.136006214894502842E+01    0.111948200361999706E+01    0.106174914815942035E-01    0.219849066645080793E+01   -0.186247614018085472E+01   -0.114818456238768699E+00   -0.754112341487242865E+01    0.174089181263674328E-01    0.119915964196339764E+00   -0.264089443297341464E+00   -0.897592643798382356E-01   -0.112173342909721474E+01
    0.531066301812435030E-02    0.178011029621150456E+02    0.194105051453377586E+00   -0.440878357659340381E+02    0.135517545479024704E+01    0.109508997071762537E+01    0.117251454798958966E-01    0.227579186735559569E+01   -0.176148121755142872E+01   -0.120427953916812824E+00   -0.564137300198093783E+01    0.374168243144441526E-01    0.954098684211826253E-01   -0.146821205233780255E+00   -0.631528953971261520E-01   -0.115846434941549625E+01
    0.548387144733435573E-02    0.177369137013337017E+02    0.183602866437509366E+00   -0.448165784551702444E+02    0.135837278200010814E+01    0.120794878923552096E+01    0.108512143405302217E-01    0.225351792087500691E+01   -0.152742788619672987E+01   -0.127035164442650894E+00   -0.640415021246893978E+01    0.190562342712858115E-01    0.220245072137999973E-01   -0.260703476599459971E+00   -0.864633230529175678E-02   -0.105811703226128428E+01
    0.463343000587197913E-02    0.180739415097189813E+02    0.198225673014170073E+00   -0.424367904097359343E+02    0.135068803812835414E+01    0.110431848285317247E+01    0.119481413830818430E-01    0.227201682951073192E+01   -0.157862181872820351E+01   -0.126599009920288913E+00   -0.809274314072092693E+01    0.534133159117909651E-01    0.305196608492578139E-03   -0.154012480589129253E+00   -0.873098066540253376E-01   -0.107077133851954431E+01
    0.495455258285637176E-02    0.179399226061512067E+02    0.194861167921454997E+00   -0.417751634127968288E+02    0.136493233562595107E+01    0.118505452456818761E+01    0.129618535119154134E-01    0.222859974100086866E+01   -0.180190703610597036E+01   -0.116019340754182604E+00   -0.551013496722221241E+01   -0.390066744753215372E-03    0.318285775349344963E-01   -0.152076755284173248E+00   -0.458868810054883433E-01   -0.110531691283219424E+01
    0.514144618913267484E-02    0.178658675420815385E+02    0.201822067582110048E+00   -0.412210784660697129E+02    0.136536063804688967E+01    0.111359150906450632E+01    0.119412219118492282E-01    0.224284171811498867E+01   -0.162062209039737315E+01   -0.110300519396064903E+00   -0.485196536932759770E+01    0.339040977565193032E-02    0.178687675629641898E-01    0.383712516851028862E-01   -0.109263015829136542E+00   -0.111463335321795620E+01
    0.509569728759293444E-02    0.178837433122905303E+02    0.187783361304232344E+00   -0.444680841336285013E+02    0.135646268664984349E+01    0.108835864339076505E+01    0.108473664444665788E-01    0.215001072002195359E+01   -0.180007007905369121E+01   -0.113223912178713332E+00   -0.641021806563977847E+01    0.264351298348147398E-01   -0.123822948778550962E+00   -0.224923289263762982E+00   -0.127578425619423480E+00   -0.111855125908966491E+01
    0.532359293507063142E-02    0.177962394631077494E+02    0.198869181475327006E+00   -0.422450499375762334E+02    0.135574213263697363E+01    0.109963612963495394E+01    0.125893623771297127E-01    0.212606440923248829E+01   -0.181472269711206624E+01   -0.114824719233467917E+00   -0.564416806136091154E+01    0.240644906617334328E-01   -0.373846027674657119E-01   -0.151218655985687900E+00   -0.109981252209909827E+00   -0.109784109632264348E+01
    0.502449730912832900E-02    0.179118855194609132E+02    0.208475666796783171E+00   -0.412074683992432824E+02    0.136506803584750758E+01    0.116721542071900686E+01    0.111947906856113295E-01    0.217851591317652149E+01   -0.159665091889545496E+01   -0.134377753282459045E+00   -0.821322888522547601E+01    0.125780121479963560E-01   -0.162801314469594866E-01   -0.145176247136244857E+00   -0.590711204046751662E-01   -0.108914797757864457E+01
    0.595665195229923370E-02    0.175715192008440688E+02    0.195689524994650588E+00   -0.437324957865472612E+02    0.135584471855385136E+01    0.120700548049933754E+01    0.114952622723872248E-01    0.222507368141173867E+01   -0.155529773265050175E+01   -0.101406120716190040E+00   -0.492255227269339013E+01    0.124346905559566991E-01   -0.830437144076112410E-01   -0.830918829341144027E-01   -0.740015916377758515E-01   -0.114035855144722853E+01
    0.583806706219065601E-02    0.176117368222706219E+02    0.198577980863015618E+00   -0.426202994746717039E+02    0.135411383989357148E+01    0.120240251577599611E+01    0.119016874362092660E-01    0.224808007140163379E+01   -0.157857248419367879E+01   -0.115215204903953733E+00   -0.588877814328684313E+01    0.256490304460466820E-01    0.521408337642298783E-01   -0.174476504474966709E+00   -0.523661598758193014E-01   -0.106093858849334710E+01
    0.505256596147153972E-02    0.179007438905241507E+02    0.193873636608357963E+00   -0.413655641039945081E+02    0.136505437186558809E+01    0.113634895142006842E+01    0.126281870894853730E-01    0.219911006030296896E+01   -0.156956432169604820E+01   -0.111700121199747315E+00   -0.724839017844732059E+01    0.978804562914341834E-02   -0.375688104982863577E-01   -0.928301185904955445E-01   -0.295839652193218144E-01   -0.111840071409573127E+01
    0.544165214386208886E-02    0.177523709060235362E+02    0.195547870265465024E+00   -0.434799510047170799E+02    0.136692043439426492E+01    0.117196899364427698E+01    0.106856342847092035E-01    0.219463694011368826E+01   -0.196189962573822796E+01   -0.117488985999136056E+00   -0.881315311025335824E+01   -0.769362183661050254E-02   -0.316645259361060041E-01   -0.122906494586433948E+00   -0.843620908515414214E-01   -0.114783438290378315E+01
    0.458780821801334053E-02    0.180937315461507033E+02    0.203976341915362319E+00   -0.443658749300516035E+02    0.134811481042400105E+01    0.104994623904797701E+01    0.124705667618525244E-01    0.220237910952824523E+01   -0.197176674642449457E+01   -0.109311307332613447E+00   -0.742543906555046007E+01   -0.298077056550601210E-01    0.230653138568911228E-02   -0.210532364104930869E+00   -0.150105642386224897E+00   -0.105768614470740152E+01
    0.460937357237375250E-02    0.180843524148585075E+02    0.188382419027615322E+00   -0.424872878964636698E+02    0.136603927557874716E+01    0.104631396290072209E+01    0.116531746907885345E-01    0.222169917479519041E+01   -0.183179787355356849E+01   -0.115293412960328870E+00   -0.704640154645538885E+01    0.364691630161756691E-02    0.127062289972616933E-01   -0.203265885775099686E+00   -0.831227097527397624E-01   -0.109473066919306805E+01
    0.526507636120422586E-02    0.178183450433074526E+02    0.192128532486633363E+00   -0.446694459830857866E+02    0.135437901062436228E+01    0.114666637427727736E+01    0.108595724837977914E-01    0.218527606855565315E+01   -0.179771812358326355E+01   -0.114199790760859426E+00   -0.441964327363841392E+01    0.396508556109351137E-01   -0.366410122664575719E-01   -0.237453291027352742E+00    0.570793523402714220E-02   -0.110584582996498604E+01
    0.448925448796607621E-02    0.181371630420673604E+02    0.196737068247865743E+00   -0.412075747000816790E+02    0.135241659712431850E+01    0.115362015369124138E+01    0.119838094898074461E-01    0.221823621846522823E+01   -0.184783758293287237E+01   -0.109331451310955632E+00   -0.495769076661116337E+01    0.386129788268634658E-01    0.389709247007876403E-01   -0.143048271464936066E+00   -0.187702261826685757E-01   -0.107920516038020198E+01
    0.554500445513519610E-02    0.177147414928682991E+02    0.193623487056767574E+00   -0.452906453842051064E+02    0.135902129390072290E+01    0.108047050280309587E+01    0.115627841500247960E-01    0.222086037737371278E+01   -0.169720189036288671E+01   -0.127904976478657784E+00   -0.538237742432823385E+01    0.824215782147310998E-02    0.283148514743497628E-01   -0.611301742396536535E-01   -0.829402737552525360E-01   -0.114684273583453500E+01
    0.519359605078047269E-02    0.178456836655007542E+02    0.207503193154861126E+00   -0.419723659905427766E+02    0.136246606712252771E+01    0.122859825005853951E+01    0.125068707034614382E-01    0.215776723429651085E+01   -0.182555267049448555E+01   -0.120952600345718669E+00   -0.874631981938912162E+01   -0.218837020614500929E-03    0.168417067788709907E+00   -0.274609526931576919E+00   -0.104600172572641439E+00   -0.111909983486879927E+01
    0.573154825061808915E-02    0.176485649513042304E+02    0.202248549089043328E+00   -0.413297317118281740E+02    0.135138447515571580E+01    0.123013304497172826E+01    0.126841609916675986E-01    0.219873423373072985E+01   -0.187344049991717521E+01   -0.109519801531025279E+00   -0.757503307838625695E+01    0.145099137271392439E-02    0.133991632273449297E-01   -0.167861714513958871E+00   -0.119828477638210043E+00   -0.106758554954228657E+01
    0.493890877395953068E-02    0.179462475196958700E+02    0.197943390370720868E+00   -0.423135854336707524E+02    0.136018995683591948E+01    0.112038869742156622E+01    0.128446630811042076E-01    0.217279430881882218E+01   -0.171080003001425895E+01   -0.107013871675765690E+00   -0.990814181574287467E+01    0.253763322259429394E-01    0.145116304416929385E-01   -0.279226500730974214E+00   -0.108366664591168879E+00   -0.111741793122758226E+01
    0.503123381232471918E-02    0.179092058518672665E+02    0.191319209294669695E+00   -0.431392028212993708E+02    0.135413801592425243E+01    0.103346193389561058E+01    0.111472446377920455E-01    0.221855629146886857E+01   -0.197656968563697233E+01   -0.133459793063619936E+00   -0.939300171804983286E+01    0.356230206041717283E-02   -0.342415342167985623E-01   -0.208671841930407803E+00   -0.777202514357516333E-01   -0.112787711973936089E+01
    0.471829975531516677E-02    0.180376393146328162E+02    0.191247153959942684E+00   -0.437139511097462616E+02    0.136182233649947992E+01    0.105636853686469134E+01    0.108014460673573950E-01    0.214510554668012521E+01   -0.156698203564598715E+01   -0.119382208517536059E+00   -0.235084657099520955E+01    0.394258764505116405E-01    0.324647094064572928E-03   -0.193556012039008962E+00   -0.317347615840710973E-01   -0.107686777377085585E+01
    0.556442108075769128E-02    0.177077504399717256E+02    0.185579433387407566E+00   -0.456023744102268793E+02    0.135782518567923116E+01    0.113118860526919063E+01    0.121204702033023415E-01    0.225545677727888760E+01   -0.177193372176728747E+01   -0.100381558936289944E+00   -0.713235020459186853E+01   -0.118942179180109107E-01    0.572929405460931036E-02   -0.112161241947328211E+00   -0.737146658889363399E-01   -0.108495443945271153E+01
    0.491189152225203311E-02    0.179572181286362920E+02    0.196513274647893338E+00   -0.427922462108475159E+02    0.134665484349806253E+01    0.971548327239651677E+00    0.118213980149569770E-01    0.214120956132473372E+01   -0.152816538931036661E+01   -0.114178986431299812E+00   -0.416439535745924427E+01    0.247725247516364985E-02    0.658792144837035409E-01   -0.536961491437316918E-01   -0.102928891078125112E+00   -0.107255074627731206E+01
    0.493645802829890869E-02    0.179472401899470100E+02    0.182242422136497606E+00   -0.446293944907603191E+02    0.136038365090114599E+01    0.963263687148580794E+00    0.126334966055916056E-01    0.214773963396166367E+01   -0.150478123988906587E+01   -0.102569546590198346E+00   -0.445294798605153908E+01    0.786436713460570737E-03    0.402123662884892458E-01   -0.133130313705551451E+00   -0.931020012280683457E-01   -0.111949754610329344E+01
    0.463527989843384551E-02    0.180731431709617958E+02    0.192354657722805938E+00   -0.443121002948864060E+02    0.137023574503691625E+01    0.113375994452110085E+01    0.117777295421202730E-01    0.223732054035438610E+01   -0.183297678110528217E+01   -0.110121026954500142E+00   -0.694045931356112256E+01   -0.302806976946915565E-01    0.328302331299725053E-01   -0.189342121122592827E+00   -0.171906918868978908E+00   -0.111813506529261830E+01
    0.610251538666927405E-02    0.175231342520676030E+02    0.200171211519813902E+00   -0.432400123032148898E+02    0.135681164238796637E+01    0.119511159661639765E+01    0.117955011596453697E-01    0.229460606808944290E+01   -0.165815628608124532E+01   -0.122866085678825288E+00   -0.578026842350984005E+01    0.251434134431960041E-01    0.782301243604902746E-02   -0.159769468245553409E+00   -0.165520356694937032E+00   -0.110320643829589504E+01
    0.461211597982460076E-02    0.180831628423860025E+02    0.190630791091020851E+00   -0.407042071624588786E+02    0.136275966463186760E+01    0.115849817329942129E+01    0.125728683841213849E-01    0.223762461290434578E+01   -0.128593430098928585E+01   -0.122725913690614544E+00   -0.106359034569174504E+02   -0.354752670281201915E-04   -0.224220054016835077E-01   -0.814475629022434755E-01   -0.648608330170607622E-01   -0.114831353556009619E+01
    0.479626281282651869E-02    0.180048622733713692E+02    0.191038339755518038E+00   -0.447792389974383909E+02    0.135412162697207195E+01    0.112833760887521706E+01    0.117720734079244382E-01    0.211371724344863665E+01   -0.190432387057046948E+01   -0.989454789918360889E-01   -0.740301431555253675E+01    0.176183040201946389E-01   -0.335180722191899330E-01   -0.163508766505957304E+00   -0.980552406557476525E-01   -0.109146216547614561E+01
    0.493506953227025938E-02    0.179478028165635237E+02    0.191543452739239506E+00   -0.448420142988546857E+02    0.136111130449261086E+01    0.124302231662371909E+01    0.124559595390077316E-01    0.227416450743550946E+01   -0.197231380798817835E+01   -0.110594599332457619E+00   -0.237293014478237607E+01    0.108975494531575161E-01   -0.381608737485748251E-01   -0.208077634546378371E+00   -0.150364405187417005E+00   -0.106746928281290021E+01
    0.675609744850153709E-02    0.173196454957036110E+02    0.190786224013526184E+00   -0.439914419352436283E+02    0.135329715900344638E+01    0.114899923252601188E+01    0.121975383074029893E-01    0.219850914849207424E+01   -0.182464840936688910E+01   -0.100316335253146732E+00   -0.413040274250707995E+01    0.592926403012417579E-02   -0.808291955826466180E-01   -0.204070879669827066E-01   -0.853358830874161589E-01   -0.109851400166999857E+01
    0.464721433244578465E-02    0.180680003977842389E+02    0.196677950400743262E+00   -0.424979769129181477E+02    0.135930474864853457E+01    0.109446774092740129E+01    0.105782064911654310E-01    0.217909872812324279E+01   -0.175785848350211271E+01   -0.111436487402371970E+00   -0.655734687096644731E+01    0.258486965527072315E-01    0.105699346914801443E+00   -0.710385030631302261E-01   -0.777631684450555555E-01   -0.110868708398546145E+01
    0.459537965332771411E-02    0.180904335903052633E+02    0.193535796949148492E+00   -0.456899244242419798E+02    0.134881646114030573E+01    0.106585474055317997E+01    0.114398813609445146E-01    0.212776971082727462E+01   -0.168808740869601492E+01   -0.884496944490545806E-01   -0.530720978276979327E+01    0.195227499724620820E-01    0.925767275350328211E-02   -0.305990792765088171E-01   -0.174674995196309052E-01   -0.108807067432174498E+01
    0.577616806473563865E-02    0.176330553448791321E+02    0.202245214702092752E+00   -0.440008572870903620E+02    0.135425527775573329E+01    0.113998461367989679E+01    0.115424339545256611E-01    0.214581336789209454E+01   -0.194015592868932440E+01   -0.104902191089566138E+00   -0.747963292978206606E+01   -0.289985853243024741E-01   -0.889048094052775628E-01   -0.957662068768499186E-01   -0.798265883912425561E-01   -0.111553025017554752E+01
    0.546459734307341155E-02    0.177439554619820683E+02    0.203389273773283585E+00   -0.411937846289591505E+02    0.134942280602213627E+01    0.111006064421136386E+01    0.129486254830960251E-01    0.215475069150760090E+01   -0.159093805408076250E+01   -0.132475155580247389E+00   -0.630655231286264328E+01    0.203901188827871442E-01    0.878258615588849573E-01   -0.167074949841047482E+00   -0.849679384554684614E-01   -0.111371498018362280E+01
    0.589968169442149117E-02    0.175907395426575768E+02    0.197668323237785715E+00   -0.440416696048614966E+02    0.134584064201190867E+01    0.112628892635799871E+01    0.121175207014127383E-01    0.223056899668108422E+01   -0.161427476247835844E+01   -0.118292725460122386E+00   -0.420335297043826728E+01    0.102677848603217603E-01   -0.138041838492101443E-01   -0.151923104995626362E+00   -0.509545026359906755E-01   -0.114795679590550259E+01
    0.474677847472483334E-02    0.180256039971606228E+02    0.195101381758421372E+00   -0.437877554409838794E+02    0.135236304877279556E+01    0.940377092635393041E+00    0.119456546468468625E-01    0.218537338778725765E+01   -0.170749496000912515E+01   -0.116907564555810306E+00   -0.762152706508921085E+01    0.420641464638983539E-01   -0.257009632425179123E-02   -0.194554333874503521E+00   -0.716180961689753676E-01   -0.108325326563869262E+01
    0.567897649071525106E-02    0.176669942989754460E+02    0.193897792185150908E+00   -0.433777357244575370E+02    0.135822090495583936E+01    0.113864197176274340E+01    0.123474520766946611E-01    0.223914728426888132E+01   -0.164250067459249460E+01   -0.118677189513944709E+00   -0.351048063180974257E+01    0.204626262113544663E-01   -0.522884768480661247E-01   -0.742819060974360540E-01   -0.176080985915701149E+00   -0.109469633180168380E+01
    0.518378434641256734E-02    0.178494656246912555E+02    0.195605771608177215E+00   -0.441456034096691496E+02    0.135682147946084464E+01    0.975851786147596600E+00    0.118270109671310599E-01    0.218209689654477534E+01   -0.183283780920559836E+01   -0.120242309929194213E+00   -0.659176880687987943E+01   -0.524771665102613354E-02    0.149898352066709234E+00   -0.196685517775205904E+00   -0.932983677728950606E-01   -0.109727279892501306E+01
    0.579300918534896188E-02    0.176272325859586338E+02    0.185653126051081280E+00   -0.425770447097370521E+02    0.136038592003014980E+01    0.101906095625815030E+01    0.129837323305311073E-01    0.226444048128648845E+01   -0.159362780201561360E+01   -0.116700862915592826E+00   -0.763121510878922216E+01   -0.976745678664161197E-02    0.671587042608352003E-01   -0.347297609105464422E-01   -0.811529052567229181E-01   -0.113936005034319088E+01
    0.508985831960074176E-02    0.178860363511219802E+02    0.201954255996566800E+00   -0.442928012846210137E+02    0.135770480082220280E+01    0.116042290917269630E+01    0.115437622451725463E-01    0.214256140519227944E+01   -0.202671548950748237E+01   -0.986850788027110043E-01   -0.313411793952191653E+01   -0.127176479233688331E-01    0.914358335795027316E-01   -0.134201822807827442E+00   -0.152625002297165080E+00   -0.109042600004381551E+01
    0.722128167713492405E-02    0.171864714318559741E+02    0.199899404817518722E+00   -0.436199136800943919E+02    0.133484676917683753E+01    0.115806910859564960E+01    0.124513087255148751E-01    0.220403962156105848E+01   -0.163054608364748188E+01   -0.112604683750816753E+00   -0.569724048681079331E+01    0.199086029680100307E-01   -0.896696850424888725E-01   -0.306023938189819988E-03   -0.124980586167607613E+00   -0.112136972892544429E+01
    0.589368771191649092E-02    0.175927725436819955E+02    0.196351927001287868E+00   -0.427280970349697498E+02    0.134948445884401647E+01    0.106725990418103134E+01    0.118453363018738173E-01    0.214819233534202692E+01   -0.191805274241803225E+01   -0.114100480499969625E+00   -0.625250802790762084E+01    0.764072848391316676E-02    0.498199703185278411E-01   -0.110783719016619667E+00   -0.111580338402329227E-01   -0.110941326949228780E+01
    0.495210666161330186E-02    0.179409101928774319E+02    0.190753506025060277E+00   -0.427955557382868932E+02    0.135297981622450791E+01    0.126168631419221722E+01    0.125113866167832159E-01    0.224559578969678331E+01   -0.156310588432047859E+01   -0.888095666666285227E-01   -0.261106929704863289E+01    0.247248973161361130E-01   -0.136541845083762610E-02   -0.136259618252207393E+00   -0.111458271233371001E+00   -0.111567103339832840E+01
