    0.848349207795785210E-01   -0.234447641614788900E+02    0.772542174638731760E+00    0.120531976612636771E+01    0.699549360757081417E-02    0.199841970974446403E+01   -0.152385019166408320E+01   -0.101699049587606158E+00   -0.265911215770073195E+01   -0.253697970448670540E+00   -0.503396527516820833E-01   -0.258503456460718706E+00   -0.246178705388020891E+00   -0.112847109633459342E+01   -0.465321973306691206E+01   -0.391195633965034517E+01    1
    0.868788310912928657E-01   -0.233090939220475164E+02    0.739598010947011941E+00    0.110806612337225086E+01    0.732459390324543581E-02    0.199180693624423522E+01   -0.163687988210598134E+01   -0.103879820396361025E+00   -0.261002638026641076E+01   -0.262463195522945503E+00   -0.681174227419994310E-01   -0.339929571654036256E+00   -0.251117005629454826E+00   -0.106661552089571754E+01   -0.435532391537558627E+01   -0.393195633965034208E+01    1
    0.846205947204352049E-01   -0.236500480941640809E+02    0.762039504496711761E+00    0.118115808477371620E+01    0.798912043781554483E-02    0.198904936364453477E+01   -0.141885853155082886E+01   -0.979536032813619756E-01   -0.271375570394908161E+01   -0.241120208781902406E+00   -0.325303453460674824E-01   -0.330600474668004241E+00   -0.243270938061207892E+00   -0.107413542628412295E+01   -0.431724467265187428E+01   -0.395195633965034165E+01    1
    0.848031522725964382E-01   -0.234809206588570127E+02    0.729445239478539231E+00    0.113254957759676622E+01    0.858750148866357400E-02    0.201045456894457963E+01   -0.170688317516516208E+01   -0.105264415473321285E+00   -0.277854371843196724E+01   -0.274412292448324102E+00   -0.681206930993443482E-01   -0.295411582706673226E+00   -0.243653991772298795E+00   -0.105943744679090357E+01   -0.426408273869355536E+01   -0.397195633965034300E+01    1
    0.854406526914325143E-01   -0.235468446343365798E+02    0.749593988796766864E+00    0.110763273643281512E+01    0.802326427384188190E-02    0.200000552679581878E+01   -0.180493406366216957E+01   -0.947958464235463677E-01   -0.273294835606308029E+01   -0.247943664577963185E+00   -0.207765753849401824E-01   -0.302065673231574072E+00   -0.249279020889696390E+00   -0.105519814294392100E+01   -0.423084760413354211E+01   -0.399195633965034391E+01    1
    0.867964616760388691E-01   -0.233918684667846790E+02    0.741410432341149894E+00    0.112006746277785307E+01    0.771926562480037323E-02    0.199198010508127998E+01   -0.156666693098862764E+01   -0.110172665558843252E+00   -0.260162548974827867E+01   -0.236778090949377074E+00   -0.608001239655923398E-01   -0.230956149843166147E+00   -0.252153258733354535E+00   -0.110527961582123457E+01   -0.416592579916475536E+01   -0.401195633965034215E+01    1
    0.817775030707762335E-01   -0.237416116276051454E+02    0.770558091987213700E+00    0.108909566404864355E+01    0.717531217743837615E-02    0.200678399189041956E+01   -0.213717514215754489E+01   -0.107966027490770805E+00   -0.270560086328561056E+01   -0.236546431462691803E+00   -0.793281907074532416E-01   -0.149728242160343583E+00   -0.248299085052389290E+00   -0.108350467191586919E+01   -0.415697117680008521E+01   -0.403195633965034173E+01    1
    0.846066303870519482E-01   -0.235923179211228273E+02    0.760851126296885116E+00    0.110639559472296467E+01    0.793656433633933324E-02    0.199327394048488515E+01   -0.169885969733065068E+01   -0.107124248226553365E+00   -0.276757516996994335E+01   -0.249278895127377803E+00   -0.864795556758737594E-01   -0.146936469676502396E+00   -0.245607846299535526E+00   -0.107484253710859634E+01   -0.410919659582436747E+01   -0.405195633965034396E+01    1
    0.846132808669395470E-01   -0.234925020829823517E+02    0.761163689257814191E+00    0.114155494525673040E+01    0.800675770033318530E-02    0.198674414973361224E+01   -0.167794094936118587E+01   -0.104813892276065634E+00   -0.270361195521494579E+01   -0.242829095364372471E+00   -0.690780449298344229E-01   -0.120140422233429550E+00   -0.250606785381707053E+00   -0.107784653548498199E+01   -0.410890969845969867E+01   -0.407195633965034443E+01    1
    0.880406413154568440E-01   -0.235654419275495748E+02    0.746741966230106469E+00    0.110147356233810556E+01    0.780494865778639212E-02    0.199470841447815883E+01   -0.163986232175425095E+01   -0.989504387555458498E-01   -0.272477777969094737E+01   -0.292493548269481818E+00   -0.631735969316477297E-01   -0.228158033800242466E+00   -0.247933978752646222E+00   -0.106588459673770775E+01   -0.410482855026287830E+01   -0.409195633965034400E+01    1
    0.833092245386665431E-01   -0.235258449263449982E+02    0.751123658899196966E+00    0.113174845445681327E+01    0.823641214535446482E-02    0.199319567907135320E+01   -0.184493826454864318E+01   -0.113289616248466646E+00   -0.279270867656747157E+01   -0.255871962484068349E+00   -0.404275833851698435E-01   -0.179873954418893006E+00   -0.249487222701598899E+00   -0.105513530610432849E+01   -0.410323640948565860E+01   -0.411195633965034357E+01    1
    0.839603079168326771E-01   -0.235291251683045957E+02    0.780100784105812961E+00    0.110176377473361486E+01    0.773633184104194176E-02    0.198959542452216964E+01   -0.168783958680223800E+01   -0.107564790309312944E+00   -0.278296737742473876E+01   -0.240595751071674219E+00   -0.679110987352006812E-01   -0.300055020585756005E+00   -0.252301892557006302E+00   -0.110656923131932206E+01   -0.407598660418508985E+01   -0.413195633965034226E+01    1
    0.876527147569298032E-01   -0.236232146358485195E+02    0.755181698877580687E+00    0.109027215897675567E+01    0.792575165320939454E-02    0.199022556093650005E+01   -0.179855000042122604E+01   -0.103012924435239170E+00   -0.279146056203410708E+01   -0.240753610119034400E+00   -0.676449305856484800E-01   -0.174449516112602288E+00   -0.254262313370720250E+00   -0.106845402008871382E+01   -0.406622614790198256E+01   -0.415195633965034450E+01    1
    0.880328671299662607E-01   -0.236695130414959252E+02    0.764869834300548002E+00    0.113553426707336502E+01    0.731784674430235958E-02    0.199355968445048592E+01   -0.181415579369743174E+01   -0.101200772688881530E+00   -0.281608620671207177E+01   -0.281369138780588834E+00   -0.654765469335574779E-01   -0.270037470294778315E+00   -0.250282341751324189E+00   -0.110159242336049301E+01   -0.405235802207142992E+01   -0.417195633965034762E+01    1
    0.865179823646560209E-01   -0.234687230494086521E+02    0.757788605591910414E+00    0.108081321598142122E+01    0.749152620134964017E-02    0.199830106151505027E+01   -0.172259629602137765E+01   -0.988471109236503803E-01   -0.263190270998451359E+01   -0.233450157742820325E+00   -0.663776258281912890E-01   -0.372502443477648715E+00   -0.245055815051928610E+00   -0.110411192766828381E+01   -0.402308827984507023E+01   -0.419195633965034720E+01    1
    0.830330858112722087E-01   -0.234410075109273137E+02    0.752394578793069924E+00    0.109063761319202390E+01    0.741323054812532706E-02    0.199325144420508837E+01   -0.172817103561916197E+01   -0.100831837891189852E+00   -0.275192261922351200E+01   -0.246692518646087544E+00   -0.988293798246998312E-01   -0.219390610115625578E+00   -0.249973686155252783E+00   -0.105071570736332620E+01   -0.401708542908418931E+01   -0.421195633965034677E+01    1
    0.852431245828202538E-01   -0.235315230578147947E+02    0.738702906996705044E+00    0.106448967925507576E+01    0.766985406587941589E-02    0.199791779993448504E+01   -0.197470500474123689E+01   -0.102731131083645830E+00   -0.277918087173252770E+01   -0.228336944962026972E+00   -0.996443581653249089E-01   -0.219555916083537056E+00   -0.247493506100403604E+00   -0.107463599584679015E+01   -0.400718642361914235E+01   -0.423195633965034279E+01    1
    0.828355157868227165E-01   -0.234793117756466216E+02    0.751866752617682432E+00    0.113352245329842805E+01    0.804460229721966694E-02    0.200731446671735814E+01   -0.124952373596156585E+01   -0.103670858264155993E+00   -0.267759762503601895E+01   -0.266556749796616366E+00   -0.929988520891430193E-01   -0.307033538398958028E+00   -0.254412876831171697E+00   -0.114644917516819045E+01   -0.396554232747149715E+01   -0.425195633965034059E+01    1
    0.833159332810207154E-01   -0.234425756313466245E+02    0.761880474047447631E+00    0.113577303500745064E+01    0.866729765231306903E-02    0.199799495479713518E+01   -0.193580182530840705E+01   -0.102028739792124998E+00   -0.266806177440422054E+01   -0.258354424030415308E+00   -0.604466981031818798E-01   -0.183695163002036310E+00   -0.239144964460393211E+00   -0.109581726380777034E+01   -0.396159719145587275E+01   -0.427195633965034727E+01    1
    0.853847695399621992E-01   -0.236013265013785620E+02    0.763606071779364015E+00    0.109788493843161827E+01    0.853637208639915039E-02    0.198730766787982915E+01   -0.184852940870168125E+01   -0.105643438328663519E+00   -0.276573905364770534E+01   -0.241485361073826121E+00   -0.433079647571597282E-01   -0.258835363716621858E+00   -0.247831552229997226E+00   -0.108040084344170983E+01   -0.396032176748652187E+01   -0.429195633965034329E+01    1
    0.833103673176918552E-01   -0.236505046950692481E+02    0.759333701357638557E+00    0.110107480721080009E+01    0.784605875665504889E-02    0.199488169099366974E+01   -0.199231501108191078E+01   -0.109440447259683937E+00   -0.279469815542425648E+01   -0.254789467186071594E+00   -0.796846218705595383E-01   -0.352957483806985550E+00   -0.251140371456621880E+00   -0.106264085512587592E+01   -0.395687547637551162E+01   -0.431195633965034109E+01    1
    0.825709236729194468E-01   -0.235798445781105244E+02    0.769760829278004821E+00    0.111871055300551769E+01    0.733392645633593361E-02    0.200541337324592162E+01   -0.193418917790556311E+01   -0.105662144707712277E+00   -0.271689824422334381E+01   -0.251473881288454937E+00   -0.267142428916391644E-01   -0.267545107090662815E+00   -0.246629936089620888E+00   -0.110044925660515003E+01   -0.394806167894058424E+01   -0.433195633965034244E+01    1
    0.857603930635602307E-01   -0.236424215032762071E+02    0.772873220675925787E+00    0.109847420939279861E+01    0.776714248926033569E-02    0.199464955040657244E+01   -0.188477650203560132E+01   -0.109347681887246390E+00   -0.260813915198703894E+01   -0.282144418374257799E+00   -0.370555493049685575E-01   -0.222642334907372896E+00   -0.254546852387099620E+00   -0.110252942308183099E+01   -0.394651303557124944E+01   -0.435195633965034201E+01    1
    0.881214552210217439E-01   -0.234983476499897463E+02    0.750161641407235291E+00    0.107930671623070329E+01    0.782312646931191888E-02    0.199595444546166623E+01   -0.163093961961062117E+01   -0.979082185097281399E-01   -0.272878282776331194E+01   -0.248477012108640066E+00   -0.505309932535074821E-01   -0.276415111925657875E+00   -0.246604927004901248E+00   -0.108635908099309186E+01   -0.394239864282442110E+01   -0.437195633965034336E+01    1
    0.842539222624788670E-01   -0.235630184112031777E+02    0.758276918285138768E+00    0.107949078916350549E+01    0.734490594732116562E-02    0.199791634078023828E+01   -0.197330016690386478E+01   -0.100350935888102524E+00   -0.268585261940176245E+01   -0.199851935190914320E+00   -0.516299460692249898E-01   -0.301072330960777679E+00   -0.241707693989833355E+00   -0.107732544584167700E+01   -0.393811885113716853E+01   -0.439195633965034649E+01    1
    0.867045029331681150E-01   -0.234551281261445084E+02    0.761936218822151679E+00    0.109069853048285581E+01    0.758461284411450758E-02    0.200073136686836062E+01   -0.208772376471557930E+01   -0.106690117606968407E+00   -0.283202984801646096E+01   -0.216964762934934496E+00   -0.683176627669253300E-01   -0.272952385951466203E+00   -0.252191221750801275E+00   -0.110341462584531991E+01   -0.393263238912146562E+01   -0.441195633965034784E+01    1
    0.860730276557728768E-01   -0.235483861667463366E+02    0.761440061890118702E+00    0.111460729911512701E+01    0.747349569205879236E-02    0.199249282826552099E+01   -0.177451946835537355E+01   -0.103193487198047093E+00   -0.274865842967926399E+01   -0.242517477820491156E+00   -0.920879348905946499E-01   -0.250804110888347642E+00   -0.255372533060171381E+00   -0.110179100228703053E+01   -0.391923057276689235E+01   -0.443195633965034474E+01    1
    0.855357102471409336E-01   -0.234556313297418484E+02    0.744717526182313017E+00    0.108308021992113290E+01    0.755267884083856648E-02    0.199705310846705730E+01   -0.196189816584026278E+01   -0.106414369940711642E+00   -0.268797028556598461E+01   -0.206410762547092674E+00   -0.228046736654444991E-01   -0.200822782454378790E+00   -0.247982626693006858E+00   -0.106395042684100494E+01   -0.391701175336329888E+01   -0.445195633965034343E+01    1
    0.816968155042223504E-01   -0.235111868575706247E+02    0.756650876800182504E+00    0.107840709835668536E+01    0.820794350874010092E-02    0.200325073875152082E+01   -0.173843667248606892E+01   -0.104174147586159324E+00   -0.272538495398520864E+01   -0.243635869227324497E+00   -0.631413222869261492E-01   -0.298670480470429989E+00   -0.248684881753101161E+00   -0.106929494343183507E+01   -0.391296769440098435E+01   -0.447195633965034745E+01    1
    0.845731491100729926E-01   -0.236830513458483374E+02    0.756242870307449744E+00    0.111686018717797508E+01    0.791040778016910764E-02    0.199599021044997826E+01   -0.177251615642770011E+01   -0.108361977737328405E+00   -0.267342211640398775E+01   -0.201092501752861641E+00   -0.609467859957302377E-01   -0.244221747800169364E+00   -0.244205941508577606E+00   -0.107265256382060858E+01   -0.391110285647495237E+01   -0.449195633965034435E+01    1
    0.847706919667411546E-01   -0.235023993713867725E+02    0.765711561798079754E+00    0.113460809319253420E+01    0.795432212034892332E-02    0.199465203927470003E+01   -0.150939849978160368E+01   -0.102309007604226274E+00   -0.270352798330907040E+01   -0.268786133150319573E+00   -0.499209146981157426E-01   -0.301950125429142568E+00   -0.244685039498069107E+00   -0.109582811973584149E+01   -0.390611093202794191E+01   -0.451195633965034482E+01    1
    0.837971257574776779E-01   -0.235155860438505471E+02    0.743125460130471871E+00    0.110349492386904879E+01    0.757157483565634292E-02    0.199521825354860227E+01   -0.199384458179388990E+01   -0.105197424423691885E+00   -0.286149870330286760E+01   -0.232937255238863272E+00   -0.647980661588827556E-01   -0.161630854524434153E+00   -0.245023357129199232E+00   -0.107821268668470549E+01   -0.390310263802454793E+01   -0.453195633965034705E+01    1
    0.862335566773611839E-01   -0.235613611711596853E+02    0.761029913178003281E+00    0.109400575504393571E+01    0.714705494420170544E-02    0.199737043771953804E+01   -0.175306448757423006E+01   -0.101537593328632783E+00   -0.279382496462670549E+01   -0.237153688330828533E+00   -0.636567492058786183E-01   -0.235873931651917113E+00   -0.242499605512392885E+00   -0.107418984830516617E+01   -0.390173214301249205E+01   -0.455195633965034396E+01    1
    0.878991782614922529E-01   -0.236474052897833253E+02    0.751424578076411498E+00    0.113356059192637892E+01    0.781379943132153899E-02    0.199630713191271303E+01   -0.177733024944877815E+01   -0.100920163542451397E+00   -0.272235870588714945E+01   -0.236558892195685655E+00   -0.752610014685572426E-01   -0.287416900185829216E+00   -0.247958564936552855E+00   -0.109863772083626765E+01   -0.389965916775444033E+01   -0.457195633965034354E+01    1
    0.881921955702339722E-01   -0.235835847280295532E+02    0.758501118357995163E+00    0.105787038862437632E+01    0.769145850939815905E-02    0.200180194801367950E+01   -0.192406869567161443E+01   -0.101856472300778350E+00   -0.278940986793189794E+01   -0.259403444374971703E+00   -0.190014415000631168E-01   -0.227387941132849353E+00   -0.250505840113085687E+00   -0.106437026654341049E+01   -0.389869160579039908E+01   -0.459195633965034666E+01    1
    0.855957597986371360E-01   -0.235746998513766677E+02    0.748255505406477450E+00    0.111006374413550435E+01    0.777683028620620824E-02    0.200474243131736385E+01   -0.192522001887002037E+01   -0.102848446457236453E+00   -0.275692649551820557E+01   -0.232389206673554699E+00   -0.418151758039293636E-01   -0.286218852077260777E+00   -0.251286439932432604E+00   -0.106423517101624898E+01   -0.389661493420575100E+01   -0.461195633965034801E+01    1
    0.819085686241636940E-01   -0.235772040221406094E+02    0.772868226569842554E+00    0.113461160794116278E+01    0.794812151482945928E-02    0.199090195613038268E+01   -0.164820097022704348E+01   -0.102093989637238855E+00   -0.287310806055778345E+01   -0.213528369962415115E+00   -0.171025834936056609E-01   -0.192905168432169566E+00   -0.248181957406062165E+00   -0.104172847855947603E+01   -0.389314189997269677E+01   -0.463195633965034759E+01    1
    0.850326340204413667E-01   -0.234723090301549071E+02    0.748373209651757243E+00    0.109133979311354157E+01    0.708610319527413872E-02    0.199666752716669249E+01   -0.160479010864336891E+01   -0.102628332210499398E+00   -0.282127177148844543E+01   -0.251181748791411197E+00   -0.405153967655385444E-01   -0.232954567492642178E+00   -0.253337385324977515E+00   -0.108410014170259061E+01   -0.388920338136652433E+01   -0.465195633965034716E+01    1
    0.850306247816417504E-01   -0.235812456904813352E+02    0.747703347309230604E+00    0.110351741237844525E+01    0.746674280373091533E-02    0.200256466969742775E+01   -0.204878727357559320E+01   -0.105066606333528961E+00   -0.277226868758866862E+01   -0.209784854488901662E+00   -0.527051459139879566E-01   -0.229877231977513308E+00   -0.246744167159470812E+00   -0.107029676183990152E+01   -0.388871462043482818E+01   -0.467195633965034407E+01    1
    0.878044173286747776E-01   -0.234736763641033299E+02    0.746209737932608141E+00    0.112996790678262249E+01    0.801142330867611087E-02    0.200254904429724778E+01   -0.191829593940722676E+01   -0.106781010376355040E+00   -0.280189634653128117E+01   -0.217691302946561249E+00   -0.745097342546123531E-01   -0.171918941706083961E+00   -0.251236767073896139E+00   -0.107177113822315828E+01   -0.388842438928755829E+01   -0.469195633965034364E+01    1
    0.839148308152320027E-01   -0.235526255922425314E+02    0.747055663544523574E+00    0.109460270840403995E+01    0.728623645265784672E-02    0.200026823337425430E+01   -0.214094633225131892E+01   -0.103975189402647383E+00   -0.270860666903351710E+01   -0.252314074049599213E+00   -0.515691321281984555E-01   -0.154864258343940797E+00   -0.246557418528454725E+00   -0.107630696493793998E+01   -0.388320444906261075E+01   -0.471195633965034677E+01    1
    0.834981558438192550E-01   -0.235225916131255168E+02    0.752089019326626418E+00    0.108447849285594522E+01    0.830614178264361090E-02    0.199515130064471413E+01   -0.207747749516725122E+01   -0.101630159250569813E+00   -0.269153990292593193E+01   -0.243840206961375983E+00   -0.639263299666595342E-01   -0.223059375393109632E+00   -0.244428078854389857E+00   -0.109247745088882731E+01   -0.388295560168342435E+01   -0.473195633965034634E+01    1
    0.880824375996868136E-01   -0.236079355709806258E+02    0.736394365065052847E+00    0.110883700307902133E+01    0.831811604799795150E-02    0.199142195474573946E+01   -0.199063020286492409E+01   -0.107296547923261404E+00   -0.276994552089932489E+01   -0.268408853040715101E+00   -0.579518933565342925E-01   -0.279219370654646581E+00   -0.245188974103481921E+00   -0.105960756998285488E+01   -0.388253379350692196E+01   -0.475195633965034325E+01    1
    0.863684643366351423E-01   -0.235373893459239056E+02    0.752352010822261219E+00    0.109625228775840866E+01    0.759646127724849206E-02    0.199526677650891449E+01   -0.185512340523322861E+01   -0.106202221330749580E+00   -0.283272488020468716E+01   -0.269247272570017793E+00   -0.571951783511773504E-01   -0.265160130815523643E+00   -0.250709964724483370E+00   -0.104359824595040429E+01   -0.387119150031404358E+01   -0.477195633965034460E+01    1
    0.830983874578883619E-01   -0.235220429866605372E+02    0.743688513776154969E+00    0.111454706758775091E+01    0.733883521357994902E-02    0.199511735580461336E+01   -0.203413413926497499E+01   -0.107599936225464793E+00   -0.277573542448259669E+01   -0.267149721862728173E+00   -0.396865963517940429E-01   -0.284578899406568442E+00   -0.246243950070272527E+00   -0.107007790859255403E+01   -0.386843668979398592E+01   -0.479195633965034506E+01    1
    0.853396472399092776E-01   -0.234584653708712274E+02    0.775578542277679861E+00    0.111073641402677414E+01    0.734555710903089104E-02    0.198893155440400959E+01   -0.181017064009259743E+01   -0.105341777872589235E+00   -0.277554745337023467E+01   -0.232714776416299646E+00   -0.734712804761457616E-01   -0.345011670969666839E+00   -0.250377660042485295E+00   -0.106803737576302926E+01   -0.386819345538870163E+01   -0.481195633965034641E+01    1
    0.892179438756086074E-01   -0.233503085552349674E+02    0.766644865538961162E+00    0.109745867792887153E+01    0.830639945761420771E-02    0.199857462690979881E+01   -0.193573485168210113E+01   -0.101609793186986985E+00   -0.298934006387553453E+01   -0.230644586595365242E+00   -0.675889271483796072E-01   -0.295914892746535485E+00   -0.248480073126786605E+00   -0.107275369609551707E+01   -0.386793837148118769E+01   -0.483195633965034776E+01    1
    0.859444112221841722E-01   -0.235395339427339962E+02    0.759682570304508586E+00    0.108634814303872429E+01    0.869333665480541244E-02    0.199581509895877285E+01   -0.168231349329765112E+01   -0.994520501476167246E-01   -0.273250886645951230E+01   -0.212346234998263383E+00   -0.590904795932178303E-01   -0.205586952509112492E+00   -0.241922366721973231E+00   -0.107288901124644376E+01   -0.386781548535681186E+01   -0.485195633965034734E+01    1
    0.870111782672993161E-01   -0.235819511278865086E+02    0.760766917592279768E+00    0.109899656863316131E+01    0.788482713805174415E-02    0.198948889548499896E+01   -0.166784174746039637E+01   -0.104055516206887300E+00   -0.271565637129258697E+01   -0.226212816114577470E+00   -0.375567412511459281E-01   -0.214842568243163556E+00   -0.254470008974317430E+00   -0.105038225514862193E+01   -0.386660854627235606E+01   -0.487195633965034602E+01    1
    0.852592968127332124E-01   -0.236088668194383864E+02    0.743939659139398968E+00    0.113651192887310004E+01    0.742226656614284729E-02    0.198500560738151122E+01   -0.152968885048985337E+01   -0.101387561853504088E+00   -0.272826965975629232E+01   -0.245709281016728759E+00   -0.687215719671756819E-01   -0.289967440707710633E+00   -0.252705951103490090E+00   -0.103919213565480884E+01   -0.386640749687246599E+01   -0.489195633965034382E+01    1
    0.861183226399857560E-01   -0.234584562318551377E+02    0.762473969558823850E+00    0.107715425309273027E+01    0.827570118543497803E-02    0.198945888448514618E+01   -0.174087807485356261E+01   -0.999050839375062311E-01   -0.270840049276912476E+01   -0.258643995013007444E+00   -0.418684707063138803E-01   -0.207563037972385817E+00   -0.247950658240491478E+00   -0.108510857291775009E+01   -0.386640176132072355E+01   -0.491195633965034428E+01    1
    0.857294171867691857E-01   -0.235611331228960807E+02    0.759911452191742165E+00    0.117539022128040616E+01    0.752144655725927019E-02    0.199504751219497822E+01   -0.171704415387367848E+01   -0.108176487956143139E+00   -0.264629093949270278E+01   -0.235181573755397610E+00   -0.404425070427236605E-01   -0.190965060794797220E+00   -0.242448474115513374E+00   -0.109849915598749925E+01   -0.386594927261646149E+01   -0.493195633965034563E+01    1
    0.826381404005284703E-01   -0.236842205376711554E+02    0.758029383973856330E+00    0.111674025060722726E+01    0.779241090151785911E-02    0.199135970124455386E+01   -0.190446531610007641E+01   -0.107392559188267123E+00   -0.277264184787373491E+01   -0.231927656121190456E+00   -0.588892830526318786E-01   -0.386525534539438054E+00   -0.253755927004307602E+00   -0.111152482190454927E+01   -0.386302212325271332E+01   -0.495195633965034610E+01    1
    0.828974531504408918E-01   -0.234856939553443489E+02    0.756155763016228999E+00    0.115331245163058638E+01    0.773282496832466450E-02    0.199981769604877369E+01   -0.223978702816818354E+01   -0.107208075432743410E+00   -0.288599815128209736E+01   -0.230708306678960612E+00   -0.114350296503865911E-01   -0.286087204261404104E+00   -0.248555909169072414E+00   -0.112259775981819110E+01   -0.386287423435848298E+01   -0.497195633965034567E+01    1
    0.842563701793103137E-01   -0.237673909934712206E+02    0.753751372426222810E+00    0.115411091935065357E+01    0.785702464834312636E-02    0.200096852209814502E+01   -0.177048010009190415E+01   -0.104476916381859436E+00   -0.279697550152943997E+01   -0.253466113129021342E+00   -0.258212476537991939E-01   -0.295353244431666495E+00   -0.253463730408188703E+00   -0.104891122023793115E+01   -0.386151645012495992E+01   -0.499195633965034435E+01    1
    0.849861161114669889E-01   -0.235248298514384580E+02    0.742475312259938791E+00    0.112188569884560230E+01    0.747716401510310682E-02    0.199042366921688929E+01   -0.216285678149375515E+01   -0.101632551861494252E+00   -0.273034708407794291E+01   -0.250533092160065640E+00   -0.934485481504990223E-01   -0.223589330946487558E+00   -0.238222227919214213E+00   -0.110562573931112063E+01   -0.385888930687455955E+01   -0.501195633965034304E+01    1
    0.831989589877478036E-01   -0.235186894914027107E+02    0.760857205759564059E+00    0.111132064883206993E+01    0.742687598001327918E-02    0.198928584927391272E+01   -0.182814184716087813E+01   -0.106068253973070181E+00   -0.279052549960389973E+01   -0.247507039486583952E+00   -0.641775627853692909E-01   -0.331776271386836630E+00   -0.250207453468481666E+00   -0.111397606952906880E+01   -0.385675210644721833E+01   -0.503195633965034617E+01    1
    0.850288760518615461E-01   -0.235536081949412157E+02    0.758702346368424041E+00    0.112622180540735872E+01    0.789709388207281322E-02    0.199572186438680976E+01   -0.190558730990178127E+01   -0.104514435163588493E+00   -0.274962539618184376E+01   -0.237867460904321509E+00   -0.828591994204150445E-01   -0.153006225269829932E+00   -0.245067902984835079E+00   -0.107682758836619707E+01   -0.385593936906490953E+01   -0.505195633965034840E+01    1
    0.864221111090809485E-01   -0.234636340890136559E+02    0.761472707008929439E+00    0.106186413156743931E+01    0.777047864144670385E-02    0.200019337302388811E+01   -0.207406297137927309E+01   -0.998337717546265435E-01   -0.276185385296663677E+01   -0.229801184561091498E+00   -0.530390835516849971E-01   -0.170792618102733579E+00   -0.245614990761847285E+00   -0.107049759429419900E+01   -0.385502444270751443E+01   -0.507195633965034709E+01    1
    0.857477359722322585E-01   -0.235450538190291390E+02    0.755653274847934320E+00    0.112525090075348344E+01    0.812880375151954493E-02    0.198738157861078890E+01   -0.205975234827059284E+01   -0.106202252926220680E+00   -0.262358866666683532E+01   -0.229529647053108854E+00   -0.524502458002873567E-01   -0.344959654573484098E+00   -0.253872073923423869E+00   -0.101950308260933387E+01   -0.385134564644564525E+01   -0.509195633965034755E+01    1
    0.848608514000979003E-01   -0.235769088785764289E+02    0.760953971671767926E+00    0.110640718636784685E+01    0.811567302339489052E-02    0.199105479142472253E+01   -0.213911680431127804E+01   -0.102815826716870423E+00   -0.281582873062483330E+01   -0.264956693026747403E+00   -0.728128740624947451E-01   -0.272884774341910274E+00   -0.247314045287953865E+00   -0.110043908144128322E+01   -0.385005756138669941E+01   -0.511195633965034979E+01    1
    0.864074453107275126E-01   -0.234550967919020046E+02    0.763596714847287861E+00    0.111995115654079846E+01    0.765652234525353130E-02    0.199771582813724846E+01   -0.171718519149209392E+01   -0.107283274842628201E+00   -0.293028005140518033E+01   -0.217852903066818065E+00   -0.414531255561562603E-01   -0.223929833692358915E+00   -0.246182243013876173E+00   -0.102521416606436011E+01   -0.384999763503725090E+01   -0.513195633965034936E+01    1
    0.857861414048512322E-01   -0.236066241154883691E+02    0.757491010236102102E+00    0.109645806176224370E+01    0.763240392728586469E-02    0.199906574179883889E+01   -0.203841466457893628E+01   -0.100412008581701184E+00   -0.282739432413046377E+01   -0.232732197274090558E+00   -0.579041079627982194E-01   -0.154722672089660951E+00   -0.248482287861735374E+00   -0.107673938806813196E+01   -0.384948755498231288E+01   -0.515195633965034716E+01    1
    0.856191830823111594E-01   -0.236889333960624313E+02    0.771818433459002473E+00    0.110763045354967127E+01    0.823942665350528916E-02    0.198870141843006731E+01   -0.206632280628410658E+01   -0.104100655831874472E+00   -0.276739754312088637E+01   -0.275903979452501946E+00   -0.425903966114148519E-01   -0.240349480647164548E+00   -0.244431685570652729E+00   -0.110713040352675618E+01   -0.384085106142666799E+01   -0.517195633965034318E+01    1
    0.872876210018990600E-01   -0.235969341408663595E+02    0.755885644722250727E+00    0.110930850940464598E+01    0.787767452249886826E-02    0.199281699988772387E+01   -0.182091541307662519E+01   -0.102270951191599971E+00   -0.265483720827014169E+01   -0.250309078867528789E+00   -0.169668391758556400E-01   -0.294356347975956611E+00   -0.249929610707774918E+00   -0.109628620165345003E+01   -0.383848132943721287E+01   -0.519195633965034276E+01    1
    0.822836316949705771E-01   -0.237540057321514908E+02    0.751014644842680101E+00    0.108747689112852797E+01    0.779076154794836311E-02    0.199599894865142224E+01   -0.215543488884974943E+01   -0.106612194423327214E+00   -0.255626064893519356E+01   -0.261807443281262431E+00   -0.298157510477558181E-01   -0.213616764065536091E+00   -0.243560136576181002E+00   -0.106250989358073511E+01   -0.383676472397063639E+01   -0.521195633965034766E+01    1
