    0.183734162267958877E-01    0.140896909582047636E+01    0.633122439123444680E-01   -0.155244434223938512E+02    0.794761275419894608E+00    0.124731836087100678E+01    0.790635661800925121E-02    0.208508063703664570E+01   -0.268055443162516882E+01   -0.933414892216625630E-01   -0.217974746729798197E+01   -0.387674171658747069E+00    0.731080726061194841E-01   -0.346509191851918308E+00   -0.114009441748719603E+00   -0.113790006954948120E+01
    0.182528683824795569E-01    0.138213431646874629E+01    0.564815635521259962E-01   -0.155776815378411477E+02    0.806611087656085690E+00    0.109796277305942480E+01    0.791294437545870394E-02    0.207935077777976707E+01   -0.271078755943652361E+01   -0.945003168081100797E-01   -0.322823506417495132E+01   -0.346132021266690459E+00   -0.116572805158317340E-01   -0.438402167519145458E+00   -0.114441160977127726E+00   -0.115080031980193187E+01
    0.179071879783479666E-01    0.138037440455474125E+01    0.581333652936189132E-01   -0.155212119391038250E+02    0.810967546608650447E+00    0.127521200338797946E+01    0.803501459093784731E-02    0.208531034480879329E+01   -0.271316420650908752E+01   -0.703832923901603347E-01   -0.220282859424798660E+01   -0.447951330728354413E+00    0.468190777424104532E-01   -0.330052043157059494E+00   -0.177297770579474823E+00   -0.113427944217927057E+01
    0.175757908723146866E-01    0.137773392204789080E+01    0.645126813175145725E-01   -0.155528034465176521E+02    0.781433163704949196E+00    0.116058264865035077E+01    0.794098547689525008E-02    0.208349366420596915E+01   -0.272360153119019666E+01   -0.612909036358147072E-01   -0.356513970092982868E+01   -0.314232070705921573E+00    0.736563946552930421E-01   -0.388486390718848162E+00   -0.963413979200421489E-01   -0.115808717582484233E+01
    0.172723052805594003E-01    0.137257005923451314E+01    0.592694307740467552E-01   -0.156410053276548808E+02    0.793036801071504982E+00    0.107947112973887371E+01    0.809954832383331762E-02    0.209244485304128691E+01   -0.275839386173843693E+01   -0.687615973512988726E-01   -0.935772141638169686E+00   -0.317045129315527974E+00   -0.403574175826856285E-01   -0.352929580062167791E+00   -0.156972971436214859E+00   -0.114764513821464242E+01
    0.171228344126597085E-01    0.134995295811696514E+01    0.582537562585336080E-01   -0.156865672708553436E+02    0.788175569978628143E+00    0.115557422729255843E+01    0.823350248286331722E-02    0.207402952325729650E+01   -0.271251985881647828E+01   -0.125149744910304700E+00   -0.490063702480904428E+01   -0.300143979388381166E+00   -0.298536740470331866E-01   -0.340831707215646373E+00   -0.190983980404410253E+00   -0.114618800832741741E+01
    0.168190194916635304E-01    0.134575807780679746E+01    0.575367578401786567E-01   -0.156325698551512229E+02    0.802687992045815646E+00    0.114012572052444372E+01    0.815629543286638600E-02    0.208019258394404272E+01   -0.271237409265268559E+01   -0.865591288872463865E-01   -0.318850158666666594E+01   -0.355069957087199906E+00    0.354504741333713860E-01   -0.401014529799621711E+00   -0.193942905929124776E+00   -0.114619539496282430E+01
    0.164873047151475847E-01    0.134559744800155445E+01    0.633317872904213403E-01   -0.155694750563108251E+02    0.792199002836409316E+00    0.115525398620532949E+01    0.818071631280799932E-02    0.208044007791847863E+01   -0.271587219433445348E+01   -0.112250386554024098E+00   -0.276123426628181967E+01   -0.401189832324942486E+00   -0.297728116594505373E-02   -0.354944447328581714E+00   -0.175585819054200842E+00   -0.114719609371677800E+01
    0.162045951438270636E-01    0.134018908936971015E+01    0.630095871557798948E-01   -0.155121939753480369E+02    0.785023091466611755E+00    0.113047809261774734E+01    0.812228385958363268E-02    0.208570118511091440E+01   -0.272092694371863919E+01   -0.459965239345854759E-01   -0.318072934224014192E+01   -0.341785081759049314E+00   -0.369449549401391769E-01   -0.423616861776764997E+00   -0.131102503760480882E+00   -0.114562779685648031E+01
    0.158921318948584550E-01    0.133913052037513203E+01    0.635847931986078252E-01   -0.155585311828278865E+02    0.803071592058318462E+00    0.119986453500676205E+01    0.787010423597714857E-02    0.207793279259250019E+01   -0.273571463139366333E+01   -0.595882247201978063E-01   -0.223115316096895810E+01   -0.409717495998306702E+00   -0.840204463171639535E-02   -0.339208656011685761E+00   -0.665182397121355656E-01   -0.115203701505000211E+01
    0.156961206660818330E-01    0.132395161413123463E+01    0.604387862846273854E-01   -0.154191717944460525E+02    0.781267870658525321E+00    0.115168120475983105E+01    0.824486553165797685E-02    0.208822200707729921E+01   -0.274372832772477215E+01   -0.590489880599311401E-01   -0.494876177239025772E+01   -0.357145020126836854E+00   -0.946641870921207940E-01   -0.350941978028024404E+00   -0.198095081450311572E+00   -0.114510849673720738E+01
    0.153920290539573488E-01    0.132307923206534483E+01    0.564976992745032797E-01   -0.157096726055440996E+02    0.806169014937687334E+00    0.117980665469793733E+01    0.804646859171761174E-02    0.207490614271811058E+01   -0.273085515038601212E+01   -0.432294798666461588E-01   -0.198828885210691286E+01   -0.394057411261501844E+00    0.339885750801149564E-01   -0.390903358417591551E+00   -0.137337355274799622E+00   -0.114574371434526956E+01
    0.151132173095041740E-01    0.131963943618434421E+01    0.575601430761728886E-01   -0.157051625759848079E+02    0.793792455608711256E+00    0.119804571594638265E+01    0.826959898287192574E-02    0.207680193447063521E+01   -0.272188326122783275E+01   -0.841317052408827176E-01   -0.204824404139221805E+01   -0.325387392847637069E+00    0.523726118639178569E-02   -0.306927882032020927E+00   -0.178201687291869026E+00   -0.113445399929934876E+01
    0.148720563412940345E-01    0.131181071745875810E+01    0.575308975240234402E-01   -0.154923544643733813E+02    0.781193281433636533E+00    0.110627762319077361E+01    0.793760439563363611E-02    0.208844324529525327E+01   -0.272173037676142027E+01   -0.661809941838739368E-01   -0.322089752436151100E+01   -0.410631745605900988E+00    0.217064649408055211E-03   -0.380181738241653799E+00   -0.113799418032142191E+00   -0.114616267114399584E+01
    0.145871647375369149E-01    0.131049476613271976E+01    0.609972531745047522E-01   -0.156633092542733632E+02    0.804055316922853591E+00    0.113767588696171895E+01    0.818383759375145188E-02    0.208083183822370543E+01   -0.276020263458623294E+01   -0.818194684482967116E-01   -0.200308764998141431E+01   -0.393441453317989909E+00   -0.232529800471168342E-01   -0.299500090465054769E+00   -0.203670016350304378E+00   -0.115129615911923189E+01
    0.143715290900638896E-01    0.130028058926221846E+01    0.574814930001174076E-01   -0.157023944827108348E+02    0.788920536615069001E+00    0.114525567637649828E+01    0.791089359659529964E-02    0.205950751023428058E+01   -0.274515323022851065E+01   -0.638773969388627683E-01   -0.240344765679648154E+01   -0.344727293491325026E+00    0.827100731111647808E-01   -0.322456393737882374E+00   -0.192042746223422739E+00   -0.115719115791635141E+01
    0.141694107513385646E-01    0.128860785791222576E+01    0.626836398529100058E-01   -0.156389707852795414E+02    0.793925189222261518E+00    0.116525136543536068E+01    0.787500348227807012E-02    0.207615745554045850E+01   -0.270967544842144070E+01   -0.754208344875945541E-01   -0.348221195816167217E+01   -0.349635060232603323E+00    0.804336733120354919E-01   -0.357451357522788227E+00   -0.106450651092669379E+00   -0.114134161724155492E+01
    0.138997312789903866E-01    0.128703978010476949E+01    0.620951662579936614E-01   -0.156119177398761888E+02    0.800215741829474414E+00    0.119621427526095725E+01    0.804442640384297331E-02    0.207842151933469754E+01   -0.272195358622306616E+01   -0.572567893179128859E-01   -0.174740387046129153E+01   -0.351521906093906711E+00   -0.796265020141484481E-02   -0.339034646345783786E+00   -0.892752457409090316E-01   -0.114666825570430486E+01
    0.136299297864428699E-01    0.128624260651683575E+01    0.572012867966124605E-01   -0.159262821753993826E+02    0.793575720274803942E+00    0.117080813429431352E+01    0.811807440853559020E-02    0.206822515722290223E+01   -0.270572036700636209E+01   -0.490843525806549316E-01   -0.273046546785323763E+01   -0.377508302070916624E+00    0.186474342862722325E-01   -0.373898218913361780E+00   -0.147361790361231343E+00   -0.113857554574265873E+01
    0.133953247929418286E-01    0.128096729505211715E+01    0.597362629899572603E-01   -0.158479848337487450E+02    0.784502730124767567E+00    0.118569465182137801E+01    0.799205520746393283E-02    0.209023154740201278E+01   -0.275948618425205749E+01   -0.802699844760701026E-01   -0.436833737131277910E+01   -0.334998437866256937E+00   -0.187267907877058451E-01   -0.379114201106397042E+00   -0.779563627251163571E-01   -0.114028209525430890E+01
    0.131346916096993765E-01    0.128026490641801516E+01    0.610953541041399234E-01   -0.154747040149098769E+02    0.778988354595420485E+00    0.115588880181560949E+01    0.790878851139643728E-02    0.207902386605592326E+01   -0.275725416967757608E+01   -0.914846344620758450E-01   -0.397980579593598449E+01   -0.366811134696820806E+00   -0.362712164055661937E-01   -0.450129130733093130E+00   -0.122092308762780724E+00   -0.114250028635387513E+01
    0.128998774013800895E-01    0.127634318000388114E+01    0.640082624520059984E-01   -0.155842441153513747E+02    0.807169493826729867E+00    0.111645887657572129E+01    0.809979635961931115E-02    0.206924124613931726E+01   -0.272985847074816768E+01   -0.563413671757117263E-01   -0.412140848737685328E+01   -0.397068216170997301E+00    0.109878784094189809E-01   -0.398146985267110787E+00   -0.139900576448970554E+00   -0.114899788108710843E+01
    0.126512188405646462E-01    0.127527167198115210E+01    0.591250488685945291E-01   -0.157549280174958390E+02    0.794336140518081213E+00    0.113854342191746882E+01    0.841138521166799949E-02    0.208651158263316105E+01   -0.274880498184750710E+01   -0.813798858611941150E-01   -0.473109922023035523E+01   -0.289078568974341088E+00    0.302851473544845165E-01   -0.411299660731622607E+00   -0.122092468885305935E+00   -0.114278405755545731E+01
    0.124104603101143195E-01    0.127369941431235234E+01    0.581265302984936630E-01   -0.157581995047426524E+02    0.801208533287394720E+00    0.122261259731622540E+01    0.810636556455602078E-02    0.207378233051132854E+01   -0.272302262882849044E+01   -0.574482416674034491E-01   -0.308411686221012271E+01   -0.312381767894047702E+00    0.171081484004782756E-01   -0.417990898969016256E+00   -0.121350446947310286E+00   -0.115525302116909967E+01
    0.121665038107301848E-01    0.127340562228820597E+01    0.577469795284982559E-01   -0.156786246261624029E+02    0.774069408049679275E+00    0.117863399723784901E+01    0.817928321793742405E-02    0.206148249285222240E+01   -0.272127335410745141E+01   -0.517652877326034572E-01   -0.297903135539544994E+01   -0.366341059311553530E+00    0.402798236759490669E-01   -0.380676016775999493E+00   -0.197598122881832122E+00   -0.115378159058061569E+01
    0.119411385867568033E-01    0.127079987022496743E+01    0.579099966643083844E-01   -0.157023564508881535E+02    0.783067602270784202E+00    0.114692137897096558E+01    0.827144971189143138E-02    0.208769734055290712E+01   -0.273145983799111391E+01   -0.103309688863418625E+00   -0.459930585399227443E+01   -0.312974965984514686E+00    0.445062203637388611E-02   -0.376252620963386131E+00   -0.122106901313639812E+00   -0.114896851873471850E+01
    0.117160361036435842E-01    0.126886177405457068E+01    0.609805824302528041E-01   -0.156065251234660387E+02    0.793896667528234734E+00    0.112597110134739165E+01    0.797099892476431197E-02    0.207519711431842202E+01   -0.271770642581858413E+01   -0.779380408717092327E-01   -0.300408601717833701E+01   -0.359105117185018863E+00    0.214347503596697738E-02   -0.379032502460830978E+00   -0.853343912996553516E-01   -0.114438331017953576E+01
    0.114951507608867069E-01    0.126692824816326732E+01    0.610309823097287540E-01   -0.155857903128585971E+02    0.794888730402947830E+00    0.111171156107149782E+01    0.809839984670545666E-02    0.206409405591742434E+01   -0.270874163519896793E+01   -0.573700213538506781E-01   -0.505937248761834724E+01   -0.311024880774894263E+00    0.633423604582832468E-02   -0.396750187716643943E+00   -0.141629585389981522E+00   -0.114101181314051581E+01
    0.112963046105477357E-01    0.126182750187380432E+01    0.604011405162062295E-01   -0.156618786605589744E+02    0.782082438792248591E+00    0.105363393143435724E+01    0.805888946364758697E-02    0.208332796802406817E+01   -0.272124727306726699E+01   -0.516322832222716466E-01   -0.266794687910957240E+01   -0.391764706118074846E+00   -0.760509427515136949E-01   -0.382500902748333260E+00   -0.109105298604490281E+00   -0.114297708250132524E+01
    0.110752638201224805E-01    0.126135052135583825E+01    0.607206991764171686E-01   -0.156497283093371991E+02    0.787428808561436711E+00    0.102791556286238617E+01    0.824961784260574461E-02    0.206309589957917883E+01   -0.271472048640015728E+01   -0.657154921830844785E-01   -0.412062631504567811E+01   -0.382746304955507100E+00   -0.658960231494874933E-02   -0.398416053172726270E+00   -0.156525954205612300E+00   -0.114256631898247507E+01
    0.108565101274589910E-01    0.126124897151330795E+01    0.607442397022647310E-01   -0.156338841077336639E+02    0.800407301462439991E+00    0.120094885609903956E+01    0.799645334037221885E-02    0.206504144426371283E+01   -0.275623796363502072E+01   -0.493131861208452038E-01   -0.284995265830204580E+01   -0.283199734015679161E+00    0.112414049806575239E-01   -0.455515229089668461E+00   -0.972650920231628302E-01   -0.112690819057184721E+01
    0.106422906529412779E-01    0.126110729976450409E+01    0.586161532704193855E-01   -0.157396355216992951E+02    0.773087489302255793E+00    0.113433596376675072E+01    0.773841765086092509E-02    0.208574302604977246E+01   -0.271912574915919292E+01   -0.810989052103263108E-01   -0.196517775469613531E+01   -0.333438853334270868E+00    0.510546712448221689E-02   -0.401246979546042215E+00   -0.128021928239941601E+00   -0.115259622220953850E+01
    0.104407196723036895E-01    0.125935176669613624E+01    0.604707899643388003E-01   -0.156202985777691463E+02    0.791873462010132645E+00    0.116897568700045107E+01    0.824378638007869022E-02    0.207200472849939921E+01   -0.270513072577908709E+01   -0.908321402496211905E-01   -0.279872116725741016E+01   -0.371221392011775730E+00   -0.392162567570671361E-01   -0.374527310384799306E+00   -0.137395549503285558E+00   -0.115956618066806860E+01
    0.102425449560334825E-01    0.125767855592018307E+01    0.594241421296094474E-01   -0.156882406189246186E+02    0.793952146968386563E+00    0.108393816414301525E+01    0.805079891732131230E-02    0.207559733803411017E+01   -0.274318474448149185E+01   -0.788021389539532713E-01   -0.255532482536920025E+01   -0.423055689214588526E+00    0.752318069884149506E-02   -0.392313677531603289E+00   -0.975163140828438357E-01   -0.113432820576675941E+01
    0.100467530857230713E-01    0.125627978259619399E+01    0.611276965699712738E-01   -0.157314113636254955E+02    0.790853165323610163E+00    0.117434839108427425E+01    0.799237432123016574E-02    0.208055538888186886E+01   -0.270771674376579385E+01   -0.658514114764162939E-01   -0.337954403303480522E+01   -0.428676150209458706E+00    0.736960662200840475E-02   -0.379614746207774245E+00   -0.162122732026926675E+00   -0.113855665335739609E+01
    0.984813276372470923E-02    0.125621505495217067E+01    0.593253185481827650E-01   -0.157514050879095606E+02    0.795816191626557812E+00    0.107935666888735882E+01    0.791935954059518055E-02    0.206997288987472450E+01   -0.271451643967083989E+01   -0.244480259054024873E-01   -0.428856139358616772E+01   -0.431267526043807692E+00    0.287683633872420144E-01   -0.376515471299318893E+00   -0.474595720841753665E-01   -0.112738660114663625E+01
    0.966896892859245120E-02    0.125293543913406658E+01    0.613640095643809488E-01   -0.156660007197476467E+02    0.777554403993826693E+00    0.115085605024502380E+01    0.795073811565959014E-02    0.206898742279181747E+01   -0.272132673061079977E+01   -0.926930209884072875E-01   -0.476937034254831005E+01   -0.328940790595210475E+00   -0.495269393423771950E-02   -0.375214865887736504E+00   -0.177187663070575818E+00   -0.113106437319166342E+01
    0.948773996042353782E-02    0.125077792576451174E+01    0.568076716291426101E-01   -0.157155124793002265E+02    0.793793339996708647E+00    0.115302089329746638E+01    0.814155104629113099E-02    0.208463088683273767E+01   -0.272486940765802688E+01   -0.318130680151216816E-01   -0.401014836831351928E+01   -0.368840964959344653E+00    0.368392343105185607E-01   -0.346250335126720488E+00   -0.154871497938908365E+00   -0.114790101349220830E+01
    0.930580545048679750E-02    0.124950190033272768E+01    0.589460281759644836E-01   -0.155570921495622940E+02    0.789633408414261773E+00    0.126892575091964366E+01    0.825803796398567533E-02    0.207813034350426173E+01   -0.272592931207757028E+01   -0.638362019566354744E-01   -0.268889429000869784E+01   -0.354971053974017736E+00    0.199499825141451516E-01   -0.397512173287037751E+00   -0.139103281052460143E+00   -0.113986063206475219E+01
    0.913444076207833161E-02    0.124667485771481301E+01    0.646451024814820863E-01   -0.155227897161917419E+02    0.794806338023890335E+00    0.114423267433223375E+01    0.814965125779355121E-02    0.207110509385502084E+01   -0.271781817224637612E+01   -0.217049973686352232E-01   -0.941960356485684880E+00   -0.372203783791341336E+00   -0.356774469303459685E-01   -0.330534727593461475E+00   -0.153872862247674269E+00   -0.114888110297508383E+01
    0.895424549572521045E-02    0.124652324135225712E+01    0.618875817484061536E-01   -0.156549410341939073E+02    0.782937622930988231E+00    0.115471962960432517E+01    0.818269347875588693E-02    0.207615767549957475E+01   -0.273601681586635959E+01   -0.860800537028602319E-01   -0.302473370589443258E+01   -0.411115420773977780E+00   -0.508952312941440416E-01   -0.395447786329885420E+00   -0.143556836235838675E+00   -0.112536515311545382E+01
    0.877823977936620717E-02    0.124622698143466826E+01    0.598384890050179807E-01   -0.154945520074614898E+02    0.771954497075111767E+00    0.117481193557834618E+01    0.828730920490329537E-02    0.208983202029586757E+01   -0.273330720541691718E+01   -0.533370388783989749E-01   -0.311432152672795981E+01   -0.334744219713201618E+00    0.747452825235223051E-01   -0.451988271682403187E+00   -0.162125595325231131E+00   -0.114183975717828634E+01
    0.860486989731872390E-02    0.124612217486920862E+01    0.579095930033015349E-01   -0.156344594499067444E+02    0.785133703178242492E+00    0.123157966580721356E+01    0.823873449326594821E-02    0.207408715386833409E+01   -0.273752575883149296E+01   -0.610263003939989293E-01   -0.412783848238848883E+01   -0.334261041724071895E+00   -0.464912858091839493E-01   -0.335711329058276609E+00   -0.149086487785971472E+00   -0.115056141072830442E+01
    0.844238509614779475E-02    0.124424906907900423E+01    0.588920341634931663E-01   -0.157664289851095720E+02    0.793380596042000841E+00    0.100109406007600477E+01    0.806830075666574789E-02    0.206711012844464781E+01   -0.270527483618577724E+01   -0.430411002534005355E-01   -0.388393556566560516E+01   -0.408752698852887952E+00   -0.186338493755376158E-01   -0.330671039665112465E+00   -0.128494309342651852E+00   -0.115207635699724209E+01
    0.828102609689296623E-02    0.124284502418151832E+01    0.613488680776004131E-01   -0.156683071859521394E+02    0.774996141011142559E+00    0.112479708026213610E+01    0.785456454063784663E-02    0.207900737107951050E+01   -0.274298937274102217E+01   -0.614287165342259217E-01   -0.204330822648298938E+01   -0.358475338515076125E+00    0.460912793469082753E-02   -0.374942939109664031E+00   -0.141183238966899521E+00   -0.113832136255951766E+01
    0.812006247830253033E-02    0.124210309807839736E+01    0.582019336801246137E-01   -0.156666006739786141E+02    0.785235578166113002E+00    0.999597693523284869E+00    0.810468851449558901E-02    0.206742158970018108E+01   -0.272394541634036047E+01   -0.542066592274515202E-01   -0.301035524420984801E+01   -0.348323100722485179E+00    0.334071455358461306E-01   -0.346094800299263983E+00   -0.992437937012446286E-01   -0.114056710939343420E+01
    0.795978626984196469E-02    0.124197449716394259E+01    0.612485706988751891E-01   -0.155672098707710997E+02    0.792762929672205741E+00    0.109208556967834580E+01    0.804925318486388736E-02    0.206818411146041425E+01   -0.273087038038021568E+01   -0.706780339599359098E-01   -0.170805384467004395E+01   -0.395552653879309712E+00   -0.590384534835949326E-01   -0.390453240450767514E+00   -0.991429891084107673E-01   -0.115724542514152806E+01
    0.781142206591959806E-02    0.123960473514938108E+01    0.607206475050598576E-01   -0.157696383395549731E+02    0.794958713414676166E+00    0.117855110026847520E+01    0.803674007410062029E-02    0.207737775277357040E+01   -0.272717216533068019E+01   -0.775947645880974840E-01   -0.336821030171225733E+01   -0.341901466024455591E+00    0.761889711474866560E-01   -0.377708572267006604E+00   -0.137094028684708491E+00   -0.114463937092579626E+01
    0.765734640109397464E-02    0.123944779330970678E+01    0.594517964412295957E-01   -0.156332257013925311E+02    0.787395909839006092E+00    0.114529852391309084E+01    0.787111681893492773E-02    0.207697380012270916E+01   -0.274840592211418988E+01   -0.580746907660348866E-01   -0.433560322992617930E+01   -0.396050977617874722E+00    0.221771645710308329E-01   -0.356573101635828504E+00   -0.137141394120828486E+00   -0.112277840709720911E+01
    0.750724156177505573E-02    0.123904260255715437E+01    0.586160096106577849E-01   -0.156043010715788348E+02    0.790646105459189674E+00    0.125702138092747906E+01    0.815388401230141523E-02    0.207920855957480510E+01   -0.274209535484276712E+01   -0.624819525284174559E-01   -0.283392548105100905E+01   -0.385857662752992048E+00    0.568951168303829594E-01   -0.380908944968538721E+00   -0.127841370283759109E+00   -0.113685772105906646E+01
    0.736073988698245692E-02    0.123845788348926078E+01    0.564816611994660434E-01   -0.155435579695183534E+02    0.781583911254398189E+00    0.128564611939071116E+01    0.802579252630690812E-02    0.208008996686746483E+01   -0.272342484998172951E+01   -0.541704533505780739E-01   -0.264031917209673095E+01   -0.386074957214306957E+00   -0.346074240803825317E-01   -0.408278562114416765E+00   -0.901076031882356576E-01   -0.114852837391915097E+01
    0.721519080062109786E-02    0.123840152137343318E+01    0.606726348353881575E-01   -0.155185847753741601E+02    0.787386433858449419E+00    0.119948685166273594E+01    0.788215316785694127E-02    0.207856346598182951E+01   -0.276204779563841507E+01   -0.447178075042538037E-01   -0.479566022821717119E+01   -0.369801381126079243E+00    0.437576357033761659E-01   -0.354271649278539047E+00   -0.149662322694527922E+00   -0.116283513037624298E+01
    0.707925371914804816E-02    0.123644180461095865E+01    0.566827077450933262E-01   -0.157690670420060925E+02    0.775484008070081110E+00    0.109783865987369533E+01    0.825851754030772732E-02    0.207291477020793691E+01   -0.272660017583314884E+01   -0.825033237998302610E-01   -0.408808840165841136E+01   -0.341777036848164073E+00    0.119013859756920710E-02   -0.372878542705293914E+00   -0.134472295672555670E+00   -0.115240576366951597E+01
    0.694460557066096940E-02    0.123484843248653564E+01    0.567908514082205509E-01   -0.156505183503075145E+02    0.786697582603471113E+00    0.125877391343271183E+01    0.793716905318052682E-02    0.207782356097224019E+01   -0.273026446494004915E+01   -0.651353687129502396E-01   -0.310817673942596651E+01   -0.400707116499001093E+00   -0.508625129181175667E-01   -0.389011736066943503E+00   -0.107342079506893659E+00   -0.114201736173639357E+01
    0.681077035808709194E-02    0.123376832438614237E+01    0.580848826858449130E-01   -0.156742530034333711E+02    0.772624703869792429E+00    0.117936153926511134E+01    0.806154405950434624E-02    0.207497097796807362E+01   -0.270343626689760885E+01   -0.992705763437688460E-01   -0.222281158633892373E+01   -0.376997297557362498E+00   -0.523071214869983772E-01   -0.387388249814659080E+00   -0.120442555474006383E+00   -0.114370630357152248E+01
    0.667700535678390251E-02    0.123343962081189806E+01    0.610495000077037331E-01   -0.156833612570676557E+02    0.788944602613174784E+00    0.117099889636054333E+01    0.799509490588508689E-02    0.207272040913971800E+01   -0.273638931650967088E+01   -0.747361702290307850E-01   -0.325076883118847748E+01   -0.358991725927969740E+00    0.204413422992168470E-01   -0.368725721922577576E+00   -0.143539747835200099E+00   -0.112634221594851613E+01
    0.654622327794036635E-02    0.123300222598598919E+01    0.561951678777428548E-01   -0.156792707011836683E+02    0.789082797558843363E+00    0.122366735562754303E+01    0.790705489953815593E-02    0.208093927115420740E+01   -0.272160742560105762E+01   -0.500941469110556259E-01   -0.352335730446051976E+01   -0.393529227625414646E+00   -0.539982192648313167E-01   -0.375087044051723328E+00   -0.152496946177906406E+00   -0.115406048996586730E+01
    0.641884888713367945E-02    0.123230119399884708E+01    0.609098285106316542E-01   -0.157866185587039514E+02    0.778467833557938915E+00    0.109006402342708042E+01    0.810320336432836241E-02    0.208101611675799836E+01   -0.271981168541902596E+01   -0.728548324268838421E-01   -0.388963515956979045E+01   -0.348174937129782147E+00    0.386449521230119095E-01   -0.411552976287902106E+00   -0.155608377171920609E+00   -0.114272624712473347E+01
    0.629866843120056603E-02    0.123010229324904530E+01    0.579720312383567513E-01   -0.157124878884488997E+02    0.787147764633275404E+00    0.116808584993952924E+01    0.792687049427961109E-02    0.207804478943787663E+01   -0.274864429572962043E+01   -0.830232623041672058E-01   -0.351170739777600094E+01   -0.365658891014196186E+00    0.552638846326139205E-02   -0.388593993025546203E+00   -0.116476310845900363E+00   -0.114228512772460777E+01
    0.637285272228237977E-02    0.120655105069929580E+01    0.604918933360575478E-01   -0.156979260910828078E+02    0.774367159367131630E+00    0.117865499099852866E+01    0.813357618674453650E-02    0.206372407313619233E+01   -0.274040736875141056E+01   -0.868617279844795531E-01   -0.209129680531466944E+01   -0.369417882036804535E+00   -0.148889762796872820E-01   -0.368600457776465606E+00   -0.105813140709919845E+00   -0.116203352810891558E+01
    0.658268840325350758E-02    0.114175899592028629E+01    0.641275500508014101E-01   -0.156421844560351868E+02    0.777419121568668881E+00    0.135907008464150802E+01    0.814216622790100639E-02    0.207776337030940494E+01   -0.272981761388781408E+01   -0.585122091257541249E-01   -0.268518323449226415E+01   -0.434300581632069416E+00    0.446909481610876722E-03   -0.363857825532859780E+00   -0.144104163228177595E+00   -0.114720327379382048E+01
    0.632404392126324245E-02    0.122192773456642922E+01    0.635967026705196586E-01   -0.156422951619596624E+02    0.791680013463738286E+00    0.122224101530902152E+01    0.812960841447486586E-02    0.206955969956741459E+01   -0.273808070273860116E+01   -0.755833423025719792E-01   -0.134136285933738031E+01   -0.336937173250782318E+00   -0.148826214917710357E-01   -0.329116094380780100E+00   -0.140849984322966110E+00   -0.115309164159717414E+01
    0.632587137232797428E-02    0.122134988055396221E+01    0.617225378831367452E-01   -0.157129407735442364E+02    0.793060289987616462E+00    0.123202280323261104E+01    0.825805432736190399E-02    0.207787809067015861E+01   -0.269653226141669977E+01   -0.565812546321922058E-01   -0.301221909115485253E+01   -0.411308549774647481E+00    0.118450140793190037E-01   -0.398283798665656330E+00   -0.130634898544763012E+00   -0.113748702373324795E+01
    0.630898158342748597E-02    0.122669693097708832E+01    0.616100940142879430E-01   -0.157435170438725933E+02    0.787441863620501947E+00    0.120042890462684726E+01    0.804612848545560588E-02    0.207867652649682455E+01   -0.272200805055205075E+01   -0.697397165464665458E-01   -0.230692476887824949E+01   -0.348073121937331698E+00    0.173352215599374519E-01   -0.338431624622848037E+00   -0.197917905477092870E+00   -0.115102285837778706E+01
    0.631079916741213512E-02    0.122612082461419525E+01    0.609187953533406670E-01   -0.157054921992641390E+02    0.784685560682151562E+00    0.119845316487261910E+01    0.836520366763917299E-02    0.208544102429138167E+01   -0.276153335105923370E+01   -0.863005629395570129E-01   -0.286436477982565396E+01   -0.367624728938328815E+00    0.144135298043895146E-01   -0.409549107210997798E+00   -0.136258405602885047E+00   -0.114665743569941081E+01
    0.635398681102553129E-02    0.121248054325754318E+01    0.612037363898269432E-01   -0.157416655104084384E+02    0.790942456864276888E+00    0.107299406992609225E+01    0.798392528119607446E-02    0.206873385939643040E+01   -0.276663125209010330E+01   -0.553501837971360003E-01   -0.211454210781665930E+01   -0.267085424283377892E+00   -0.276899521154435439E-01   -0.377899905382515056E+00   -0.214245413945786389E+00   -0.115215159793365363E+01
    0.635685401625920524E-02    0.121157825667516428E+01    0.623796520376482186E-01   -0.156078292230427476E+02    0.779237644521750483E+00    0.124015061332846255E+01    0.802723530787858089E-02    0.206718372829702579E+01   -0.272657712493084015E+01   -0.900838665726643173E-01   -0.291953498712903858E+01   -0.345960312093815725E+00   -0.180028553438444337E-01   -0.440072226320834092E+00   -0.122506696214946906E+00   -0.113842109849256046E+01
    0.637080200883903894E-02    0.120719473212485551E+01    0.634593831037170569E-01   -0.158006049074216648E+02    0.779086274952704105E+00    0.121210910091198265E+01    0.790715956846635599E-02    0.206814496847280482E+01   -0.272015997839714352E+01   -0.699141570040509031E-01   -0.301271451103572341E+01   -0.343085259534482157E+00   -0.543651654324315940E-02   -0.327365192568130681E+00   -0.102769999916380958E+00   -0.114688406712825830E+01
    0.635562716982478442E-02    0.121196428562427982E+01    0.644660603675070443E-01   -0.157912223095461766E+02    0.795496198726043824E+00    0.129024208808238794E+01    0.803354931411143051E-02    0.206919569426956773E+01   -0.274730772247533084E+01   -0.714364756682694113E-01   -0.219077828086280002E+01   -0.379568715305336701E+00   -0.718799270887677307E-02   -0.348637332273828648E+00   -0.652387505177505767E-01   -0.115435172448306322E+01
    0.634053713068750274E-02    0.121671849197693183E+01    0.627543110331231918E-01   -0.158104204641203587E+02    0.798548945230528662E+00    0.122166563990495525E+01    0.795858642944662596E-02    0.206808465400342545E+01   -0.274534278530489573E+01   -0.532551287065517603E-01   -0.152175554552940895E+01   -0.372654968128494746E+00    0.241248969923069587E-01   -0.368807949794931256E+00   -0.816071992947709768E-01   -0.116135819291476916E+01
    0.648300854280348289E-02    0.117227609572361979E+01    0.636604067962290715E-01   -0.157475868864030026E+02    0.774825600940292625E+00    0.125967575412249921E+01    0.824283568454160266E-02    0.207305399479325470E+01   -0.273639923478123581E+01   -0.661342719756736475E-01   -0.284433987897802565E+01   -0.321655550813800095E+00   -0.151323602639624288E-02   -0.329992795281776274E+00   -0.120095237896371970E+00   -0.114007545475672001E+01
    0.629915714260611062E-02    0.122981378843661893E+01    0.621651636101763147E-01   -0.157641005625190171E+02    0.787444961845658153E+00    0.122372412407124531E+01    0.798641055205049667E-02    0.207695727695870236E+01   -0.273647138817880364E+01   -0.839886647551100346E-01   -0.415944776502606395E+01   -0.365755982195181739E+00   -0.196383592194212496E-01   -0.431785716890879079E+00   -0.119406747522393997E+00   -0.114231823626906959E+01
    0.631143284252383072E-02    0.122592001223434677E+01    0.648349429592106896E-01   -0.157196367510990402E+02    0.778235122468434515E+00    0.114643025536399690E+01    0.812290065291649405E-02    0.207141384611126300E+01   -0.271908397834036419E+01   -0.707222006861189800E-01   -0.384295904466092031E+01   -0.376257894110696434E+00   -0.253057728614799402E-01   -0.393480618592181530E+00   -0.180869525386428198E+00   -0.116136503882497211E+01
    0.634276924989955922E-02    0.121601453697714779E+01    0.603515545833351735E-01   -0.156738053272787692E+02    0.785591864221056091E+00    0.117141540813444545E+01    0.811857099359525498E-02    0.207032637498349459E+01   -0.272716261302777374E+01   -0.819883292278263259E-01   -0.244369042291109873E+01   -0.408519580323750853E+00    0.147098215149241542E-02   -0.361356623872643001E+00   -0.118825433465319263E+00   -0.115398398056966278E+01
    0.641283406104960381E-02    0.119404285469450255E+01    0.604455202983127313E-01   -0.157685408961770257E+02    0.780920499342204644E+00    0.108763477598875413E+01    0.817911498655155000E-02    0.207103256352015519E+01   -0.273564454039823080E+01   -0.562211296670059174E-01   -0.303634988526302996E+01   -0.321972588404200288E+00    0.707906625884070165E-02   -0.367730026547549216E+00   -0.176406571013096092E+00   -0.113708351262356722E+01
    0.630892802467794816E-02    0.122671390962131643E+01    0.606973034900194081E-01   -0.154415188698828523E+02    0.783617928958896814E+00    0.108661297000572432E+01    0.777866707123970290E-02    0.206798355596732186E+01   -0.272569274842054599E+01   -0.559569072209578008E-01   -0.215693545150791266E+01   -0.410638362405735757E+00    0.301694222078478513E-01   -0.425317153991557284E+00   -0.157688917402959095E+00   -0.116135515950584400E+01
    0.632793538720087100E-02    0.122069742396744174E+01    0.583489080840126975E-01   -0.156947243211616456E+02    0.781566209499953035E+00    0.109740842008026251E+01    0.793630168390097555E-02    0.207229385025337587E+01   -0.272029269455824751E+01   -0.668289105733813338E-01   -0.224820739833474281E+01   -0.360614345439749684E+00    0.230192071460138085E-01   -0.439940305664249853E+00   -0.371661367473044568E-01   -0.114144352002204608E+01
    0.639358372204989426E-02    0.120005557544898411E+01    0.604074361980550950E-01   -0.157661496502008571E+02    0.771100586136466148E+00    0.116733987625634206E+01    0.810168376260140405E-02    0.208100318757737135E+01   -0.272195478636428723E+01   -0.514710011973422144E-01   -0.521931629528901908E+01   -0.403227121687006140E+00    0.321953307008263773E-01   -0.386940201301299969E+00   -0.482764351947048420E-01   -0.114811040300619616E+01
    0.646282089624356827E-02    0.117851367610222235E+01    0.599893215103204577E-01   -0.156475392355551364E+02    0.772821282080962457E+00    0.114340057162101405E+01    0.828137174035540637E-02    0.207220226337954694E+01   -0.272909731393211130E+01   -0.515328998956436773E-01   -0.365501695399875270E+01   -0.375809045764155636E+00   -0.892870841917162671E-02   -0.422712322601795643E+00   -0.805863284173500144E-01   -0.114359790782595039E+01
    0.631895869159713758E-02    0.122353660236343864E+01    0.616015418626724570E-01   -0.155492372756391077E+02    0.783832843116556988E+00    0.102814397459723272E+01    0.782913140780675670E-02    0.206537987747089113E+01   -0.273971326861680975E+01   -0.562804969045988465E-01   -0.208812484428627165E+01   -0.298623819078902675E+00   -0.557751292211864508E-01   -0.432674699977223243E+00   -0.122966932601284773E+00   -0.113855970581818111E+01
    0.635546418582234700E-02    0.121201557437609053E+01    0.629408228170019457E-01   -0.155375033413857047E+02    0.773986111977026492E+00    0.120243380161504931E+01    0.811131306030755429E-02    0.208014611538051097E+01   -0.273479766343615527E+01   -0.878345485575635770E-02   -0.374832959101796437E+01   -0.319127270711607347E+00    0.540507922609050409E-01   -0.407742008860555227E+00   -0.191277814697923015E+00   -0.113400913787659574E+01
    0.633664541413049218E-02    0.121794643569881322E+01    0.593250395111050502E-01   -0.155533787857304198E+02    0.784457194125664503E+00    0.124365988191174126E+01    0.804703338218728907E-02    0.208043000899921182E+01   -0.271646787571352899E+01   -0.403188964465060612E-01   -0.218674069118523029E+01   -0.429738281808922373E+00    0.436840850316426860E-01   -0.403754645394928724E+00   -0.797069434668004895E-01   -0.116707375202982977E+01
    0.636635350404920596E-02    0.120859174889715137E+01    0.593120290174402598E-01   -0.156406392556280718E+02    0.776772875335152269E+00    0.119336540231906318E+01    0.810393221418059632E-02    0.206607079117404080E+01   -0.271121781290848940E+01   -0.606656763235950830E-01   -0.245300061325447771E+01   -0.341461403286312248E+00    0.511038858644548288E-01   -0.392257291024614152E+00   -0.955562686671510980E-01   -0.115868059864442619E+01
    0.652777048029334200E-02    0.115851454800539799E+01    0.612446622269911881E-01   -0.157879677585598799E+02    0.773836531053032406E+00    0.115971034181364807E+01    0.810644379800978983E-02    0.207492640425593144E+01   -0.275404164500133186E+01   -0.596348441542652943E-01   -0.220071549281428691E+01   -0.440227606746793176E+00    0.570053389662943180E-01   -0.376354482775737575E+00   -0.149519780528391100E+00   -0.116299620439344631E+01
    0.635089709200340434E-02    0.121345330904009496E+01    0.613796740057840073E-01   -0.156004705753368729E+02    0.783829942112477807E+00    0.118403117621872633E+01    0.806061996642503525E-02    0.207626383222211475E+01   -0.271811611671736753E+01   -0.661107301540919956E-01   -0.246239209411770199E+01   -0.350674652265544951E+00    0.764460381341761780E-01   -0.388127424737277738E+00   -0.124862678789990578E+00   -0.115652206120684564E+01
    0.635148609310255078E-02    0.121326783168801455E+01    0.606415789056249932E-01   -0.155930705674397085E+02    0.780759978181540859E+00    0.115790460799302797E+01    0.800551323456493574E-02    0.207593297739317162E+01   -0.271946691888283443E+01   -0.604277999776256999E-01   -0.321291025209521841E+01   -0.435528761213915927E+00    0.587858866969038288E-01   -0.452142364079556658E+00   -0.641469764175871121E-01   -0.115181306907362169E+01
    0.644922923170117898E-02    0.118272421414311935E+01    0.595881635881999397E-01   -0.156045085132731227E+02    0.775341226036682429E+00    0.113336160226677585E+01    0.804830242984737321E-02    0.207205595186277769E+01   -0.272129028821176533E+01   -0.574845207830843863E-01   -0.374862217316262569E+01   -0.387433013020131001E+00    0.329163048703276229E-01   -0.386325458530373145E+00   -0.127601079130876677E+00   -0.115208273100509251E+01
    0.638425386937381458E-02    0.120297621182969894E+01    0.584002016803304019E-01   -0.156971894778914738E+02    0.780475378164401712E+00    0.107384176799688880E+01    0.802501180092031301E-02    0.207848420590231431E+01   -0.272672830289691470E+01   -0.542019256290880436E-01   -0.319483487190960513E+01   -0.344150619598000196E+00    0.505197382895345437E-01   -0.407923055917407851E+00   -0.158139142510673791E+00   -0.113813802097247074E+01
    0.635545254799469665E-02    0.121201923668555045E+01    0.610486882425934352E-01   -0.155163489276408200E+02    0.787471509931547686E+00    0.116683415087492071E+01    0.812254064530436130E-02    0.207362563744024531E+01   -0.271612065965416072E+01   -0.263962792907736013E-01   -0.399346586308149387E+01   -0.383921195360600209E+00   -0.442609475242563555E-01   -0.321297168772032016E+00   -0.189824524181043230E+00   -0.115716821350621135E+01
    0.632222240310551138E-02    0.122250387874166977E+01    0.587054026338596768E-01   -0.156543862329931134E+02    0.787201297283920520E+00    0.108913285374423485E+01    0.799811222453839128E-02    0.207617019860482399E+01   -0.275413452268940029E+01   -0.718862093606746633E-01   -0.426896797397454986E+01   -0.397672697091063565E+00    0.182268801982014405E-02   -0.420734021946950032E+00   -0.173137935732331716E+00   -0.116135609784413441E+01
    0.638177133040322697E-02    0.120375406992194867E+01    0.580658437751488329E-01   -0.157310920267037897E+02    0.778102001727032033E+00    0.115768860230134707E+01    0.797794773498526101E-02    0.207749112031161420E+01   -0.272045854802249742E+01   -0.721649136574410571E-01   -0.183402203332447633E+01   -0.385655317362392114E+00    0.109731265218700504E-01   -0.371160745158833461E+00   -0.134383216716251946E+00   -0.114240838413685086E+01
    0.652277582718244035E-02    0.116004541215072421E+01    0.591061911984545538E-01   -0.156378804692399083E+02    0.765502381910313390E+00    0.122814484584768557E+01    0.814235366791746587E-02    0.207914300316065370E+01   -0.271222916300259476E+01   -0.439028944213247507E-01   -0.488315569734814492E+01   -0.344619884622944850E+00    0.106748758381356064E-01   -0.393827216621442211E+00   -0.150965701425204712E+00   -0.114019555360255431E+01
    0.640343997013850807E-02    0.119697478095344501E+01    0.595905536449369763E-01   -0.157067627277636603E+02    0.779226610829277133E+00    0.117580923765175505E+01    0.810577077725424013E-02    0.206582013275226695E+01   -0.275258120455198796E+01   -0.504759757923086902E-01   -0.345649936745724329E+01   -0.458171135549235164E+00    0.480971997598065928E-01   -0.317278274597532439E+00   -0.173736083071180214E+00   -0.114222317929499151E+01
    0.633399692222870285E-02    0.121878253914804868E+01    0.589133218744829906E-01   -0.155905535979616712E+02    0.775394824079583933E+00    0.112726344290363811E+01    0.843845209002865894E-02    0.207436140365784327E+01   -0.271177403388296856E+01   -0.662997631426658213E-01   -0.343042097580864436E+01   -0.377784514923254933E+00   -0.926909690415693432E-01   -0.395027403473481364E+00   -0.138910533100344680E+00   -0.115127533237573831E+01
    0.632662936613621971E-02    0.122111024608965502E+01    0.594311818617176552E-01   -0.157033906531211862E+02    0.787178634014206846E+00    0.123038370221302151E+01    0.812805847230053599E-02    0.207491253160970279E+01   -0.271705808645949398E+01   -0.586993430746788128E-01   -0.473984153233066685E+01   -0.361530741670489875E+00   -0.212335178454934950E-01   -0.303088677530640838E+00   -0.168211395654270623E+00   -0.114270715862720929E+01
    0.636144141923681607E-02    0.121013548371873569E+01    0.568950710585912831E-01   -0.156377718073981455E+02    0.778123534258986727E+00    0.127955179920389694E+01    0.809316514362694479E-02    0.208497468720791090E+01   -0.272438332895047752E+01   -0.695844605241025121E-01   -0.378792839221418332E+01   -0.312029963743618133E+00    0.127572529048064313E-01   -0.317464942014923091E+00   -0.159032817829624723E+00   -0.114793646052647325E+01
    0.643420574936451242E-02    0.118738865003880756E+01    0.576357504524580150E-01   -0.157783664210220707E+02    0.776939989957601052E+00    0.111750551292137290E+01    0.796560625729271499E-02    0.207657298649600985E+01   -0.275509705735868682E+01   -0.711765670226439662E-01   -0.113765609768284626E+01   -0.348284032867529625E+00   -0.585236930533058544E-01   -0.323753123438983048E+00   -0.832945570715094841E-01   -0.115661403515801320E+01
    0.634230568858943234E-02    0.121616071232497380E+01    0.600555772767590867E-01   -0.156856504976049731E+02    0.776925861040428489E+00    0.116820402969086401E+01    0.792131225068038597E-02    0.207385212430332411E+01   -0.273944013607961079E+01   -0.813162982156503539E-01   -0.233750202788601191E+01   -0.450729781953470354E+00   -0.244059300909583027E-01   -0.380873535709138178E+00   -0.154366066574013167E+00   -0.112823975200009130E+01
    0.648286618147280759E-02    0.117232001449769641E+01    0.559517394226404646E-01   -0.156641302291870943E+02    0.766053021506813536E+00    0.109246143715455357E+01    0.805565450086832835E-02    0.207778292654338426E+01   -0.273036372848064834E+01   -0.452505384422416182E-01   -0.316146373952400905E+01   -0.324950207738232244E+00   -0.337410559316729669E-01   -0.342255308335562447E+00   -0.138458810470223265E+00   -0.114886835885180538E+01
    0.647357342312479371E-02    0.117518893843824435E+01    0.579748476178045119E-01   -0.157859474498322978E+02    0.770131851193646244E+00    0.126491298339425273E+01    0.829089843543868998E-02    0.209007235095819954E+01   -0.275269686894018450E+01   -0.736594014980255368E-01   -0.145273134280315586E+01   -0.335766971855326557E+00   -0.205740789731273174E-01   -0.419391722551308688E+00   -0.187020851292928086E+00   -0.114395810542660725E+01
    0.630565017569389725E-02    0.122775329405597988E+01    0.572928650624745586E-01   -0.155877829215994446E+02    0.773851245085236172E+00    0.116818843036633191E+01    0.837765327344258681E-02    0.207927078255151887E+01   -0.272710801237599476E+01   -0.641674423228527080E-01   -0.150739652426759441E+01   -0.400962794167145087E+00   -0.517631291310935646E-01   -0.304755154914234550E+00   -0.142674677274208905E+00   -0.114771373784639885E+01
    0.639476730509315125E-02    0.119968536883074939E+01    0.583191427462854059E-01   -0.156306513693732452E+02    0.775810738533873834E+00    0.114971608453155372E+01    0.801271503858037339E-02    0.206605717390836974E+01   -0.274248585962987335E+01   -0.448720022526929302E-01   -0.251557055596101131E+01   -0.405809469165610281E+00   -0.366391959686145768E-01   -0.403841809570056720E+00   -0.172123951162055977E+00   -0.114965685841226040E+01
    0.638498743897612277E-02    0.120274641913163505E+01    0.588472068049796862E-01   -0.156621168019625099E+02    0.779473029076667823E+00    0.119760766155616816E+01    0.800581845315960668E-02    0.206715144746575552E+01   -0.273881422324679935E+01   -0.513470368391341636E-01   -0.159399591480063840E+01   -0.450449406587618895E+00   -0.112830231119158105E-02   -0.324056926612392715E+00   -0.135827640408896055E+00   -0.114917771108674649E+01
    0.639464128156243088E-02    0.119972478379817948E+01    0.585468973792839173E-01   -0.157040416111301564E+02    0.782340899265509426E+00    0.118624768545204073E+01    0.771220006670384796E-02    0.207796965657841470E+01   -0.273968437491520866E+01   -0.435275297014402276E-01   -0.265366701666903593E+01   -0.408590704576699437E+00   -0.202929264468750467E-01   -0.370304184553803650E+00   -0.153592198674255082E+00   -0.113875618494104769E+01
    0.632115149838572993E-02    0.122284268220684678E+01    0.588720248918766648E-01   -0.157121573144984659E+02    0.769653027796654898E+00    0.114954298676404232E+01    0.795448129437961553E-02    0.207945688908781401E+01   -0.272666633520108448E+01   -0.944281499003557789E-01   -0.374551631879609470E+01   -0.390415741796826865E+00   -0.217417096848077501E-01   -0.396902379329105715E+00   -0.184918302965724229E+00   -0.114441538215500715E+01
    0.640724853102136310E-02    0.119578559865626621E+01    0.573880560591547989E-01   -0.157059181832534875E+02    0.767960091871205397E+00    0.120719267729091984E+01    0.816100792288672675E-02    0.208913303899676706E+01   -0.272638177008257587E+01   -0.732899894041331296E-01   -0.163995927033074329E+01   -0.335254988913425700E+00    0.164376738768804362E-01   -0.411355730682457899E+00   -0.176682676558710672E+00   -0.115103430695994779E+01
    0.648539031257292994E-02    0.117154145767838669E+01    0.602628194789542465E-01   -0.157875115066301017E+02    0.777995825488562609E+00    0.115084675628475397E+01    0.769743082505786567E-02    0.206564172041718841E+01   -0.271604686097566272E+01   -0.383349492765397565E-01   -0.367333192192602276E+01   -0.417015843357101790E+00   -0.988844302739711953E-02   -0.414210244426149621E+00   -0.204209089421057310E+00   -0.115787479984281205E+01
    0.647400807566984263E-02    0.117505465774798545E+01    0.579148313898555367E-01   -0.158021081895340849E+02    0.779347635980058073E+00    0.114195490183231319E+01    0.803364788687260453E-02    0.207580356155242152E+01   -0.272482439409784094E+01   -0.441605558293767103E-01   -0.349392422130573710E+01   -0.335084318813074655E+00    0.480184623563750176E-01   -0.368351399797471668E+00   -0.158518658743923319E+00   -0.114488742859910886E+01
    0.634244996235534646E-02    0.121611521715899995E+01    0.599725596934166244E-01   -0.157853056849138031E+02    0.782658946027722680E+00    0.103897055483048395E+01    0.788962454207688471E-02    0.207479473598416631E+01   -0.272350337415490573E+01   -0.679722007576443604E-01   -0.391433268070587514E+01   -0.376981161501529383E+00   -0.174391171292166934E-01   -0.377984463763722189E+00   -0.196084145884391547E+00   -0.116047829766500898E+01
