    0.150790360407242387E-01    0.233843755084450606E+02    0.148755464296640993E+00   -0.426093592133558519E+00    0.672482651402888515E-02    0.144174250356704747E+01    0.145439783398870603E-01    0.123502494776811100E+01   -0.186532511525068068E+01    0.576880857254159357E-01    0.200634197130615810E+00   -0.123510402388983614E+00   -0.108606262544077820E+00   -0.156180763366130015E+00   -0.190140497182739260E+00   -0.108664951503029950E+01
    0.167550787359473444E-01    0.231335835426024801E+02    0.159192850578073780E+00    0.135766490519374172E+00    0.344617667229774050E-02    0.130870955052351023E+01    0.953504387146331817E-02    0.120586856914308904E+01   -0.190328920571732407E+01    0.109522168885971577E+00   -0.102904006101609280E+01   -0.147855658445245897E+00   -0.154998996903195518E+00   -0.290960036925601129E+00   -0.195307850162339175E+00   -0.108545463797775787E+01
    0.164333491708578139E-01    0.231323608712126578E+02    0.154671507864969832E+00   -0.600262851589065338E+00    0.320474107625835780E-02    0.132143560648405067E+01    0.133831650804321235E-01    0.118345049995692819E+01   -0.192568688333249427E+01    0.677612103525978282E-01   -0.350001554202311693E+01   -0.130355569450657460E+00   -0.149269355053035263E+00   -0.293854943784979727E+00   -0.152872637631637498E+00   -0.109538465077870528E+01
    0.164223826612759569E-01    0.230936959819379481E+02    0.162693616077429548E+00   -0.646801022204383735E+00    0.501018672311190905E-01    0.142936204779952392E+01    0.145462157604535763E-01    0.118860677067980647E+01   -0.200559813322168479E+01    0.839754393694712303E-01   -0.294422777361236765E+01   -0.161693181047542378E+00   -0.194646686260417173E+00   -0.468429639113282781E+00   -0.197792005617975886E+00   -0.108638804008069001E+01
    0.161677201019801015E-01    0.230849530472612265E+02    0.150438739481930039E+00   -0.314518845684556458E+00    0.391429810406540915E-01    0.125826593838505096E+01    0.158988962615961293E-01    0.113550654589420308E+01   -0.179368218292998738E+01    0.107065824123217926E+00   -0.716373453099086399E+00   -0.237782635281137578E+00   -0.209669774283722132E+00   -0.364219207456176031E+00   -0.181675137435641426E+00   -0.108896222866696912E+01
    0.161388272734272649E-01    0.230485303823345511E+02    0.163530947160167861E+00   -0.639866318611613916E+00    0.601956939253247142E-01    0.124686970078753001E+01    0.118091833536898248E-01    0.116147272350685538E+01   -0.166038748086209997E+01    0.116407639473898802E+00   -0.243458554248271408E+01   -0.153817221782946878E+00   -0.140599279130696225E+00   -0.247649423907457894E+00   -0.241887914687063166E+00   -0.109265644444229459E+01
    0.161402859763920582E-01    0.230083496211154319E+02    0.120678521464550575E+00   -0.190502434761017470E+00    0.870358092555990337E-01    0.129565284975846606E+01    0.135968513283294245E-01    0.112775066325241347E+01   -0.174330048745425525E+01    0.581414159368726161E-01   -0.128391572455973391E+01   -0.218100941847369223E+00   -0.118948469151118813E+00   -0.205223039705031640E+00   -0.227960398191598301E+00   -0.109481682752912501E+01
    0.158977746642238356E-01    0.229986281010481548E+02    0.131798713998619810E+00   -0.434299917883401054E+00    0.353978978451713056E-01    0.131000786761942933E+01    0.137172808093493706E-01    0.115226899939050420E+01   -0.167706241504437359E+01    0.327026493543042529E-01   -0.115067864626448557E+01   -0.264171564939907844E+00   -0.179883879853878048E+00   -0.372118741452284074E+00   -0.181811070434445277E+00   -0.109033373893162655E+01
    0.156229040383402285E-01    0.229935102933036433E+02    0.146763857168786510E+00   -0.108462531833012410E+00    0.513509882970626524E-01    0.128715179044561223E+01    0.116565807692649657E-01    0.121320936521682810E+01   -0.195331953842778949E+01    0.320393062927760847E-01   -0.144023795191946880E+01   -0.258351604861575990E+00   -0.138611026565952145E+00   -0.189786019262053990E+00   -0.208110539981991083E+00   -0.109738638874186090E+01
    0.154254087272863247E-01    0.229789542491455698E+02    0.127178664246116818E+00   -0.374680872739409643E+00    0.653521234571111248E-01    0.130692132900486691E+01    0.996839236750706598E-02    0.102023886934867836E+01   -0.185919734461968700E+01    0.146431440198303980E-01   -0.142070005195016513E+01   -0.238364279766077769E+00   -0.123881208665126516E+00   -0.271776846028944863E+00   -0.197561357238911772E+00   -0.109558513587317674E+01
    0.152341810493261780E-01    0.229639030705886000E+02    0.122237433285736552E+00   -0.393964853690643768E+00    0.723829084601992495E-01    0.123972058694387988E+01    0.136118973468864340E-01    0.121005442547153241E+01   -0.179242406496982820E+01   -0.487692228299548003E-02   -0.176302612743830389E+01   -0.752200812643066818E-01   -0.101706544724981945E+00   -0.370525906251387260E+00   -0.205082524880845357E+00   -0.109432509255277988E+01
    0.151232425537530819E-01    0.229385207787154002E+02    0.157228365170121231E+00   -0.486084680955208903E+00    0.201965531599982984E-01    0.137798268490940834E+01    0.155786892874487035E-01    0.117075090236224533E+01   -0.201528105656854750E+01    0.758090209500411616E-01   -0.253190713711225968E+01   -0.204374982250340897E+00   -0.121210885316845041E+00   -0.422698814164632730E+00   -0.162057605203231592E+00   -0.109184443926151031E+01
    0.148296952853937073E-01    0.229377231659332104E+02    0.141666026297345760E+00   -0.639854137380603150E+00    0.166509058877259662E-01    0.126644142572652196E+01    0.905761683521472821E-02    0.118797772010979030E+01   -0.176514986477139701E+01    0.385621838208205434E-01   -0.308421728677857132E+01   -0.156543758654862253E+00   -0.123401005383081755E+00   -0.893876296559711070E-01   -0.118981356345659817E+00   -0.109942203635101343E+01
    0.147668596045183592E-01    0.229062154753278300E+02    0.158781527182743937E+00   -0.618598363522328665E+00    0.734480593728112918E-01    0.137918026884790601E+01    0.763118170714639169E-02    0.118400634577941299E+01   -0.199178142459469898E+01    0.725231716257170728E-01   -0.258872563053012072E+01   -0.182105433902382097E+00   -0.131996120509840664E+00   -0.235220870744329263E+00   -0.146967259868659383E+00   -0.109590664978904018E+01
    0.145307213610387405E-01    0.228984561381195917E+02    0.140140463250209651E+00   -0.827167671897995338E-01    0.698553307739386564E-01    0.134844124365866924E+01    0.115331401489158578E-01    0.891841655553589407E+00   -0.176022372808353866E+01    0.320457330249732525E-01   -0.171183444545184082E+01   -0.243358232162140559E+00   -0.168191163592922271E+00   -0.269420897256967717E+00   -0.176042631768520447E+00   -0.109663538696539953E+01
    0.142655737956455531E-01    0.228952879677075209E+02    0.132845962019403074E+00   -0.465788789251476820E+00    0.405479967734003674E-01    0.131667845898417779E+01    0.160772717245571788E-01    0.120272935836794770E+01   -0.193788003437887801E+01    0.577582323208383763E-01   -0.267131063419518178E+01   -0.171756275037164924E+00   -0.201907710467809087E+00   -0.132703944078063185E+00   -0.953430770755829549E-01   -0.108654088657270753E+01
    0.139964588646819318E-01    0.228933776646925971E+02    0.108910290721607211E+00   -0.283056730204537588E+00    0.347423646489245438E-01    0.134060222716672417E+01    0.110241920036192615E-01    0.101909639898364679E+01   -0.203811060468104266E+01    0.577597547318292673E-01   -0.143478745565910781E+01   -0.110336452479429026E+00   -0.150712453957887182E+00   -0.326940525703835527E+00   -0.154809436119812516E+00   -0.109998738077352587E+01
    0.137819899457814962E-01    0.228842610566272739E+02    0.139095396049101788E+00   -0.308516262330677526E+00    0.498585221260238118E-01    0.114022392268786321E+01    0.130257659670987846E-01    0.115442940765607149E+01   -0.200430115196199221E+01    0.754840894851308702E-01   -0.237224030913110617E+01   -0.290842482946030434E+00   -0.175491176780908226E+00   -0.266173536963555724E+00   -0.216388962953979330E+00   -0.109567402479516063E+01
    0.135161189828819379E-01    0.228832204396069798E+02    0.170843539598257488E+00   -0.253426254687335206E+00    0.487746793845573248E-01    0.139552049439633019E+01    0.147802493076281544E-01    0.123798774203045303E+01   -0.204746048345852216E+01    0.434293851168398720E-01   -0.289644323359767064E+01   -0.179607635758661871E+00   -0.186737175241446118E+00   -0.321678008543613003E+00   -0.118390245985546677E+00   -0.110045456315158763E+01
    0.132554971657722048E-01    0.228821616898030058E+02    0.133033460041863144E+00   -0.760358204906820601E+00    0.392231584615728227E-01    0.136949736008372902E+01    0.120056689799694048E-01    0.106027336490436808E+01   -0.189760621720390765E+01    0.685706853332175709E-01   -0.226819337602468796E+01   -0.223909453517353529E+00   -0.124306961465289689E+00   -0.219609340827347038E+00   -0.158450191199333817E+00   -0.109282450762341776E+01
    0.130596519198794472E-01    0.228719314412401431E+02    0.152412729558525584E+00   -0.375721363239896411E+00    0.648671487849821760E-01    0.142829469440441059E+01    0.941254774666739485E-02    0.122196035082102994E+01   -0.179744677538443343E+01    0.820393941381457464E-01   -0.273790409423492154E+01   -0.153498623110472687E+00   -0.136313057918310360E+00   -0.348779191621882645E+00   -0.155313964765658175E+00   -0.109328518746160075E+01
    0.128509655248886159E-01    0.228641484901763086E+02    0.106475713298713054E+00   -0.453576598761998295E+00    0.618525057003785073E-01    0.126653742085837639E+01    0.115913891942902077E-01    0.117239267297901062E+01   -0.199873669177106006E+01    0.419160831902585795E-01   -0.233143147252201866E+01   -0.207390746380166718E+00   -0.180702413127324490E+00   -0.279308350049100373E+00   -0.128509211249304783E+00   -0.109439467826020365E+01
    0.125992824375217357E-01    0.228637066575951344E+02    0.140624778453293686E+00   -0.349811402459758447E+00    0.290147960100844565E-01    0.133997503406337959E+01    0.134180763941624970E-01    0.122347359740444417E+01   -0.173684396766732019E+01    0.966013671193408363E-01   -0.241317567485550644E+01   -0.202581091099157368E+00   -0.151042283567881352E+00   -0.130918208473292330E+00   -0.222567393572425998E+00   -0.109624556943969464E+01
    0.123761220427611729E-01    0.228594484345273976E+02    0.152461215626842117E+00   -0.895575275965279527E+00    0.187876209992413751E-02    0.125701950725958178E+01    0.119670911019534275E-01    0.998545320146633997E+00   -0.182047153337017664E+01    0.715570398468635266E-01   -0.216193031565949623E+01   -0.140421914868517489E+00   -0.846269495224721835E-01   -0.230278861342940372E+00   -0.172846716704342152E+00   -0.109766457664085837E+01
    0.122380099772294512E-01    0.228418930228478452E+02    0.136263704540484726E+00   -0.708948266577625552E+00    0.810892533299050061E-01    0.137135065226212216E+01    0.121543914150712071E-01    0.119327553498333194E+01   -0.218047570359443021E+01    0.495918694499870583E-01   -0.980302797927965930E+00   -0.192882673024063089E+00   -0.135798257646679632E+00   -0.250803829464536387E+00   -0.190220540312878217E+00   -0.109322192613296210E+01
    0.120045480985779274E-01    0.228404152110658423E+02    0.152760742837352609E+00   -0.848228955928017170E+00    0.230361183462731191E-01    0.129662334552184921E+01    0.134618160207339316E-01    0.122391715398039613E+01   -0.180041123988639584E+01    0.746793416916597813E-01   -0.191384561054116498E+01   -0.226396194554686625E+00   -0.170653425756846500E+00   -0.400554349025864287E+00   -0.234496331998999552E+00   -0.108790739998228148E+01
    0.117699747738916737E-01    0.228398828274302694E+02    0.135432207363163776E+00   -0.471811621791426883E+00    0.236178152695617101E-01    0.124887246449895795E+01    0.112547974488318540E-01    0.112569139080533431E+01   -0.185493378521373953E+01    0.642756700569121209E-01   -0.110252267179723740E+01   -0.157264330275283165E+00   -0.139510398674779990E+00   -0.246351000580204010E+00   -0.182675200762783513E+00   -0.108826191030690334E+01
    0.115449617291969227E-01    0.228384881277075849E+02    0.130785859229224699E+00   -0.819721264110925274E-01    0.392840892794344074E-01    0.122341450150415332E+01    0.134488891751365167E-01    0.117956732266610831E+01   -0.191975724228635403E+01    0.697925365987554641E-01   -0.251357703180225389E+01   -0.231595776206501874E+00   -0.139089707792448336E+00   -0.146261802905379157E+00   -0.135014082904123311E+00   -0.109821360703635063E+01
    0.113494532003531254E-01    0.228326472502874331E+02    0.136335868316118852E+00   -0.358760948434219240E+00    0.347625718127099748E-01    0.141944718870505415E+01    0.123798209974380173E-01    0.102321135515877382E+01   -0.175381471133571498E+01    0.113730532805792345E-01   -0.205761507629418361E+01   -0.177146319123533347E+00   -0.164026578816174023E+00   -0.302903323788415002E+00   -0.176522300856215342E+00   -0.109205197180100178E+01
    0.111454081433594223E-01    0.228289312087106495E+02    0.127815697444171372E+00   -0.672201839504199317E+00    0.249368784831004893E-01    0.124288907596130294E+01    0.144234078844542972E-01    0.124294818276136221E+01   -0.192586298513501997E+01    0.678411039746356914E-01   -0.211963087918184989E+01   -0.229988988140967021E+00   -0.131280615394988698E+00   -0.341639957120946303E+00   -0.172404939592339324E+00   -0.109322851813109789E+01
    0.109362778816726770E-01    0.228268153656446451E+02    0.142840368913668692E+00   -0.415536636889835609E+00    0.165459259879765334E-01    0.139915970241088217E+01    0.119018517588781250E-01    0.106564724619503126E+01   -0.180961446577701413E+01    0.843199308100223976E-01   -0.251771650169260619E+01   -0.136224714270357927E+00   -0.128678714829803503E+00   -0.200253732500839637E+00   -0.208431763720629687E+00   -0.109372940074210701E+01
    0.107327000048324257E-01    0.228243960706997733E+02    0.147196515701276204E+00   -0.397911681163624298E+00    0.357897503128419281E-01    0.146321690898014967E+01    0.136283785255836339E-01    0.120092762533645026E+01   -0.183489364823441092E+01    0.113534254422307176E-01   -0.159675644134984651E+01   -0.222361456718542988E+00   -0.157897927104836466E+00   -0.570007606166439640E+00   -0.161482764798704770E+00   -0.109756262839665375E+01
    0.105344073967805693E-01    0.228216927939102483E+02    0.142780614289774094E+00   -0.511107218139502328E+00    0.255984219900448964E-01    0.140238906896383453E+01    0.111043282893464480E-01    0.111906993972161573E+01   -0.178353640763545274E+01    0.781318901614980604E-01   -0.109572248264716876E+01   -0.227572800847140100E+00   -0.154137661967226364E+00   -0.320190437222832858E-01   -0.180850085039077263E+00   -0.109017341859002048E+01
    0.103546388861984889E-01    0.228161171417323025E+02    0.121115994182002001E+00   -0.759211166964088746E+00    0.337384099586234623E-01    0.121613796878563396E+01    0.148914643590965304E-01    0.120449132440983875E+01   -0.181234793876036204E+01    0.469286966294270164E-01   -0.115602982413687960E+01   -0.235158600142709728E+00   -0.161928332405120445E+00   -0.528830142237127099E+00   -0.185425578510377442E+00   -0.109128583792859923E+01
    0.101634544772667337E-01    0.228133895995288718E+02    0.146525341987214591E+00    0.496229451290964851E-01    0.441319002931727586E-01    0.132047166376327763E+01    0.111206466173852866E-01    0.123011538668921094E+01   -0.177799949922674916E+01    0.715860138848184585E-01   -0.270118267299933024E+01   -0.193912049938828407E+00   -0.162339179939045564E+00   -0.224245273347702195E+00   -0.167508383809089695E+00   -0.109118567095759000E+01
    0.997210643782860118E-02    0.228114027049135935E+02    0.121167685453467289E+00   -0.430079145908083327E+00    0.287236275094351415E-01    0.136645787669671859E+01    0.122660734872857887E-01    0.114685749099598100E+01   -0.167828388206053436E+01    0.871334611107869583E-01   -0.230386147598145907E+01   -0.158705009365840116E+00   -0.124814405109929485E+00    0.509781806845022167E-04   -0.232684704893895006E+00   -0.109413357931980437E+01
    0.978390289628223303E-02    0.228095094362819104E+02    0.116803005395687345E+00   -0.575990021875304237E+00    0.233086217265309169E-01    0.141589047715372618E+01    0.100381879361286161E-01    0.106359527755787431E+01   -0.172377207408747912E+01    0.825802201183393481E-01   -0.107905320065266608E+01   -0.150864867077005582E+00   -0.148853539113962124E+00   -0.203819672618395314E+00   -0.186675990900505517E+00   -0.109571742135593886E+01
    0.959126868601645373E-02    0.228092800379733056E+02    0.141672057611898217E+00   -0.462241555109949853E+00    0.616708637921418723E-01    0.140636917267474804E+01    0.719389997411254683E-02    0.122839336846457758E+01   -0.198182706387219754E+01    0.162320514208383129E-01   -0.222028245412123892E+01   -0.208628577649847130E+00   -0.135790253303109593E+00   -0.127961725937383308E+00   -0.188670669794582524E+00   -0.109477225043405757E+01
    0.941178871363639209E-02    0.228070603394641118E+02    0.147848068037506275E+00   -0.655904811965405399E+00    0.709875772684557954E-01    0.131371475588497577E+01    0.120509912638127846E-01    0.120193397353312781E+01   -0.183378588446188440E+01    0.742152647795785991E-01   -0.230756327803854688E+01   -0.167009819381013447E+00   -0.122334826514406414E+00   -0.213416822265646733E+00   -0.144171718444227437E+00   -0.109557344011275815E+01
    0.924058071473506278E-02    0.228037769202729699E+02    0.151713280675364243E+00   -0.448293368284433780E+00    0.102537989416141395E+00    0.136228420732721922E+01    0.144132523475980837E-01    0.114540086121535944E+01   -0.201033914176102702E+01    0.327500200471179878E-01   -0.214351594420532310E+01   -0.289240365875872596E+00   -0.148765025001920542E+00   -0.344126345062613692E+00   -0.150198055277524389E+00   -0.108698073186275646E+01
    0.906074773561821485E-02    0.228030830871114780E+02    0.132321551005002119E+00   -0.517491631223543469E+00    0.654217661386626848E-01    0.130005520006731734E+01    0.130611249418480565E-01    0.121869820164547149E+01   -0.201047483052364218E+01    0.492091893879713013E-01   -0.234656044424157262E+01   -0.137669013618900160E+00   -0.108131951199779378E+00   -0.940018132819501473E-01   -0.134555158419917553E+00   -0.109231634684247614E+01
    0.889445800745884523E-02    0.228001296094777395E+02    0.137833826014014615E+00   -0.606418563190606164E+00    0.704311069983317439E-01    0.127812818844492537E+01    0.100398341862175979E-01    0.123855084093362477E+01   -0.188343474235838415E+01    0.168003689189224134E-01   -0.154543243880417736E+01   -0.561632792514061563E-01   -0.121885815175461557E+00   -0.233785818746482660E+00   -0.144217843445478333E+00   -0.109723348636109552E+01
    0.871988338441321252E-02    0.227997746544918520E+02    0.142215656662546486E+00   -0.545590467524864842E+00    0.497097156115416591E-01    0.126870228263980422E+01    0.109570546796833295E-01    0.131739600030140314E+01   -0.216457923942770902E+01    0.255106355293596640E-01   -0.247693894259842828E+01   -0.136123084941216943E+00   -0.106478444730265187E+00   -0.231873065068851442E+00   -0.144316908110478953E+00   -0.109234554825998442E+01
    0.854776432138393792E-02    0.227996468517065800E+02    0.148603219311696177E+00   -0.456771043623516837E+00    0.569124180446624814E-01    0.146737004631543999E+01    0.163566618770629377E-01    0.129473740787372305E+01   -0.189106153335608917E+01    0.203705633439435554E-01   -0.255113157294617654E+01   -0.985813010311970828E-01   -0.182285492210319922E+00   -0.267465652864600556E+00   -0.196854630188524116E+00   -0.108792106796669907E+01
    0.841672057783399846E-02    0.227905458388206519E+02    0.113561451695988774E+00   -0.193085786636575274E+00    0.406050303022126996E-01    0.139327885937987883E+01    0.145641861744716626E-01    0.113214187028964219E+01   -0.206888943724482566E+01    0.646087768231704551E-01   -0.212511188743219570E+01   -0.121503368420160046E+00   -0.169765291524152845E+00   -0.251151681599635968E+00   -0.108704298650716943E+00   -0.109649574467815580E+01
    0.827053451717140939E-02    0.227855881030197409E+02    0.135034179231791424E+00   -0.500437770940139304E+00    0.345752212484976562E-01    0.134791906498594138E+01    0.635475204877784111E-02    0.121297840926218137E+01   -0.184209274313365201E+01    0.412725072816504945E-01   -0.239394954129699489E+01   -0.167209380599587343E+00   -0.185186285605816486E+00   -0.191670880817818967E+00   -0.171773837016694270E+00   -0.108753114100904580E+01
    0.811664196029221463E-02    0.227831533495618501E+02    0.158165916078630980E+00   -0.613724230648082680E+00    0.383764790755114493E-02    0.128181207968281718E+01    0.128778172600240905E-01    0.125167500101701856E+01   -0.183692913023177895E+01    0.672968378993851063E-02   -0.157829876179152784E+01   -0.212944171279365241E+00   -0.117341715653832668E+00   -0.260489230222048285E+00   -0.140733214716405819E+00   -0.110052128316856668E+01
    0.795672720951319870E-02    0.227829508620099546E+02    0.121500148533991034E+00   -0.503042701590582508E+00    0.376063247290724656E-01    0.127672489752551899E+01    0.100668279085723462E-01    0.107700338692679587E+01   -0.165881664103620685E+01    0.525233558984841697E-01   -0.197020706009994973E+01   -0.233849672425673616E+00   -0.108717314389493683E+00   -0.234050030230333245E+00   -0.156070009880854343E+00   -0.109324515276961076E+01
    0.780170731069804516E-02    0.227823011919996965E+02    0.146056782418208325E+00   -0.315185110170651539E+00    0.550985957816601396E-01    0.130553026668919436E+01    0.132335577014106049E-01    0.113918562754691965E+01   -0.181315673852986725E+01    0.271733766354202780E-01   -0.197590373152581522E+01   -0.225390680961930628E+00   -0.167768635335849736E+00   -0.293767116120899840E+00   -0.161848904360473972E+00   -0.110172481833319535E+01
    0.765754352535896396E-02    0.227796038960096041E+02    0.132109680837588533E+00   -0.584206068208991791E+00    0.754729112104189359E-01    0.148191108053704212E+01    0.104395010067823597E-01    0.114968032745476045E+01   -0.187114172409452095E+01    0.345661380319882555E-01   -0.224290408373720407E+01   -0.150324390816958253E+00   -0.150949014702047773E+00   -0.244972377071817626E+00   -0.144453440324384674E+00   -0.109071922515429409E+01
    0.751419869038326676E-02    0.227773976044733892E+02    0.139489063640393096E+00   -0.364106952339476653E+00    0.388279228656458267E-01    0.137720616053156020E+01    0.139031309831295549E-01    0.115851248506714755E+01   -0.213754204103220458E+01    0.378125172733731613E-01   -0.223081870043852026E+01   -0.163178945817844201E+00   -0.200789302907513761E+00   -0.263357081218743849E+00   -0.206780811439066514E+00   -0.109771334703015766E+01
    0.736854799332520728E-02    0.227765450415404906E+02    0.172797949104064513E+00   -0.754689062621085038E-01    0.548995766551823028E-01    0.136345147108453557E+01    0.133424077333012415E-01    0.106520980825721212E+01   -0.182844398664486785E+01    0.426978435424160280E-01   -0.271271289867266363E+01   -0.150815057611605741E+00   -0.142021595384972249E+00   -0.240462781492525091E+00   -0.209700227012816265E+00   -0.109568428974511467E+01
    0.722511883413669894E-02    0.227758590204713336E+02    0.145957928906795709E+00   -0.596781552729281572E+00    0.587614236712944715E-01    0.130802725041434176E+01    0.122975083346864491E-01    0.115388927184627410E+01   -0.156565082043190218E+01    0.462578822714637128E-01   -0.251052076479956110E+01   -0.101032485621549539E+00   -0.130256166588370886E+00   -0.202657683808550315E+00   -0.153471404779998821E+00   -0.109269770366628061E+01
    0.708639464881215698E-02    0.227746329853573037E+02    0.126500268138184629E+00   -0.603386782672532762E+00    0.436678554716695283E-01    0.142855282979887033E+01    0.106979491585947849E-01    0.123644851082502027E+01   -0.164408765361531839E+01    0.709549004399271238E-01   -0.229116690206156148E+01   -0.145989045938846929E+00   -0.157602961135439840E+00   -0.218299092741476103E+00   -0.159862180365354684E+00   -0.109231942591760056E+01
    0.694670705910742717E-02    0.227744508977586939E+02    0.116000165226827323E+00   -0.693330477930308442E+00    0.272606672884847800E-01    0.130582295654229252E+01    0.117606991084411115E-01    0.118307157340171809E+01   -0.169028936306584932E+01    0.588430342556185842E-01   -0.227652438687307690E+01   -0.124860980528348375E+00   -0.126848274265734307E+00   -0.391098901049093783E+00   -0.188704497577651953E+00   -0.109091838815789832E+01
    0.681493667877846113E-02    0.227727528361469069E+02    0.146142448074668002E+00   -0.249138800363101098E+00    0.447015114831697258E-01    0.131949559830403240E+01    0.141478076784914662E-01    0.108957513012290419E+01   -0.176839333734313864E+01    0.400968526275180051E-01   -0.178943604488091323E+01   -0.170998835924346670E+00   -0.101028217564938322E+00   -0.267244570087957489E+00   -0.162024371003145984E+00   -0.109282918757479619E+01
    0.669070049142962350E-02    0.227695492316649108E+02    0.134080465161988793E+00   -0.365679242780959202E+00    0.638899644546817302E-01    0.130893566616782797E+01    0.957492106952945350E-02    0.125146553680043016E+01   -0.188592344104603749E+01    0.450857167114857155E-01   -0.188491450676253125E+01   -0.255134359326807447E+00   -0.187501133752892152E+00   -0.229216940135335195E+00   -0.200904314393835881E+00   -0.109381176492990839E+01
    0.656005737757849820E-02    0.227689876844608854E+02    0.148328222187528558E+00   -0.499498321447862381E+00    0.326201073956485441E-01    0.143509064034588030E+01    0.108594322312602770E-01    0.112971303170513448E+01   -0.190937326219578063E+01    0.469604210500065497E-01   -0.206906809507369616E+01   -0.204472440649950071E+00   -0.146289019308985718E+00   -0.914816748621614939E-01   -0.164088930069346606E+00   -0.108938202225674696E+01
    0.643416460187073731E-02    0.227677423602175466E+02    0.151250332170727086E+00   -0.656059607994595728E+00    0.441581133519517513E-01    0.145147981754569311E+01    0.121611579658211927E-01    0.103065556208087949E+01   -0.187836459033913639E+01    0.370941924813839516E-01   -0.180616444667617237E+01   -0.188058935282652218E+00   -0.185161770042459067E+00   -0.365721168815326403E-01   -0.132417807935234610E+00   -0.109458896722397347E+01
    0.630808373067566659E-02    0.227673224979793360E+02    0.144040910016033752E+00   -0.195325239072453749E+00    0.519639675135682433E-01    0.131460561990138070E+01    0.103264815923420211E-01    0.110357861496807974E+01   -0.183165634421271228E+01    0.736316486548886373E-01   -0.164602150821175375E+01   -0.293955848433273770E+00   -0.965536074517987508E-01   -0.163909731786150481E+00   -0.161969192672246992E+00   -0.109546564934302126E+01
    0.656597150058308050E-02    0.226870520946717598E+02    0.143122653795146160E+00   -0.883787466065988347E+00    0.588446891014002688E-01    0.122204243072713314E+01    0.124894332010984932E-01    0.118144379754412654E+01   -0.200106456807285360E+01    0.764584417639116165E-01   -0.128396098160056615E+01   -0.225443916903939501E+00   -0.155357035074349670E+00   -0.241312084737788674E+00   -0.173547455045369420E+00   -0.109184914323655846E+01
    0.652973475371515077E-02    0.226981204062691901E+02    0.163931459696478404E+00   -0.287566074362864521E+00    0.107903044188163946E+00    0.140063622923753472E+01    0.107951263251030265E-01    0.122612758744643213E+01   -0.177020762665059195E+01    0.668242672254209524E-01   -0.176264010833700957E+01   -0.226793420754104635E+00   -0.124518843664764400E+00   -0.211289936113373239E+00   -0.150354487797141834E+00   -0.109026974512724339E+01
    0.633364811544857593E-02    0.227591002685000419E+02    0.131907240765391176E+00   -0.513489355863427366E+00    0.597793481042559680E-01    0.127880965683504200E+01    0.125583149308067729E-01    0.123767468636816869E+01   -0.171020393075822219E+01    0.698709700296240716E-01   -0.202371743612263266E+01   -0.216620143377843161E+00   -0.134652428619646464E+00   -0.202280811891248802E+00   -0.141702429229107002E+00   -0.109015120162728896E+01
    0.633779480384760643E-02    0.227577912814893395E+02    0.147329014630915495E+00   -0.591598162557040008E+00    0.556258074888610204E-01    0.124373834736612232E+01    0.143552821716011018E-01    0.118003828529876342E+01   -0.185170409356810084E+01    0.109205234947148608E+00   -0.185256253844819718E+01   -0.218181866639458433E+00   -0.183034291907956115E+00   -0.213062938997631734E+00   -0.148618552595414177E+00   -0.109762137763742862E+01
    0.633661713764483662E-02    0.227581629488176880E+02    0.123702033135522679E+00   -0.534625455278447403E+00    0.240453536276639263E-02    0.128912810952422974E+01    0.965492055721096400E-02    0.131211761223224732E+01   -0.179638130883820302E+01    0.607397281121947463E-01   -0.173462057248498658E+01   -0.255693375468724837E+00   -0.141739975371953320E+00   -0.131619593545241553E+00   -0.154178722152854997E+00   -0.109184971891931992E+01
    0.642223029039960553E-02    0.227313221426411118E+02    0.138886412724361030E+00   -0.999855226332596048E+00    0.493743982094195649E-01    0.144542161636572186E+01    0.145708795562412025E-01    0.108726522546206050E+01   -0.185302839809991382E+01    0.423235649857015700E-01   -0.126937895887165020E+01   -0.188195707314067040E+00   -0.848665020535158826E-01   -0.396234477031606191E+00   -0.158785303081598300E+00   -0.109737231572990934E+01
    0.655286634993908473E-02    0.226910479227024418E+02    0.157699721192586823E+00   -0.551339224321890087E+00    0.578378626920209096E-01    0.142794687624225536E+01    0.120724775508461151E-01    0.104782160887781206E+01   -0.192184556295425901E+01    0.606544625730893461E-01   -0.171854179003101826E+01   -0.198095395774035204E+00   -0.113714531586224077E+00   -0.182300856208124085E+00   -0.216042501261404507E+00   -0.109021807698537576E+01
    0.633845219792189378E-02    0.227575838402570021E+02    0.118593112951129009E+00   -0.564499100023073352E+00    0.568161291324523060E-01    0.134510277998774974E+01    0.150919006520325652E-01    0.120447452938445299E+01   -0.188408193169142657E+01    0.710690028642382010E-01   -0.177119634028162998E+01   -0.241709679998056759E+00   -0.137686824096061172E+00   -0.309183589463741304E+00   -0.154675154861647290E+00   -0.109178585973266018E+01
    0.646083457845156219E-02    0.227193360495834575E+02    0.150140106375571097E+00   -0.743882671285135411E+00    0.288339910346897890E-01    0.133992209129930551E+01    0.142043911888721230E-01    0.130372350170302065E+01   -0.194018983715462068E+01    0.598276381767846033E-01   -0.116642454363263859E+01   -0.102808141518923646E+00   -0.119569589866617657E+00   -0.945174575432008723E-01   -0.159408883361510850E+00   -0.108642896102340303E+01
    0.643282296364418738E-02    0.227280261078654711E+02    0.150513459024091883E+00   -0.560151286282470684E+00    0.101914575310522837E+00    0.130123707984680581E+01    0.125903818335278452E-01    0.140488284298886956E+01   -0.185073944306883775E+01    0.739099297428184587E-01   -0.199137321084458230E+01   -0.174971157502907732E+00   -0.161508241617096482E+00   -0.227157036986352784E+00   -0.183977969164243582E+00   -0.108934317862949936E+01
    0.650357295889042626E-02    0.227061496281794817E+02    0.145852776832508857E+00   -0.679309384010100659E+00    0.446866979154699334E-01    0.129255185673838513E+01    0.123329076135989205E-01    0.125001793956794827E+01   -0.167378406730002016E+01    0.819471205793117496E-01   -0.123487780960314586E+01   -0.279927898314061785E+00   -0.169150053910238324E+00   -0.154865197813789435E+00   -0.188755792580952791E+00   -0.109678350344959719E+01
    0.640907102116607293E-02    0.227354243840358201E+02    0.144827775147164384E+00   -0.742947110260269161E+00    0.728150458314845428E-01    0.142173252873973688E+01    0.116196767785999439E-01    0.113817583810718803E+01   -0.171479109235275073E+01    0.760293758025864935E-01   -0.195671765825421473E+01   -0.176331534906555093E+00   -0.121642089957649663E+00   -0.469087693708790443E+00   -0.172833750698363625E+00   -0.109942696526904649E+01
    0.648920173302797859E-02    0.227105740046699580E+02    0.150944365322261909E+00   -0.307631820048278826E+00    0.314698963129742201E-01    0.129558587472326847E+01    0.114308183508114308E-01    0.105595092439922333E+01   -0.164329165489431306E+01    0.629756299028070704E-01   -0.202616001038555416E+01   -0.203165448584361363E+00   -0.132847777788294957E+00   -0.275835114986365981E+00   -0.130050466269416770E+00   -0.109291464253359516E+01
    0.641536006622235588E-02    0.227334628013293205E+02    0.146174154957163654E+00   -0.685307773795943653E+00    0.727946777449489657E-01    0.136392891311736153E+01    0.116212237690032343E-01    0.108390165600514332E+01   -0.193670146530235732E+01    0.981263751231750830E-01   -0.951906649530491311E+00   -0.187695973114653525E+00   -0.186786496224846499E+00   -0.223819152001419802E+00   -0.135125323930276098E+00   -0.109245839260269317E+01
    0.656551199913264338E-02    0.226871920640668812E+02    0.151170403429546102E+00   -0.559559092062924757E+00    0.803812451597305661E-01    0.133890215158643922E+01    0.145009274727100432E-01    0.127265529146754131E+01   -0.195467080109503843E+01    0.747714347532093260E-01   -0.137290079203267057E+01   -0.160729806882186715E+00   -0.969037306313464963E-01   -0.335934287455096625E+00   -0.125121108636697120E+00   -0.109262485150871158E+01
    0.652342628775888500E-02    0.227000535675708512E+02    0.140109817591542091E+00   -0.540880664137917688E+00    0.388793468292184530E-01    0.139315537063107797E+01    0.160502228318379972E-01    0.990104364155138916E+00   -0.165352164139166780E+01    0.964805515197763586E-01   -0.171844399557748018E+01   -0.162509255758086224E+00   -0.123537046333572292E+00   -0.731738620653664684E-01   -0.150640127102174476E+00   -0.109074839481075991E+01
    0.631418716495822045E-02    0.227652549868109837E+02    0.144047049207295275E+00   -0.393720679732035617E+00    0.660638892220515861E-01    0.127553401549159817E+01    0.124895412491578695E-01    0.117090604147532873E+01   -0.203030869476961451E+01    0.404609310660984517E-01   -0.211505629115923277E+01   -0.177803634797884219E+00   -0.115829475039626387E+00   -0.160055608317234171E+00   -0.125593895042674708E+00   -0.109442260760567889E+01
    0.639252040497998320E-02    0.227405958115111950E+02    0.147761769373827401E+00    0.407422596070864396E-01    0.956437562384213069E-01    0.132256241445416256E+01    0.125378023969485476E-01    0.110709006952577793E+01   -0.181610402500328383E+01    0.612096485569292442E-01   -0.253767112588527688E+01   -0.139453920869008458E+00   -0.123714329864893238E+00   -0.232830274632269851E+00   -0.152064109829649907E+00   -0.109195985274829188E+01
    0.642786965257448242E-02    0.227295667127030008E+02    0.144254291414015856E+00   -0.598209072376075568E+00    0.195874843198084458E-01    0.131736164845030967E+01    0.148198885547893289E-01    0.128884130421047582E+01   -0.198128817143029545E+01    0.463401132293817727E-01   -0.173499137292936156E+01   -0.223964672273110205E+00   -0.166979196611522190E+00   -0.370557780054229735E+00   -0.155574721801749444E+00   -0.109215701077079919E+01
    0.664647550377643788E-02    0.226626796224323428E+02    0.165802152256938756E+00   -0.749392753045434734E+00    0.590692946964668023E-01    0.130453485450208717E+01    0.103379799420536458E-01    0.116751315115129173E+01   -0.194397187779406555E+01    0.785882632691882466E-01   -0.156559090216604080E+01   -0.139029144339342187E+00   -0.132833278368146901E+00   -0.177957908879731397E+00   -0.126488457195419290E+00   -0.109440764431131976E+01
    0.642491921301417170E-02    0.227304849382003553E+02    0.142358624294894459E+00   -0.543115030191835046E+00    0.492523881877579423E-01    0.131643453573105740E+01    0.146708698911637708E-01    0.102877073706943611E+01   -0.175005322632887683E+01    0.579488739006633752E-01   -0.186667702614384701E+01   -0.185731256502208647E+00   -0.155160416240632870E+00   -0.220772183587923887E+00   -0.143609101071298262E+00   -0.109260117526039280E+01
    0.642964004512987068E-02    0.227290159396191882E+02    0.137519678868038397E+00   -0.763042243589655111E+00    0.317005878394093776E-01    0.137000186256526502E+01    0.135665128798263205E-01    0.119613274725573193E+01   -0.173906946454203570E+01    0.514542177413398055E-01   -0.163253186154126384E+01   -0.178773471871063822E+00   -0.147325232265792444E+00   -0.254733780282692224E+00   -0.186278236288943799E+00   -0.109373133587884430E+01
    0.642642739312686891E-02    0.227300155149824370E+02    0.142816662890807300E+00   -0.544719303324147197E+00    0.497750563089282838E-01    0.133812772685491987E+01    0.109232759118710835E-01    0.124108867818981250E+01   -0.171056385453622561E+01    0.564999429907378434E-01   -0.203137398492705001E+01   -0.175616247625543703E+00   -0.132953171467430020E+00   -0.245366690073733990E+00   -0.123718823549093304E+00   -0.109075055570547907E+01
    0.645473441574506788E-02    0.227212252929184864E+02    0.142172900250366913E+00   -0.311947450511178559E+00    0.494201982264610290E-01    0.119818262970458544E+01    0.131853407605463657E-01    0.121737775347780230E+01   -0.174222749375936359E+01    0.104671031182175731E+00   -0.150353693934915800E+01   -0.222256329235152844E+00   -0.214975267410428827E+00   -0.659466296574768851E-01   -0.191312947483878920E+00   -0.109392167482748182E+01
    0.649217091189903742E-02    0.227096591002129209E+02    0.153391160017772199E+00   -0.897561499216901204E-01    0.526647037787669470E-01    0.130517451514562599E+01    0.919349045409824546E-02    0.123026351791418986E+01   -0.205061107871624637E+01    0.726328518278097773E-01   -0.182184156067663694E+01   -0.156805893009852676E+00   -0.146076708863745686E+00   -0.344599355296120291E+00   -0.170422258820133787E+00   -0.108656260265914018E+01
    0.661337846215299952E-02    0.226726637777457576E+02    0.147092405453642855E+00   -0.367974642730173107E+00   -0.691927286106003292E-02    0.126538030521319111E+01    0.123536666368692268E-01    0.114439896784336859E+01   -0.178635689176323043E+01    0.840742252901438836E-01   -0.190383152349833518E+01   -0.124803515626744771E+00   -0.126904498327240212E+00   -0.342672533523938838E+00   -0.218449618518974376E+00   -0.109781208728480295E+01
    0.644787491419013953E-02    0.227233518402007526E+02    0.142631645312152083E+00   -0.285001611866833593E-01    0.766690764967293270E-01    0.130966163377719713E+01    0.113798227110129789E-01    0.113989814825486246E+01   -0.172455416616963841E+01    0.938308503289599360E-01   -0.200000157277503776E+01   -0.217931097873395430E+00   -0.152365109793691389E+00   -0.197737651737002168E+00   -0.212317996065192444E+00   -0.109782273947701103E+01
    0.653432134727042774E-02    0.226967160663893637E+02    0.128219998739932756E+00   -0.416805674357577760E+00    0.526604444694986421E-01    0.135392199848331551E+01    0.116313925717680226E-01    0.113948314487670888E+01   -0.186374612408150719E+01    0.102635241481875861E+00   -0.178934169985916336E+01   -0.184414799068780166E+00   -0.161044133118636412E+00   -0.122109996072794935E+00   -0.168050519045120750E+00   -0.110252270567614552E+01
    0.637421943743286638E-02    0.227463297671830453E+02    0.145707850778379833E+00   -0.248085217398875124E+00    0.148672413897153119E-01    0.130686815444161786E+01    0.145763005246369783E-01    0.119135582281318153E+01   -0.187606618702795069E+01    0.589573876281083431E-01   -0.222658287984746961E+01   -0.141995863894906926E+00   -0.152856957995080645E+00   -0.170463432525539083E+00   -0.179740038182182482E+00   -0.109642956051413321E+01
    0.637960825173966659E-02    0.227446396660592640E+02    0.138447642908080565E+00   -0.804364731555451629E+00    0.736608390586371842E-01    0.123489022138694926E+01    0.124495648516640377E-01    0.125123267905601110E+01   -0.173918588561312437E+01    0.711762751313585046E-01   -0.225863506064842756E+01   -0.793900501943552578E-01   -0.976670042720765297E-01   -0.303979334487078201E+00   -0.220027958997810358E+00   -0.109084778685965844E+01
    0.652576959251046241E-02    0.226993352689727566E+02    0.152089025383313675E+00   -0.272729541921779006E+00    0.127251611622922201E-01    0.129876696182976614E+01    0.103098316054135858E-01    0.102078553857349230E+01   -0.198401182033777368E+01    0.792243295960335936E-01   -0.163828282853659579E+01   -0.196545335248907771E+00   -0.208602437270991037E+00   -0.199331974753447605E+00   -0.188804081054975786E+00   -0.109124772472289000E+01
    0.645026401308810074E-02    0.227226109274415542E+02    0.163430875294372391E+00   -0.167532929866521130E+00    0.645868039986640802E-01    0.139160877522566695E+01    0.896840822809367999E-02    0.134540431930023541E+01   -0.188701133094307516E+01    0.786048879322506222E-01   -0.152357497862050506E+01   -0.125456211962699293E+00   -0.140858785643415363E+00   -0.203116375677864530E+00   -0.208707929794240105E+00   -0.110263261069741048E+01
    0.636572040543083219E-02    0.227489982360667859E+02    0.133650520100767944E+00   -0.488159013965753563E+00    0.418206753658537794E-01    0.126802366392964583E+01    0.107621955765265162E-01    0.107112252493704019E+01   -0.193766017028371662E+01    0.451193771929852203E-01   -0.207678655912265064E+01   -0.166025722017923344E+00   -0.118137899699764695E+00   -0.295700541901968095E+00   -0.215714349260472005E+00   -0.109735218686114022E+01
    0.634123230390195355E-02    0.227567068133801236E+02    0.133939270914206460E+00   -0.340420135202320950E+00    0.588868274152709592E-02    0.125174512571337715E+01    0.151366813370551537E-01    0.123101524690359110E+01   -0.195192881550882258E+01    0.933016032545827545E-01   -0.218060458657236955E+01   -0.164198042105359709E+00   -0.158972565788439074E+00   -0.208370992213741946E+00   -0.147343694990688834E+00   -0.109810233853355577E+01
    0.643190015823886553E-02    0.227283130337163115E+02    0.135452301635417910E+00   -0.307646794135521207E+00    0.393424819029813619E-01    0.129646353624586186E+01    0.112331714926186387E-01    0.106361228992631074E+01   -0.179017073251063863E+01    0.791750298371307198E-01   -0.244032495600776445E+01   -0.614151173590887778E-01   -0.219184762794555982E+00   -0.610388155716345693E-01   -0.208012103709632107E+00   -0.108912774056354578E+01
    0.636332462796734399E-02    0.227497510898701911E+02    0.143515814279584680E+00   -0.361450661851931865E+00    0.200967896360580815E-01    0.139251648324366184E+01    0.121154456152328446E-01    0.121923840267271522E+01   -0.165246234023585314E+01    0.481329981183660355E-01   -0.201076414049031094E+01   -0.172723689247936990E+00   -0.133486969736455768E+00   -0.128945489092505305E+00   -0.186306674786087423E+00   -0.109496395843127114E+01
    0.656562763019476539E-02    0.226871568406010127E+02    0.137299372179933959E+00   -0.556927797826284210E+00    0.366977250758482518E-01    0.127389151030179137E+01    0.155613918563976932E-01    0.129658803322269445E+01   -0.183189355922533137E+01    0.918958589261605202E-01   -0.179621805557808467E+01   -0.125050776798940999E+00   -0.137321407784205513E+00   -0.168932479125782908E+00   -0.155620384119467964E+00   -0.109278305584062907E+01
    0.644671806543462012E-02    0.227237107034112320E+02    0.139785706043836555E+00   -0.376432675285092500E+00    0.118107985969394230E+00    0.143757190639917432E+01    0.938624628185409128E-02    0.125235298168517395E+01   -0.188857005907368780E+01    0.607268089800979682E-01   -0.180626366708929953E+01   -0.180074449738947567E+00   -0.131521102697035819E+00   -0.225805965531995889E+00   -0.170773911562838804E+00   -0.109663180054023845E+01
    0.659564364876524204E-02    0.226780342961370245E+02    0.149874550197669598E+00   -0.423133663527014592E+00    0.163831828119562380E-01    0.140854409808642544E+01    0.957491431697697799E-02    0.112504115408185235E+01   -0.208442626545060428E+01    0.722810606028060632E-01   -0.158156053022462495E+01   -0.148216739323717345E+00   -0.121586037991251728E+00   -0.173102119126188947E+00   -0.184101311980023385E+00   -0.108875469759157606E+01
    0.641919784639733131E-02    0.227322667242020842E+02    0.113785071330316831E+00   -0.629744657992999612E+00    0.486955105344551928E-01    0.148453042638609056E+01    0.141372543670275595E-01    0.113316216534718217E+01   -0.187863730291454978E+01    0.851518484113128471E-01   -0.181295034649380882E+01   -0.180954061154776885E+00   -0.138007412122391648E+00   -0.278790651862961869E+00   -0.195572980694990933E+00   -0.109007291316871791E+01
    0.636040441538283149E-02    0.227506691265953798E+02    0.137149002404228920E+00   -0.440538921142033579E+00    0.178180134584155804E-01    0.134475052212765256E+01    0.162027740366409122E-01    0.101258641196964350E+01   -0.183611950991304118E+01    0.864759531355310945E-01   -0.205648703543608091E+01   -0.177560759756038133E+00   -0.169489922167811058E+00   -0.178955468892457031E+00   -0.181038613729354286E+00   -0.108983220663680225E+01
    0.637610066417200645E-02    0.227457395932147683E+02    0.151707816750216273E+00   -0.708653363226234401E+00    0.144105084761356785E-01    0.134539179554807831E+01    0.142056714884122651E-01    0.106246401517099276E+01   -0.203421553835882163E+01    0.268041902809332822E-01   -0.174786841289734785E+01   -0.153258014220391314E+00   -0.177443926324413248E+00   -0.251789297290523961E+00   -0.179907361150496381E+00   -0.109355144723482711E+01
    0.633705358023561871E-02    0.227580252010094384E+02    0.136132074452478435E+00   -0.671845437884696528E+00    0.390207764207965019E-01    0.123729761894314549E+01    0.132788620849928329E-01    0.128904320900066449E+01   -0.203213358195511429E+01    0.481456190336221126E-01   -0.188292320584921802E+01   -0.194737582630443967E+00   -0.216073917413392103E+00   -0.276465362580065821E+00   -0.182311780716297472E+00   -0.109052779971317659E+01
    0.657992514613355093E-02    0.226828063132950035E+02    0.118944589986157950E+00   -0.533025430249937315E+00    0.477706793019649009E-01    0.146434220537312565E+01    0.103458750891328097E-01    0.114756090909180308E+01   -0.176088451410019275E+01    0.998424102688448833E-01   -0.186280292849722251E+01   -0.132231646280415727E+00   -0.124781870849918916E+00   -0.320766981239517079E+00   -0.172877474127207525E+00   -0.109401136015499145E+01
    0.658941241769163671E-02    0.226799246882615968E+02    0.144072133982353634E+00   -0.675178922693708494E+00    0.289188649176275667E-01    0.141065883578047546E+01    0.112252319622178041E-01    0.111249013502527494E+01   -0.149025450023293637E+01    0.623357037785189083E-01   -0.181116091622790853E+01   -0.127412689965834103E+00   -0.164514956189787176E+00   -0.382086780984855157E+00   -0.181148715527468390E+00   -0.109282119729574845E+01
    0.649927352291553538E-02    0.227074722420048758E+02    0.150288394527306191E+00   -0.487751539928846678E+00    0.180115443053216508E-01    0.141386214479605465E+01    0.132168717436689249E-01    0.123008306198769990E+01   -0.203661923707183590E+01    0.529186984069726363E-01   -0.193228798026236870E+01   -0.179442315250746054E+00   -0.173882112034629693E+00   -0.392896084961282366E+00   -0.204555408503671626E+00   -0.109080225048946233E+01
    0.648368158234576605E-02    0.227122760629961427E+02    0.134270941863975563E+00   -0.306421689491794713E+00    0.423145913322806530E-01    0.128127725739660470E+01    0.130677035610670868E-01    0.114997941686151406E+01   -0.194961420177662692E+01    0.626720940734735582E-01   -0.213857441759635769E+01   -0.122035346066464323E+00   -0.149417647087996819E+00   -0.367248306398320401E+00   -0.161212640496365689E+00   -0.109086564753078585E+01
    0.642299751341630226E-02    0.227310832296286449E+02    0.133294837281856343E+00   -0.579072680268266415E+00    0.134574406523302013E-01    0.136153349534322987E+01    0.112948595319772652E-01    0.115799952174626197E+01   -0.153960359308463390E+01    0.483526216264943409E-01   -0.192287396248475351E+01   -0.108368650056202664E+00   -0.156855165670825608E+00   -0.181904163716221368E+00   -0.173447364088274714E+00   -0.109062411784076962E+01
    0.644360699527203422E-02    0.227246761003917825E+02    0.139374403337253538E+00   -0.342717209490286057E+00   -0.129612382207085694E-01    0.139178962554421926E+01    0.137512767346255893E-01    0.124794703302619148E+01   -0.189642631164888131E+01    0.636681346723860231E-01   -0.168607062345052428E+01   -0.121035048166222486E+00   -0.154927514716853010E+00   -0.210583963726876600E+00   -0.194406051922764833E+00   -0.109083626038003723E+01
    0.639243339672727461E-02    0.227406230335892872E+02    0.142261305395597976E+00   -0.703023459627464709E+00    0.247431484072621784E-01    0.138883426711317259E+01    0.106862393027025299E-01    0.122314552579688662E+01   -0.189902899422700888E+01    0.337303852729299858E-01   -0.158246544511037079E+01   -0.155334649234465688E+00   -0.225482311574794092E+00   -0.197202201611644978E+00   -0.176510772386317072E+00   -0.109065440448329287E+01
