    0.189086501518418472E-01    0.418456983317652187E+00    0.847616241618375926E-01   -0.177071147033857201E+02    0.328132230105357248E+00    0.120293131641231987E+01    0.913380176508253420E-02    0.194692097558288268E+01   -0.246520395940076398E+01   -0.806136494891141198E-01    0.739744360665966383E+00   -0.251128614149129958E+00   -0.150168227616207017E+00    0.580137444226117710E-01   -0.430841975307661787E-01   -0.107883780386658379E+01
    0.185894910361318957E-01    0.412503132044668264E+00    0.866997995634140595E-01   -0.177870951696711153E+02    0.172462137081153183E+00    0.118628284714139398E+01    0.840394372127715485E-02    0.193791662413628729E+01   -0.252963364156116821E+01   -0.943236687825153852E-01   -0.793720548358943123E+00   -0.183775897955165524E+00   -0.819004603177726359E-01   -0.112678245944368427E-01   -0.127487780659439089E-01   -0.108538162962960638E+01
    0.182781843678351021E-01    0.406279502683996541E+00    0.855806802757834023E-01   -0.181786713461522744E+02    0.213733745595758806E+00    0.117088622194793035E+01    0.894895780072397541E-02    0.194810737922804211E+01   -0.241798161541696688E+01   -0.960228236859012180E-01   -0.301189082485229109E+01   -0.164564287449143587E+00   -0.147253087442314690E+00    0.823996882266089109E-02   -0.324438125214828801E-01   -0.107611936554254872E+01
    0.180967502934813347E-01    0.386231217313809605E+00    0.853896728135200705E-01   -0.169143493197268562E+02    0.379499464430951949E+00    0.118176377772831409E+01    0.944020896538772143E-02    0.194528855297435244E+01   -0.245875674576824066E+01   -0.106746472701236619E+00   -0.252250018977761492E+01   -0.215118489491504417E+00   -0.171396931009445919E+00    0.583443883350981823E-01   -0.309392253242615073E-01   -0.109293698380151816E+01
    0.177506849210785494E-01    0.384847773465073095E+00    0.862071208404231737E-01   -0.182752778818968480E+02    0.420928301951888129E+00    0.118670283559765077E+01    0.852265259450528737E-02    0.194392658336951341E+01   -0.257454991217678630E+01   -0.907584661094083534E-01   -0.212709080413515039E+01   -0.100073124911094644E+00   -0.100822075875039538E+00    0.392741855226540759E-01   -0.483715339710695039E-01   -0.109367595589988786E+01
    0.174083730797824493E-01    0.383793374110796892E+00    0.825651440211495335E-01   -0.181046994451328338E+02    0.295083343248768337E+00    0.121434007866473714E+01    0.862644879781344909E-02    0.194755647147852073E+01   -0.252318955675961254E+01   -0.105929638233708670E+00   -0.144554061392409627E+01   -0.244966230189599898E+00   -0.125584405889995365E+00   -0.183007689872397017E-01   -0.626148246955454402E-01   -0.108387647933936893E+01
    0.171447454495159655E-01    0.374312500260441439E+00    0.845536601614661071E-01   -0.180642055549745919E+02    0.428271438093834111E+00    0.119425712981356802E+01    0.876872285817561527E-02    0.194392810989550324E+01   -0.248322350487925858E+01   -0.900054913524620248E-01    0.709450337588885649E+00   -0.139125489587827417E+00   -0.167972613192231834E+00    0.260636847618294608E-01   -0.474018556135658575E-01   -0.109219179587279025E+01
    0.168584526522430646E-01    0.367991633822590813E+00    0.823807848102492690E-01   -0.183956691813784623E+02    0.344596825396345285E+00    0.120299556699994903E+01    0.850601519518593384E-02    0.194700243858133026E+01   -0.259609315484291070E+01   -0.984108742138118386E-01   -0.328588570965125726E+00   -0.172716993180536377E+00   -0.131036418633459217E+00    0.477667817150031343E-01   -0.371798772193984023E-01   -0.109368032625447031E+01
    0.166231759934626355E-01    0.356100246337263560E+00    0.855226327122690921E-01   -0.191545428302550249E+02    0.402831527982083104E+00    0.120083146730837864E+01    0.899022306716572815E-02    0.195086597370163695E+01   -0.254583868049658113E+01   -0.939820617707844280E-01   -0.389718238753467894E+01   -0.166769781819871427E+00   -0.109606523210679943E+00    0.476223849626265794E-01   -0.370702646428785823E-01   -0.109415840659544128E+01
    0.163546365903223037E-01    0.348673096731007492E+00    0.845599723099244305E-01   -0.178649977494083920E+02    0.324310066297377797E+00    0.120375843922779557E+01    0.928246058908656704E-02    0.194360404753662297E+01   -0.242745228164549376E+01   -0.992431414833312986E-01   -0.168569300853448834E+01   -0.151973611890295068E+00   -0.132355177944255109E+00   -0.293161386921447081E-02   -0.278025783176584530E-01   -0.108838262067353897E+01
    0.161034710165340045E-01    0.339626298338897070E+00    0.837548629174977993E-01   -0.177212444236890470E+02    0.272637339034016102E+00    0.118805867088217854E+01    0.927812480207266740E-02    0.194501431206722297E+01   -0.251258144398596039E+01   -0.954630503915099432E-01   -0.823430758936841034E+00   -0.128064156181789957E+00   -0.730047200486595438E-01    0.227101684575649124E-01   -0.479851438633508570E-01   -0.109169946111516869E+01
    0.157905947135512474E-01    0.338866995036238905E+00    0.840146396975308546E-01   -0.177687852435267395E+02    0.319488580290479884E+00    0.119518205205794947E+01    0.922875454220147169E-02    0.194328100037856433E+01   -0.239146969480064309E+01   -0.922250967454322917E-01   -0.291058742147278737E+01   -0.118849093273677889E+00   -0.103645085280876417E+00    0.431731601625732486E-01   -0.407665337841519593E-01   -0.108921085734696810E+01
    0.154781120601014833E-01    0.338842176460832978E+00    0.840873851109496945E-01   -0.177335317421365311E+02    0.431824592720469191E+00    0.119629398049341740E+01    0.961906867765335329E-02    0.194698507291417378E+01   -0.254774423836462249E+01   -0.102407854267724016E+00    0.382342358605268196E+01   -0.253719816904284579E+00   -0.111154094185007782E+00    0.400459791690104955E-01   -0.641371472439085932E-01   -0.108661802438025989E+01
    0.151752746107039777E-01    0.338361111946841098E+00    0.848583968727351645E-01   -0.181106020210732481E+02    0.265883411350148036E+00    0.120493486495003732E+01    0.930191652045571186E-02    0.194209169523442160E+01   -0.242488216068333662E+01   -0.100283339772612154E+00   -0.322068182722517804E+00   -0.236078339510255697E+00   -0.144216241172482329E+00   -0.733224829614838314E-02   -0.343566768167331421E-01   -0.108635334567368580E+01
    0.148784513040776858E-01    0.337868088102401321E+00    0.832031110676621222E-01   -0.184309073541972950E+02    0.451991886835786172E+00    0.115787809292172650E+01    0.908406937083001444E-02    0.194956954921004244E+01   -0.256378533427916233E+01   -0.111895793979705976E+00   -0.506993090639538124E+01   -0.177232037597228970E+00   -0.151681433836267227E+00    0.454887199863678801E-01   -0.352429134187503962E-01   -0.107246814320092554E+01
    0.145877938661880206E-01    0.337325693068319443E+00    0.838533364369689199E-01   -0.177895210388167904E+02    0.427748206192942793E+00    0.117761152179387629E+01    0.900393380047965347E-02    0.194416056958795336E+01   -0.244831857198865821E+01   -0.114108670167923504E+00   -0.403975922481302074E+01   -0.210280543054142399E+00   -0.116116055097210485E+00    0.775790785451565754E-02   -0.369175084923437230E-01   -0.108421429524177326E+01
    0.143009507743591686E-01    0.337043932478880481E+00    0.855273405496707606E-01   -0.192218640683011550E+02    0.376539014069593947E+00    0.115362198558289997E+01    0.924974493068434975E-02    0.193721061186520926E+01   -0.252528970591596780E+01   -0.933711949741206498E-01   -0.901092678947963854E+00   -0.303042857898090601E+00   -0.895000278787713710E-01    0.568426913968841790E-01   -0.399466525026283964E-01   -0.109868869446957840E+01
    0.140278808794669866E-01    0.335602296793778010E+00    0.842097958072374475E-01   -0.179839035198519994E+02    0.334798781601832740E+00    0.120408453747870681E+01    0.891957268846218197E-02    0.194270106684017096E+01   -0.245702817613433355E+01   -0.102717809362881843E+00   -0.274269843248358702E+01   -0.155173102882909808E+00   -0.113390848264952646E+00    0.269644715094357577E-01   -0.461523132416960039E-01   -0.108609435130232090E+01
    0.137560169018729108E-01    0.334743335504563311E+00    0.814717634108280409E-01   -0.172733104439105709E+02    0.250026930665050273E+00    0.117336918424257819E+01    0.898630624569376861E-02    0.194176668146816755E+01   -0.253911313094703983E+01   -0.907159068965930626E-01   -0.165500890103837062E+01   -0.245088767307713118E+00   -0.125623054617675367E+00    0.408840335597276672E-01   -0.286092372404576495E-01   -0.109994430444383440E+01
    0.134985944702018176E-01    0.332524844613367232E+00    0.852326100845604284E-01   -0.181215057169665563E+02    0.378946048726349183E+00    0.119351385090412543E+01    0.902688145412232530E-02    0.194350748961641617E+01   -0.249674067331595317E+01   -0.940650075412373249E-01   -0.434072076966870846E+01   -0.129587359953539205E+00   -0.124304415188173215E+00    0.516838925108585867E-01   -0.344615770745975158E-01   -0.110179288093625805E+01
    0.132437289491481765E-01    0.330647670945208305E+00    0.808343636808090821E-01   -0.189776304399248978E+02    0.441274826068849380E+00    0.119477816939369297E+01    0.923634068425026496E-02    0.194109150928044016E+01   -0.253433671452575604E+01   -0.103765712169917521E+00   -0.354005684296303658E+01   -0.237126569780316099E+00   -0.997639186257838206E-01    0.729173376528330225E-01   -0.431239547657982780E-01   -0.109873597760779185E+01
    0.129844229471448892E-01    0.330195169686651191E+00    0.844220915153335999E-01   -0.182074127771160583E+02    0.342854645311702844E+00    0.120251161114937055E+01    0.854812960465932588E-02    0.193856295722920868E+01   -0.243898560641416351E+01   -0.881956686500057208E-01   -0.311730771782487670E+01   -0.153281156209857217E+00   -0.118944087020759398E+00    0.300848760677698349E-01   -0.612210143577506388E-01   -0.109417236905225201E+01
    0.127285960353286862E-01    0.329993740804259528E+00    0.842890609921035927E-01   -0.185043289377739200E+02    0.388263400515807933E+00    0.118415691886471830E+01    0.902056584365979776E-02    0.194596378243160939E+01   -0.251896717220923527E+01   -0.108525308783280636E+00   -0.388779557725476987E+01   -0.243663574097703894E+00   -0.979736748661245022E-01   -0.105038358817907615E-01   -0.294926079363759738E-01   -0.107029080246542563E+01
    0.124765639131500950E-01    0.329991982905496584E+00    0.818144661098721415E-01   -0.177079114027557196E+02    0.238294185143726467E+00    0.117137115356059063E+01    0.920635982975623324E-02    0.194657379425442745E+01   -0.257031452477730760E+01   -0.991937238449396297E-01    0.615994275637489430E+00   -0.212881885722902925E+00   -0.127614504784190091E+00    0.572011569666766306E-01   -0.589399536958821746E-01   -0.110680590402947776E+01
    0.122352357794013322E-01    0.329056042816953553E+00    0.824526286205280179E-01   -0.175191522303434617E+02    0.477988394127928484E+00    0.121232364036971552E+01    0.901963254458838445E-02    0.194290230985171752E+01   -0.252439351463968675E+01   -0.105168726024782860E+00   -0.219754380454181852E+01   -0.220288200835921599E+00   -0.133588582222718466E+00    0.305335126347350619E-01   -0.508866903961600892E-01   -0.109314588354287956E+01
    0.119962570281183928E-01    0.328506604406736680E+00    0.843266726521417070E-01   -0.177477480810669306E+02    0.421689541682289892E+00    0.118058770171134153E+01    0.953247000286790332E-02    0.194711115262642331E+01   -0.257696709780738864E+01   -0.109551915063806612E+00   -0.562650834703550906E+01   -0.231397981461358676E+00   -0.101123865446033648E+00    0.222211945221566301E-01   -0.698247780786236949E-01   -0.107699634549559731E+01
    0.117589165603229247E-01    0.328472360020864773E+00    0.843662504163043697E-01   -0.183707918449324374E+02    0.277977797679391680E+00    0.120094697193565469E+01    0.930259436995972862E-02    0.194554454700655644E+01   -0.250873860924135261E+01   -0.958274699193375906E-01   -0.873408143773469536E+00   -0.973873738773867320E-01   -0.843572588836032089E-01    0.240555554680349469E-01   -0.423801355984904440E-01   -0.108691477573251327E+01
    0.115279604218290407E-01    0.328145127084249477E+00    0.781522641007923041E-01   -0.187531434785261304E+02    0.332524165283882012E+00    0.117922946163850373E+01    0.899424661470943528E-02    0.194356321087931527E+01   -0.253141302624068176E+01   -0.987890791419932940E-01   -0.243812323638091355E+01   -0.219370616148743841E+00   -0.767198730724850952E-01    0.121020181384568111E-01   -0.274372205467238311E-01   -0.108997484303130654E+01
    0.113000941205081331E-01    0.328073868160795201E+00    0.824283005484836712E-01   -0.178796258329244075E+02    0.312450448563081018E+00    0.117247869555859552E+01    0.981982374725367223E-02    0.194563928670894759E+01   -0.245649949243714660E+01   -0.953030957505135029E-01   -0.203333621446043278E+01   -0.170811602657196859E+00   -0.106228390928237257E+00    0.110270784431730148E-01   -0.355964147574871145E-01   -0.108353190336099914E+01
    0.110805859404780362E-01    0.327306852753988742E+00    0.824855666226043394E-01   -0.178546063549796372E+02    0.281537887924262153E+00    0.120364303711060860E+01    0.906334695748925792E-02    0.194369675727078683E+01   -0.243539378983576515E+01   -0.948587298704598597E-01   -0.856750157288657777E+00   -0.159727212402175522E+00   -0.109179676311351934E+00    0.401205194947650487E-01   -0.698410932155235087E-01   -0.110254105208790754E+01
    0.108619215291653089E-01    0.327169507541784310E+00    0.841299774320702215E-01   -0.183794500757550487E+02    0.240903431528873502E+00    0.119596957947159921E+01    0.901105930358789622E-02    0.194448701564335269E+01   -0.248128663996369392E+01   -0.996099286976629972E-01   -0.204738480887792829E+01   -0.260721981024083616E+00   -0.130055385155434744E+00    0.280812648255533252E-01   -0.455210111137131501E-01   -0.108638247977961910E+01
    0.106515633166227638E-01    0.326282634673003280E+00    0.829648834567854043E-01   -0.195364901130103021E+02    0.399424922532678250E+00    0.118049378452731024E+01    0.932970929223663793E-02    0.194477687577647962E+01   -0.256403988845592234E+01   -0.104250039787115750E+00   -0.339051577720650910E+01   -0.231351993538146561E+00   -0.122706992687802177E+00    0.699398564287222191E-01   -0.658614552814942439E-01   -0.110034970024664958E+01
    0.104409232241111059E-01    0.326229958079168159E+00    0.818630058859389775E-01   -0.176568061874211359E+02    0.296974898803344101E+00    0.118831450743224565E+01    0.888882146001189824E-02    0.194342162665112728E+01   -0.251623717519200918E+01   -0.111416279719469324E+00   -0.380999054754464517E+01   -0.228763795482706089E+00   -0.104711727562660117E+00    0.275633893951691272E-01   -0.393903014700715745E-01   -0.109806903215869611E+01
    0.102346554967891711E-01    0.326136859585301864E+00    0.854154589218386329E-01   -0.188658221813519553E+02    0.409380031429191049E+00    0.118807369847791411E+01    0.936346087321763589E-02    0.194815838818270559E+01   -0.244398130141302561E+01   -0.101731661909129190E+00   -0.205280561698279129E+01   -0.207927159697779085E+00   -0.113692287149024074E+00   -0.124403633113526202E-02   -0.661340164470488739E-01   -0.108730241938322836E+01
    0.100334498982884018E-01    0.325846976447339842E+00    0.815258596053742013E-01   -0.183990182127386177E+02    0.191902997537084619E+00    0.120370667025779787E+01    0.985969609507656927E-02    0.194559381691090261E+01   -0.246633746102916929E+01   -0.112407883264095371E+00   -0.803251382963404925E+00   -0.248459910876174250E+00   -0.128632913049570391E+00    0.479454456866944059E-01   -0.533199859792892472E-01   -0.110828410056962667E+01
    0.983520673695286243E-02    0.325759033716636670E+00    0.810701394947881127E-01   -0.177379145023138065E+02    0.279466477398998103E+00    0.120380869732326379E+01    0.883010110744083219E-02    0.194259476315977975E+01   -0.254901075539817867E+01   -0.103838619066371055E+00   -0.392435445058370025E+01   -0.242917030341481266E+00   -0.134870661342673615E+00    0.523400507003528373E-01   -0.757655963010349376E-02   -0.109304132756231787E+01
    0.965011398282093931E-02    0.323756524080170138E+00    0.827279406284827656E-01   -0.183440496276631571E+02    0.317125418694216732E+00    0.118460060929424116E+01    0.898420473569109396E-02    0.194495887088091823E+01   -0.249320712430218228E+01   -0.916431175157005201E-01   -0.139881458156550553E+01   -0.228640232569574053E+00   -0.778967020519638204E-01    0.298242953332631330E-01   -0.609626995934031968E-01   -0.109231601598095662E+01
    0.945981059736818522E-02    0.323591255138019451E+00    0.824111514143511942E-01   -0.187294574708393640E+02    0.303749104500378897E+00    0.120837222984928472E+01    0.890711361091884798E-02    0.194215096357951933E+01   -0.244581602403412557E+01   -0.916097433798926941E-01   -0.856235536556182675E+00   -0.161687262235615220E+00   -0.598112414614856980E-01    0.242796234720131336E-01   -0.502085494511526551E-01   -0.108434930042590882E+01
    0.927480117708680968E-02    0.323093634362937643E+00    0.835914782002929735E-01   -0.183775607868887256E+02    0.334146312295995285E+00    0.119492847567213323E+01    0.898071529604881069E-02    0.194443926606666073E+01   -0.247580529335038291E+01   -0.107713324968929991E+00    0.451838721180759073E+00   -0.202617525926929942E+00   -0.139349825040402192E+00    0.559978904126193222E-01   -0.636426001805496105E-01   -0.108051556530446535E+01
    0.909361237952084969E-02    0.322551516557485651E+00    0.846734482270340011E-01   -0.175665658911124964E+02    0.243060463751546940E+00    0.120874487887025506E+01    0.910565377112101081E-02    0.194023548505990640E+01   -0.247545512487924357E+01   -0.129810684554618277E+00   -0.196767408381861442E+01   -0.221374006106133947E+00   -0.147718033396937842E+00    0.317629558245820579E-02   -0.405756594522709568E-01   -0.107427389420892272E+01
    0.891380168118690100E-02    0.322494325502935719E+00    0.809177773914831477E-01   -0.174093332508269789E+02    0.238467839514659441E+00    0.119397973994383455E+01    0.901658213638382652E-02    0.194069260076991479E+01   -0.249651617742514720E+01   -0.106357195266697471E+00   -0.403250124461046155E+01   -0.139444730285676582E+00   -0.117988024859303500E+00    0.126331761336441854E-01   -0.231446880605250260E-02   -0.109882597379429425E+01
    0.873874102394802885E-02    0.322163714648242283E+00    0.808853935801547574E-01   -0.186585784644740826E+02    0.423084581765555579E+00    0.118620342915944432E+01    0.940845130471303082E-02    0.194429100567686852E+01   -0.258822446788450877E+01   -0.987670052413886224E-01    0.543917186454799584E+00   -0.111756199836182887E+00   -0.146081189737685330E+00    0.224392449338891610E-01   -0.531494363055486294E-01   -0.109255170457866724E+01
    0.856588896411212414E-02    0.322120144599571834E+00    0.847306479229146675E-01   -0.180451574089861140E+02    0.364102784137315227E+00    0.118426310238658439E+01    0.894939861036196660E-02    0.194086578656328190E+01   -0.250038589764227348E+01   -0.957398264753989703E-01   -0.270708651001395850E+01   -0.192137719998610318E+00   -0.839859694624879721E-01    0.544580015762470560E-02   -0.944211111230637140E-01   -0.108280813159939338E+01
    0.839632628637151414E-02    0.322107451375624076E+00    0.826458613467570685E-01   -0.184199953922698114E+02    0.330890835723148591E+00    0.119419316353003113E+01    0.930281674921755279E-02    0.193934737652854161E+01   -0.253221826606778144E+01   -0.956443688135818204E-01   -0.435625616971788165E+01   -0.108308786020563264E+00   -0.149598630580757397E+00   -0.128407714082132626E-01   -0.114636191764296430E-01   -0.109463146471112482E+01
    0.823525974810696178E-02    0.320846167824579365E+00    0.814977021796962076E-01   -0.183436831058700207E+02    0.158355408443474205E+00    0.118464165751866757E+01    0.879047727036516915E-02    0.194459042534958781E+01   -0.247863711318124835E+01   -0.941258425254336839E-01   -0.198762276327882104E+01   -0.203669048361307808E+00   -0.162661036689819544E+00    0.219464102580248892E-01   -0.542800958690859217E-01   -0.110017525150121198E+01
    0.807253542824217657E-02    0.320760753229378415E+00    0.834840545421020874E-01   -0.172713601132909247E+02    0.376328439662486858E+00    0.118579130947824218E+01    0.919338665523827987E-02    0.194088830177303473E+01   -0.252396927463599496E+01   -0.976069129322282431E-01   -0.303524145725628358E+01   -0.256072344901722981E+00   -0.113267670031017814E+00    0.519709473915173290E-01   -0.673127375710294851E-01   -0.109428392845173206E+01
    0.791459282004041906E-02    0.320279482182430797E+00    0.842237890426100061E-01   -0.187264167254655298E+02    0.422408082000196472E+00    0.119513303894293799E+01    0.894141641072160667E-02    0.194433053951432178E+01   -0.244294797271350683E+01   -0.105197291802432188E+00   -0.445975410969757924E+01   -0.185031893156548971E+00   -0.103528117409539044E+00    0.519406422164730500E-01   -0.169661692070181280E-01   -0.109084877389914192E+01
    0.776252135293515385E-02    0.319081581952002757E+00    0.837589940889009316E-01   -0.185741590048878287E+02    0.450429505353083570E+00    0.117572919312027646E+01    0.975286852115782484E-02    0.194977264768962555E+01   -0.252122511879132238E+01   -0.992892362820558677E-01   -0.621841937094712360E+01   -0.205963142186097903E+00   -0.126103636197085561E+00   -0.190927136713332779E-01   -0.579547276633512881E-01   -0.108927911346939821E+01
    0.760902585774497851E-02    0.319025667026702153E+00    0.820874203866720498E-01   -0.187120198022686601E+02    0.330992930662987961E+00    0.118787109061726937E+01    0.915383987977102902E-02    0.194258219057804582E+01   -0.246387021107478210E+01   -0.106918298826333677E+00   -0.286148008376417495E+01   -0.544984964627423796E-01   -0.127579150851115458E+00    0.543576438374540616E-01   -0.936920468061883463E-02   -0.109135960301385260E+01
    0.745912580670084289E-02    0.318819531503592934E+00    0.829064739585667204E-01   -0.182425955365806942E+02    0.459176371073910849E+00    0.120771014894625628E+01    0.866977826540252933E-02    0.194100301466960001E+01   -0.261795751682530842E+01   -0.922541804183254072E-01   -0.256573890355095413E+01   -0.160808960043454408E+00   -0.166752559785256160E+00    0.375112885584266420E-01   -0.350238866021876372E-01   -0.108236926173905634E+01
    0.731322084862591482E-02    0.318328407446245298E+00    0.840126215467617010E-01   -0.188236512329487482E+02    0.306740884161126270E+00    0.122567912308285498E+01    0.900902634230191061E-02    0.194611332709585638E+01   -0.250529485777341643E+01   -0.103434080039582724E+00   -0.477315775002272602E+01   -0.152814882329748158E+00   -0.894851070914276930E-01    0.437481893049054271E-01   -0.737103232833991318E-01   -0.108627574232043300E+01
    0.716917398818399040E-02    0.318115089833920950E+00    0.806051111008006110E-01   -0.181303280532362976E+02    0.328285024397899916E+00    0.118077158121937509E+01    0.945097555676895247E-02    0.194416263735362582E+01   -0.252175719806232124E+01   -0.854321085786634293E-01   -0.172563455344289229E+01   -0.134009213533848093E+00   -0.128705376481439482E+00    0.113463378124008252E-01   -0.509753657179244368E-01   -0.110364128317859334E+01
    0.702995399331971839E-02    0.317335655094196034E+00    0.840680875173649284E-01   -0.181487782790885461E+02    0.245112211256265033E+00    0.119860119026080802E+01    0.893865202459539349E-02    0.194125840810510830E+01   -0.249953420135742821E+01   -0.974994509651325308E-01   -0.354892786448657738E+01   -0.255657414308850639E+00   -0.134720901623940736E+00    0.723602941803697802E-01   -0.285274000613536527E-01   -0.109318756988356403E+01
    0.689094820383156104E-02    0.317278586321787792E+00    0.852773479424590863E-01   -0.182793248520453417E+02    0.447232642244258627E+00    0.117904208459198756E+01    0.934040856045520625E-02    0.194495122545264776E+01   -0.248614252273715541E+01   -0.983272557055800689E-01   -0.403486190467176264E+01   -0.904715649858589821E-01   -0.961966183113631412E-01    0.331111213910251848E-01   -0.473003916253389306E-01   -0.109326453391802736E+01
    0.675455437078142755E-02    0.317261980106215036E+00    0.819805643866615558E-01   -0.182056666150245618E+02    0.343744956659111645E+00    0.121022042216322712E+01    0.918523450592770990E-02    0.194280676169467714E+01   -0.252995813852402041E+01   -0.110821987665896196E+00   -0.145547802614903854E+01   -0.152263415079775838E+00   -0.147325301812507581E+00    0.305897885975185795E-01   -0.827146167917972019E-02   -0.108577944592764908E+01
    0.662168671923903367E-02    0.316995720183172403E+00    0.804517786865367318E-01   -0.176176285172042952E+02    0.408666399452772500E+00    0.118721268604578634E+01    0.926736244082620488E-02    0.194479945170785684E+01   -0.249935247133912819E+01   -0.100939627565444764E+00   -0.779653066340493917E+00   -0.152387875896806635E+00   -0.120794964568415555E+00    0.169850187649095430E-02   -0.785828196017179792E-01   -0.108174704082248674E+01
    0.649070891944442899E-02    0.316952463363846138E+00    0.814871066652210346E-01   -0.187251784237893943E+02    0.447895164042443172E+00    0.121637991049499883E+01    0.907283168757075029E-02    0.193913480678992456E+01   -0.247550485870123316E+01   -0.102221862458063473E+00   -0.226308911563911908E+01   -0.221664217459223933E+00   -0.173457965353120053E+00    0.602069996374142435E-01   -0.458162590056072003E-01   -0.109364174353058896E+01
    0.651560353869926230E-02    0.309162957243482972E+00    0.830525769741287667E-01   -0.178625751015468026E+02    0.531301240102121430E+00    0.117976606542108331E+01    0.927652925512439074E-02    0.193802427504289176E+01   -0.252852464835911128E+01   -0.925542471946295270E-01   -0.872276251877215358E-01   -0.185081950766527226E+00   -0.110575247347951891E+00    0.126315889704244934E-01   -0.671575955717091388E-01   -0.110290437182168533E+01
    0.652994229623739004E-02    0.304766433405012471E+00    0.817720018595778086E-01   -0.187806045063374185E+02    0.445179468257669353E+00    0.117381288842165210E+01    0.883989835192846782E-02    0.194445981238647048E+01   -0.260235156168865434E+01   -0.103040380797626133E+00   -0.194309847563863358E+01   -0.317260710632744358E+00   -0.180742860890116264E+00    0.594325441122364531E-01   -0.530590082164189916E-01   -0.109609599550660985E+01
    0.649770047505380480E-02    0.314665963988437547E+00    0.808506255889246961E-01   -0.188363960392888323E+02    0.263549570025688018E+00    0.118799837602853509E+01    0.932689406352557246E-02    0.194588844447376186E+01   -0.254427324356335927E+01   -0.114725319007844509E+00   -0.445058757925115156E+01   -0.178165066171738218E+00   -0.154082908112013639E+00    0.207229031819966165E-01   -0.231502112246532790E-01   -0.110048500506582014E+01
    0.649552733668329243E-02    0.315334970465431408E+00    0.796610766818348776E-01   -0.186018687228877333E+02    0.299078358152240320E+00    0.117918508168866309E+01    0.873209000225769194E-02    0.194374712265095906E+01   -0.250080957639229373E+01   -0.739396943998757161E-01   -0.297925198540039116E+01   -0.257604592995622550E+00   -0.191615132024813950E+00    0.303031228820266549E-01   -0.633774225369625327E-01   -0.108689662266416387E+01
    0.649336199787317343E-02    0.316001798482639873E+00    0.846521335433041977E-01   -0.188002464920292169E+02    0.419855960005132367E+00    0.119823669727609761E+01    0.943627113184740407E-02    0.194775126474334304E+01   -0.259366177672023168E+01   -0.952147961337550947E-01   -0.227319563242892508E+01   -0.147309978831785648E+00   -0.155413891461126885E+00    0.868258329943774956E-02   -0.546776549157932043E-01   -0.109844167568488027E+01
    0.649554082599777729E-02    0.315330817053466161E+00    0.824925440263573340E-01   -0.179532152471835325E+02    0.153017485894568067E+00    0.118998246837816635E+01    0.922088516912758158E-02    0.193847582099584415E+01   -0.254967995920913770E+01   -0.930388780778121233E-01    0.177367576732129084E+01   -0.142985651658530832E+00   -0.148268130091511546E+00    0.834386292895647197E-01   -0.473778886285662684E-01   -0.108975673502731318E+01
    0.650222321107837321E-02    0.313274344678589167E+00    0.813656762156927948E-01   -0.179578161742416746E+02    0.264069374109240917E+00    0.120876518273467837E+01    0.906665689670693026E-02    0.193734971986768567E+01   -0.241590020762396485E+01   -0.933267372322998390E-01   -0.246647381570997926E+01   -0.103576419872288175E+00   -0.146622762379919475E+00    0.137637773958067117E-01   -0.572019865967525326E-01   -0.110519899095774110E+01
    0.649738116829331330E-02    0.314764249407281205E+00    0.835934010223459562E-01   -0.184963463197212299E+02    0.266426355579293173E+00    0.118814276932267293E+01    0.917267796136443485E-02    0.194080982515698452E+01   -0.254168884968652797E+01   -0.100068795012885209E+00   -0.142111395119277328E+01   -0.152020060075783447E+00   -0.810819979310046096E-01   -0.364159245681367622E-02   -0.292994650905935641E-01   -0.109029563822236519E+01
    0.653213699481834317E-02    0.304094350943191649E+00    0.826437082000985312E-01   -0.183182867483581084E+02    0.307565193186163932E+00    0.122119249217103465E+01    0.889918004194539640E-02    0.193862908988650862E+01   -0.253281872126587437E+01   -0.104588707303797809E+00   -0.453418985013052112E+00   -0.239732770715417015E+00   -0.943920260650094878E-01    0.489081504123210220E-01   -0.673019224608696620E-01   -0.109430708050356618E+01
    0.650921814159165484E-02    0.311123950729891019E+00    0.825999014967119666E-01   -0.188790583064180311E+02    0.276139124692710014E+00    0.122559869430988333E+01    0.935978599116234732E-02    0.194626337230272028E+01   -0.254643165659197956E+01   -0.988585384667880762E-01   -0.509654941230982139E+01   -0.256991300618139351E+00   -0.592559515675059878E-01    0.236574222017623854E-01   -0.453393638830338896E-01   -0.108123631813791055E+01
    0.651236638201733824E-02    0.310156867044701301E+00    0.846264651154439995E-01   -0.181139263943375788E+02    0.260843869802418749E+00    0.120229625558471631E+01    0.901330146186061359E-02    0.194084121774980511E+01   -0.248332677573250127E+01   -0.113560963923331815E+00   -0.513867173600084293E+01   -0.146582573604569832E+00   -0.458730164240017529E-01    0.727013106641054840E-01   -0.506092332696427560E-01   -0.108608355071161844E+01
    0.649887701446431962E-02    0.314303856529091541E+00    0.823754516331679787E-01   -0.182877721887474465E+02    0.415649523075684313E+00    0.121071540049635362E+01    0.889279089445660018E-02    0.194185280092393242E+01   -0.258549998381523549E+01   -0.988598913188708517E-01    0.462400144543549718E+00   -0.257134074414489655E+00   -0.910972706480074890E-01    0.174666247179898516E-01   -0.431862941429856026E-01   -0.109827569845014072E+01
    0.650091841451434435E-02    0.313675723547167828E+00    0.829846178921579553E-01   -0.180794262036252604E+02    0.193599100573993849E+00    0.117843457524436301E+01    0.907421099357070583E-02    0.194342208184282517E+01   -0.247352695630466846E+01   -0.960921729582493167E-01   -0.291759606673762661E+01   -0.132511353294236245E+00   -0.213850959184223227E+00    0.204995198979916055E-01   -0.611573232049109697E-01   -0.110351827396101543E+01
    0.649079663457234179E-02    0.316792104087132320E+00    0.811336203123580041E-01   -0.187619872618251691E+02    0.323670577844731633E+00    0.122323412732517345E+01    0.921589574887889638E-02    0.194749893639756166E+01   -0.253969789303957194E+01   -0.888563146264107900E-01   -0.238563884095262280E+01   -0.221938158445717987E+00   -0.143052102622608840E+00    0.206010167041207476E-01   -0.633541489697867499E-01   -0.109113916427014290E+01
    0.652291891172357072E-02    0.306918723260770743E+00    0.835097533064761699E-01   -0.181403348409475136E+02    0.398062196801700574E+00    0.118626031888591732E+01    0.929192488688435070E-02    0.194109015906144244E+01   -0.249260734753060342E+01   -0.951286401140309101E-01   -0.295219553393293621E+01   -0.222120599588761597E+00   -0.107163457761274797E+00    0.184877755602012653E-01   -0.556166279771892064E-01   -0.109164950223329238E+01
    0.651666898689093853E-02    0.308835938853726455E+00    0.821114433530433646E-01   -0.182931809979278626E+02    0.166859788590057928E+00    0.118338418640019372E+01    0.911138484057619387E-02    0.193833659550458970E+01   -0.251192761105423390E+01   -0.988481587224007141E-01   -0.369322444417395346E+01   -0.194714343079241903E+00   -0.128462426176072397E+00    0.574288340203463893E-01   -0.404090732680744621E-01   -0.108761120173570758E+01
    0.650654599673801490E-02    0.311945153346283310E+00    0.810361129997262952E-01   -0.184488867044849059E+02    0.202638765495194995E+00    0.121443964194406107E+01    0.886934861353013554E-02    0.194172261435339633E+01   -0.246189009829506045E+01   -0.871235671169640485E-01   -0.213394390835475489E+01   -0.741296019919562427E-01   -0.160408514986104145E+00    0.179168667387367142E-01   -0.633691063614081340E-01   -0.109627103245278534E+01
    0.651940465080660860E-02    0.307996525382504494E+00    0.837110815317977930E-01   -0.176058205826246308E+02    0.338163033073240582E+00    0.118112870013384730E+01    0.920234405419650611E-02    0.193911066754401218E+01   -0.254927659841968435E+01   -0.972849150805110419E-01   -0.399304434099567285E+01   -0.128051418999821282E+00   -0.926347283149394907E-01    0.603451514195493810E-01   -0.249414857195497316E-01   -0.109880255068278920E+01
    0.649517099909764466E-02    0.315444691306150493E+00    0.867921102208496359E-01   -0.182759250395971300E+02    0.360339906179294345E+00    0.117510706705452050E+01    0.928538735594824395E-02    0.194310365303889654E+01   -0.250157637790574361E+01   -0.120562799315124897E+00   -0.374802720063189643E+01   -0.218621747019515172E+00   -0.149049711260321460E+00    0.399631305290556807E-01   -0.616302097437171972E-01   -0.108412178403823867E+01
    0.649503921722819396E-02    0.315485270131977302E+00    0.833577216854950870E-01   -0.187145198707376572E+02    0.388643257177246404E+00    0.119810250294674447E+01    0.879784111059477361E-02    0.194417804045334264E+01   -0.248409798218864752E+01   -0.110703045087856500E+00   -0.326763597461876465E+01   -0.714353163319111084E-01   -0.111192884085956220E+00    0.951009289178545575E-02   -0.394368174355226447E-01   -0.108630833851433750E+01
    0.651353476032357458E-02    0.309798080870416048E+00    0.831339711396908432E-01   -0.181936287407741197E+02    0.333773657724578676E+00    0.118339345405146212E+01    0.894299529623770843E-02    0.194282492395506989E+01   -0.256599268700908345E+01   -0.116339651361422852E+00   -0.305144294823817486E+01   -0.224909175670310824E+00   -0.122930965963369859E+00    0.464692510404986492E-01   -0.331964620278134143E-01   -0.108467220511651985E+01
    0.649817133163400895E-02    0.314521039019211746E+00    0.842231446485929569E-01   -0.185977188283992234E+02    0.462106527807995882E+00    0.120950516444226852E+01    0.878821301203353694E-02    0.193474353941451160E+01   -0.252589120650636989E+01   -0.101210750281321996E+00   -0.336113920406473277E+01   -0.485132447426014080E-01   -0.112624779967911259E+00    0.176137951888282601E-01   -0.234602574620683159E-01   -0.107667938436188093E+01
    0.654109098558902386E-02    0.301354708619441192E+00    0.831762997696814665E-01   -0.172320545560932530E+02    0.338494883044185513E+00    0.119555514050242118E+01    0.951179736105377434E-02    0.193859243981386298E+01   -0.256689921977014635E+01   -0.113019836594885181E+00   -0.312258672389902525E+01   -0.115640552129017402E+00   -0.138115799466428602E+00    0.382448245574041820E-01   -0.399369398419368235E-01   -0.107817574332040556E+01
    0.652360383508776131E-02    0.306708729110417300E+00    0.828385204098412292E-01   -0.180346350455981614E+02    0.389557478549967862E+00    0.117470959263625319E+01    0.901901744587689513E-02    0.194215453234724422E+01   -0.258237123072815100E+01   -0.966388248024098451E-01   -0.529013577507305222E+01   -0.178353577302772154E+00   -0.120126570740840613E+00    0.231553568935756876E-01   -0.488526720743377510E-01   -0.107855494576625199E+01
    0.649463694816227073E-02    0.315609143602240738E+00    0.839972802464557106E-01   -0.186119432712870179E+02    0.459008574312930240E+00    0.118383042734582777E+01    0.908224154909831848E-02    0.194341199229573469E+01   -0.248216778562496510E+01   -0.893895363138068749E-01   -0.370843108788377140E+01   -0.114907927551838304E+00   -0.116845484578577061E+00    0.441735232167362879E-01   -0.356231869027354847E-01   -0.108997259130910762E+01
    0.649715507345730720E-02    0.314833846299951647E+00    0.855920498758002274E-01   -0.186599274724490769E+02    0.346801179423387729E+00    0.121437695185515704E+01    0.894255126357699874E-02    0.193967148198547701E+01   -0.255566316255034831E+01   -0.904422370886138333E-01   -0.462880710546107998E+01   -0.230693754461298833E+00   -0.880894910360379424E-01    0.296396609923262333E-01   -0.126858056720176755E-01   -0.109171665281777397E+01
    0.649971142288112425E-02    0.314047087596996621E+00    0.844973081423037453E-01   -0.186786582276575892E+02    0.473620926360426853E+00    0.118794417708642008E+01    0.953262512383949712E-02    0.194325946799804972E+01   -0.257612638796602633E+01   -0.108460998496182598E+00   -0.527116980270836510E+01   -0.112436861489680920E+00   -0.144901724194108322E+00    0.190243475126049243E-01    0.475548173289908060E-02   -0.108784763197667922E+01
    0.651929900463228337E-02    0.308028935406420956E+00    0.833812296307284984E-01   -0.183797971896915193E+02    0.415050023368670140E+00    0.120291271369017938E+01    0.906485269897358559E-02    0.194008967708434188E+01   -0.245705268203003158E+01   -0.989139627985805708E-01   -0.271379669848698590E+01   -0.191910254737928748E+00   -0.121173037670358516E+00    0.341624438184622500E-01   -0.435292292038174239E-01   -0.109546713695955544E+01
    0.651208210821862740E-02    0.310244171716057393E+00    0.793130550115679206E-01   -0.176473152209164112E+02    0.377575266886151784E+00    0.118317966153662391E+01    0.914184178786976720E-02    0.194557097851454697E+01   -0.254607866195472621E+01   -0.121783809987908664E+00   -0.263048628731226586E+01   -0.203381107878986334E+00   -0.114423929279594438E+00    0.522738528407328124E-01   -0.558306888421159983E-01   -0.108907055450760404E+01
    0.650706815496732496E-02    0.311784657353855021E+00    0.840123091534668437E-01   -0.183608028757631772E+02    0.343989654500533093E+00    0.118838574582873657E+01    0.948191411803150919E-02    0.194333698747263917E+01   -0.250231710860319856E+01   -0.934715801823033515E-01   -0.417415483334821147E+01   -0.293679097836738789E+00   -0.976943647158287354E-01    0.480065402770263050E-01   -0.272149530911274598E-01   -0.109168935775261988E+01
    0.650618664398140527E-02    0.312055615235149464E+00    0.830052432844227694E-01   -0.185641352895290588E+02    0.363560398258302164E+00    0.117949417074074936E+01    0.892053595242382584E-02    0.194184229767695604E+01   -0.256123998359844851E+01   -0.920005605445258362E-01   -0.589720791615623607E+01   -0.163477564136134290E+00   -0.950997323077860668E-01    0.366774641054478517E-01   -0.824710064994792214E-02   -0.108208395599289697E+01
    0.653761269556395793E-02    0.302418511330128259E+00    0.819800251958991005E-01   -0.178782807592403437E+02    0.326336914223186836E+00    0.120316191457103772E+01    0.912531614980298215E-02    0.193730812177845646E+01   -0.256323834173565279E+01   -0.112021258021260686E+00   -0.383733475642710520E+01   -0.147340819797975586E+00   -0.130025844559049447E+00    0.338861851311904952E-01   -0.339882676140653706E-01   -0.108053526999690708E+01
    0.652795184037692055E-02    0.305376165986715964E+00    0.833932300226691431E-01   -0.183636173276596537E+02    0.315893261487876054E+00    0.119591396871261790E+01    0.899280677673498785E-02    0.193634291535905301E+01   -0.253817800543465433E+01   -0.106624066560606925E+00   -0.365431241996812872E+01   -0.267291083979839250E+00   -0.162142844671351011E+00    0.484754794659999488E-01   -0.387608597666777022E-01   -0.108939646471063112E+01
    0.650909571476939851E-02    0.311161567528383698E+00    0.862305448180123862E-01   -0.183235663674355322E+02    0.422683181431776300E+00    0.118595297100953556E+01    0.900314207254086091E-02    0.194080065289760384E+01   -0.253223811455653847E+01   -0.102111460311299265E+00   -0.766139106586441443E+01   -0.149560724272783274E+00   -0.123536011155283967E+00    0.853258112248029763E-02   -0.303815133968123145E-01   -0.108261194089787871E+01
    0.652144316516266916E-02    0.307371254878183897E+00    0.803413928280452688E-01   -0.177248770456446536E+02    0.337174451212800097E+00    0.119951840815489152E+01    0.923670118478791061E-02    0.194101401298175569E+01   -0.252746072176909120E+01   -0.101555206047021507E+00   -0.166397736819117581E+01   -0.213764058345471214E+00   -0.983832670210488119E-01    0.893535900195140398E-01   -0.229968554615057608E-01   -0.110149172186027067E+01
    0.652769665747156801E-02    0.305454349128803704E+00    0.819648822051387005E-01   -0.183184544200510011E+02    0.331733976864072244E+00    0.119684820171983319E+01    0.938881213977485821E-02    0.194321124887179209E+01   -0.253662656618001225E+01   -0.105807545317781443E+00   -0.396093944928161923E+01   -0.308850549501888672E+00   -0.152378646804111645E+00    0.404680074414215940E-01   -0.418975650678646699E-01   -0.109303702208042153E+01
    0.650695789375491801E-02    0.311818547315960704E+00    0.833437386621293241E-01   -0.182351815145008409E+02    0.419348768840421382E+00    0.120210856279826017E+01    0.895832560442722491E-02    0.194217998367467581E+01   -0.256884123252356433E+01   -0.973781487668387291E-01   -0.338079992787179817E+01   -0.263372199264444995E+00   -0.888851750696193765E-01    0.616856581099429827E-01   -0.282395346140298029E-01   -0.109702862229115228E+01
    0.652563906843800935E-02    0.306084866597688909E+00    0.849311193131824377E-01   -0.179394392106657854E+02    0.380226097145397679E+00    0.116982018125655940E+01    0.932876950919010219E-02    0.194214465621853138E+01   -0.251995632645754908E+01   -0.115739036917286875E+00   -0.451669072472588162E+01   -0.162074210908761562E+00   -0.107957367365960635E+00    0.340800404708673996E-01   -0.411451733649201151E-01   -0.109143392682195950E+01
    0.649863116917376825E-02    0.314379515736105675E+00    0.842837858302293574E-01   -0.180047865968881524E+02    0.364353834974472546E+00    0.117795787238010297E+01    0.916935059363023323E-02    0.194361057940363535E+01   -0.256707132970398444E+01   -0.104999618333819864E+00   -0.668776248932065442E+01   -0.183592479937555147E+00   -0.120199408515089479E+00    0.159554510952693608E-01   -0.580013029353528345E-01   -0.108296811148598682E+01
    0.652400568242991665E-02    0.306585534944698701E+00    0.832147105493344502E-01   -0.181371681324958232E+02    0.454025671063722991E+00    0.119287017744937662E+01    0.913517116179375123E-02    0.194240292376593260E+01   -0.255180137573233656E+01   -0.101977014105967587E+00   -0.293162570234258357E+01   -0.223671606236290010E+00   -0.218185169041957228E+00    0.336937255346617739E-01   -0.734521125798964225E-01   -0.107774397286550228E+01
    0.649515817636598953E-02    0.315448639699292210E+00    0.840548907896351977E-01   -0.177933604412762527E+02    0.365612133146123675E+00    0.118857247344585981E+01    0.880837038681733103E-02    0.193808926378107493E+01   -0.247506099581332251E+01   -0.109359117390567903E+00   -0.305820144056135934E+01   -0.116687380055321782E+00   -0.121277955297777185E+00    0.374512235372320076E-01   -0.622127775144796780E-01   -0.108656487623699527E+01
    0.654376580631235803E-02    0.300537024237216621E+00    0.825221998748699309E-01   -0.176322502868622770E+02    0.304731528649180461E+00    0.116872148154916600E+01    0.933426593324942523E-02    0.194007629063686204E+01   -0.255718221673604829E+01   -0.101246611834136621E+00   -0.443885381452890737E+01   -0.338174729699644794E+00   -0.104975902459659154E+00    0.684605981371417815E-01   -0.532115436522414137E-01   -0.108466066231283853E+01
    0.649479128916630004E-02    0.315561615412019436E+00    0.813938558024980136E-01   -0.179123600656701996E+02    0.326098031447008274E+00    0.121286986752580606E+01    0.971093239350927576E-02    0.194747330111757910E+01   -0.245850179534896673E+01   -0.102845787563587476E+00   -0.415700789165948326E+01   -0.156278075805300676E+00   -0.120308560119571709E+00    0.244956284412818463E-01   -0.517489929336883842E-01   -0.107778079387268866E+01
    0.650272803690596195E-02    0.313119072792301167E+00    0.843510206113305266E-01   -0.177726715209042290E+02    0.347307810769794501E+00    0.118285116554513059E+01    0.992251201376684669E-02    0.194516942664495751E+01   -0.243691085758063641E+01   -0.101190849492381912E+00   -0.216921933405925982E+01   -0.191037120525593407E+00   -0.114747706774970620E+00    0.559600520496516957E-01   -0.561666236355310641E-01   -0.108684563367032494E+01
    0.653527771118117204E-02    0.303132962177635690E+00    0.813788474434617576E-01   -0.180852417989752858E+02    0.283550015370586883E+00    0.118529193884926398E+01    0.891091915310583335E-02    0.194213114000106035E+01   -0.255490322571112660E+01   -0.104578432456938875E+00   -0.642605251543413836E+01   -0.210399333787502335E+00   -0.956627362666268855E-01    0.198555662654628026E-01   -0.473029043555949769E-01   -0.108349935599039071E+01
    0.652259146675208522E-02    0.307019124076699623E+00    0.831244118876880017E-01   -0.179653661972902476E+02    0.244758405800989287E+00    0.118035311563331358E+01    0.933026719893817122E-02    0.193760767541971868E+01   -0.252155090432613793E+01   -0.123720999606984822E+00   -0.122424424562434697E+01   -0.428799912158920604E-01   -0.793051817138458459E-01    0.112719642221030779E-01   -0.666944932299937954E-01   -0.108930479779616696E+01
    0.652169230586463478E-02    0.307294849721601593E+00    0.828348129733356697E-01   -0.179014806947943370E+02    0.320988751011742068E+00    0.117796210951740421E+01    0.885681255718606328E-02    0.193879672024992478E+01   -0.246735701142067487E+01   -0.110859867880187132E+00   -0.429036461288739890E+01   -0.145925726615903473E+00   -0.197890135690250019E-01    0.619330401722082910E-02   -0.401388513501391569E-01   -0.108759043431759039E+01
    0.651690004932966530E-02    0.308765025832707207E+00    0.801724928764040168E-01   -0.180721882439238293E+02    0.206408689287075231E+00    0.118642497979160910E+01    0.934024972244299444E-02    0.194221738167098246E+01   -0.255995355045894035E+01   -0.954846570898301855E-01   -0.485304567285965760E+01   -0.245413116200458969E+00   -0.129762212092371321E+00    0.278009942586719475E-01   -0.726233930606492717E-01   -0.108630297591906566E+01
    0.651247775317862106E-02    0.310122664359393507E+00    0.845660831698702986E-01   -0.180226838400309184E+02    0.316273765791256878E+00    0.116433095282009247E+01    0.929575584665018849E-02    0.194213682164151202E+01   -0.250541268592784894E+01   -0.989516140025809565E-01   -0.227462169244154033E+01   -0.241726471279242988E+00   -0.121931400812151855E+00    0.538193908018285844E-01   -0.494029333392794201E-01   -0.109045763392879080E+01
    0.651892887476415890E-02    0.308142487607424298E+00    0.810454925237586721E-01   -0.181173822108301401E+02    0.263310872513145111E+00    0.119038431664280497E+01    0.923828294511014336E-02    0.194460068146657616E+01   -0.252595400876515708E+01   -0.103612724024325503E+00   -0.368670967282048867E+01   -0.141476583728727123E+00   -0.765952577330787643E-01   -0.361791076540285417E-02   -0.745318178255170161E-01   -0.108411174691880818E+01
