    0.614164760285083045E-01   -0.276153491579305310E+02    0.463259085072587118E+00    0.112397872038411029E+01    0.126306259488617890E-01    0.209170812455238897E+01   -0.256047322658951915E+01   -0.187689711659699776E+00   -0.352814529782230402E+01   -0.294943247686015764E+00   -0.396795649461349695E-01   -0.403529699827850807E+00   -0.132804626934192538E+00   -0.105098480242070336E+01   -0.192166129524966522E+01   -0.391195633965034517E+01    1
    0.656059339123451352E-01   -0.246644062653426737E+02    0.580961034481553562E+00    0.117638510726328516E+01    0.105992747287927090E-01    0.212479372228966312E+01   -0.270739454238077926E+01   -0.150427187409016561E+00   -0.165935248382212608E+01    0.912206864072573342E-01   -0.463263020973621667E-01    0.371388621540148067E+00   -0.125453935544978967E+00   -0.106513083556915067E+01   -0.175447764066342193E+01   -0.393195633965034208E+01    1
    0.655227585955232561E-01   -0.247288119792208541E+02    0.581044535739081658E+00    0.121054141766116974E+01    0.100881160878628917E-01    0.212178069574080608E+01   -0.271513913434161225E+01   -0.204614897778982952E+00   -0.643910102960994024E+01   -0.118814343543459613E+00   -0.175210044241018194E-01   -0.168678572311987018E+00   -0.151047633182695040E+00   -0.109741721604462228E+01   -0.168552727631673172E+01   -0.395195633965034165E+01    1
    0.541443543171430258E-01   -0.221733983783501252E+02    0.568132338687475036E+00    0.105887810736431209E+01    0.115929590908884148E-01    0.212207317758437686E+01   -0.269842461077547924E+01   -0.174406675824108626E+00   -0.429787256017991925E+01   -0.389260213418220827E-01   -0.316347144042625969E-01   -0.143464385604766237E+00   -0.194373463012378872E+00   -0.109375210102520981E+01   -0.159087165900498162E+01   -0.397195633965034300E+01    1
    0.654491737851792543E-01   -0.281693664327337245E+02    0.405134341429033873E+00    0.121881307180367715E+01    0.118543522447743278E-01    0.210706162227296101E+01   -0.242366476086418192E+01   -0.193793198327516680E+00   -0.266581684249378448E+01   -0.279660611838921588E-01    0.754072613020672078E-01   -0.451414042337247412E+00   -0.265007776793260597E+00   -0.110070410054528023E+01   -0.156950580360109493E+01   -0.399195633965034391E+01    1
    0.631356534011076470E-01   -0.248808883855712999E+02    0.416652191920360460E+00    0.977903817567125522E+00    0.113395321632451754E-01    0.211431646803488738E+01   -0.269766230130153239E+01   -0.126180087165148114E+00   -0.457153442916645059E+01   -0.100227061593399780E+00    0.121499759032493854E+00   -0.230573373300263507E-03   -0.105990376089660471E+00   -0.107366620815337499E+01   -0.155366665145867033E+01   -0.401195633965034215E+01    1
    0.578773736774730943E-01   -0.266841738645964881E+02    0.289629212415400794E+00    0.110179508037548257E+01    0.108886830713389223E-01    0.213114459446671889E+01   -0.247343478093699654E+01   -0.130839639420484793E+00   -0.406954781911873731E+01   -0.922173285096336143E-01   -0.115045161904070575E-01    0.301981495929280475E-01   -0.133966733056379600E+00   -0.108546427398494361E+01   -0.155230026639789220E+01   -0.403195633965034173E+01    1
    0.484414788547855232E-01   -0.272198252078650533E+02    0.439797539976321872E+00    0.124125260417287642E+01    0.102057938986357798E-01    0.210425247745320654E+01   -0.280628861646871153E+01   -0.166880844908555342E+00   -0.627598396741406717E+01   -0.164697237054740403E+00   -0.960885267393552372E-01   -0.192761814070307652E+00   -0.168548835061835739E+00   -0.112897901209944274E+01   -0.153035497277956556E+01   -0.405195633965034396E+01    1
    0.579048401855560210E-01   -0.226193483795493933E+02    0.470285461865920185E+00    0.112848747878737488E+01    0.102907495366286895E-01    0.211227075771444195E+01   -0.273690956908267857E+01   -0.186364006657364328E+00   -0.347975903348849824E+01    0.772517773525644436E-01    0.107629181707974725E+00    0.144082309145594833E+00   -0.183471936422412385E+00   -0.106147531097286207E+01   -0.153015793474895223E+01   -0.407195633965034443E+01    1
    0.557033339781421374E-01   -0.285743644989756156E+02    0.510583936830562690E+00    0.122128555801720839E+01    0.115253662834226556E-01    0.211401257745340576E+01   -0.274139018166497772E+01   -0.965565796009693889E-01   -0.383102595068767471E+01   -0.145879663332759757E+00   -0.156894323345050740E+00   -0.218042010309997869E+00   -0.146453240172864929E+00   -0.110672973144390840E+01   -0.151366774923399339E+01   -0.409195633965034400E+01    1
    0.579159485820698386E-01   -0.249514248408430639E+02    0.686465042254348345E+00    0.125984860198081283E+01    0.108675113826111492E-01    0.209987913958664096E+01   -0.264241634858676511E+01   -0.229490682561770021E+00   -0.451150164002758203E+01   -0.242883807844122800E-01    0.930866820355933863E-02    0.109788926377210272E+00   -0.188224994797924317E+00   -0.109209429276278436E+01   -0.149030609256745938E+01   -0.411195633965034357E+01    1
    0.738771097532165827E-01   -0.247314398484721103E+02    0.516513888795585685E+00    0.124917173541475890E+01    0.109591963668099635E-01    0.211787082803396309E+01   -0.278955624761065124E+01   -0.147410442285315718E+00   -0.567707900641250163E+01   -0.213613331240282839E+00   -0.453425292710328033E-02   -0.152398275480852413E+00   -0.196240176824781731E+00   -0.107318823603467650E+01   -0.145381162346789794E+01   -0.413195633965034226E+01    1
    0.686472900524161544E-01   -0.251312621039586155E+02    0.280674283202878683E+00    0.112957897412405184E+01    0.105237843458751788E-01    0.210854605482365587E+01   -0.259335336299083030E+01   -0.113057303577029783E+00   -0.430636943785142723E+01   -0.127231336949288232E+00    0.341137986894624653E-02   -0.304682452607094034E-01   -0.155391038669188603E+00   -0.107558794004476654E+01   -0.144776432995003290E+01   -0.415195633965034450E+01    1
    0.688680166504365837E-01   -0.274653036873948544E+02    0.309599741168140818E+00    0.113841212835130667E+01    0.109956997970175278E-01    0.212112500638343082E+01   -0.262060168685152650E+01   -0.113384657362239100E+00   -0.231142769347347965E+01    0.123255976261346184E+00   -0.673044861715945686E-01   -0.325273356265863012E+00   -0.167499655211055476E+00   -0.104850147478814804E+01   -0.142847316659987267E+01   -0.417195633965034762E+01    1
    0.688314697110177787E-01   -0.266183391384890307E+02    0.254091384004382803E+00    0.114005236894780992E+01    0.117114794543895159E-01    0.212367936238662924E+01   -0.260187947366394035E+01   -0.131305566525373008E+00   -0.450577722134063752E+01   -0.515417785730194131E-01   -0.213787361598879663E-01   -0.147831687233812542E+00   -0.138936570795197167E+00   -0.103040259685444235E+01   -0.141853083189197249E+01   -0.419195633965034720E+01    1
    0.772358657318316377E-01   -0.263002257043905061E+02    0.546532599572356115E+00    0.110942232130803298E+01    0.109886466279391776E-01    0.210099009028659500E+01   -0.245757701982832266E+01   -0.123674001425763833E+00   -0.682988095374164317E+01   -0.188505954597850606E+00    0.664471473140971491E-01   -0.374732221074502103E+00   -0.171235434796952107E+00   -0.108541458060292473E+01   -0.141612440631420400E+01   -0.421195633965034677E+01    1
    0.570044805653437472E-01   -0.248482069412770805E+02    0.196782983572650449E+00    0.109313884097158986E+01    0.998447938393990167E-02    0.211406780479910195E+01   -0.261557367652664663E+01   -0.147713071841101051E+00   -0.368052832938281060E+01    0.268806180755648688E-01    0.181122472486612118E+00   -0.337782272950269857E+00   -0.125030117761429554E+00   -0.110150716071695687E+01   -0.141404133920781971E+01   -0.423195633965034279E+01    1
    0.672704567154371880E-01   -0.254115307217590747E+02    0.530365317407859416E+00    0.112065057802984414E+01    0.108427920650268472E-01    0.211112940060777721E+01   -0.270848692252380419E+01   -0.169311614349450162E+00   -0.310313980210001317E+01    0.105912087503646807E+00    0.196488085142014490E-01   -0.690156099866623407E-02   -0.222529624962520323E+00   -0.106338228917835531E+01   -0.141028255994580043E+01   -0.425195633965034059E+01    1
    0.530781060910752930E-01   -0.239711358960180689E+02    0.723840998958022119E+00    0.113417904679779902E+01    0.105336792981888909E-01    0.211762970384519500E+01   -0.247763826498231410E+01   -0.138493369337900907E+00   -0.207855223147740586E+01    0.641576371744239510E-02    0.116228904123590646E+00   -0.180250206637385030E+00   -0.140843915251300383E+00   -0.107970171843715534E+01   -0.138762826371185577E+01   -0.427195633965034727E+01    1
    0.637926477559530719E-01   -0.260900938400203799E+02    0.428752249065822155E+00    0.109657834128033271E+01    0.100820076549190969E-01    0.211068300323714064E+01   -0.250935328070430952E+01   -0.146917809053980469E+00   -0.448871032742333487E+01   -0.137320095260140801E+00   -0.161143204015142642E-01   -0.290475725542155283E-02   -0.885376988172803664E-01   -0.119768028948726624E+01   -0.137925435114257255E+01   -0.429195633965034329E+01    1
    0.502760363641730004E-01   -0.249267748695742704E+02    0.276898841918898020E+00    0.115092556033385107E+01    0.106983167933971234E-01    0.209820016849167423E+01   -0.270838600803419061E+01   -0.173403365270991289E+00   -0.433248101032939559E+01    0.212414357412315041E+00   -0.948707243728889524E-02   -0.322805501794645788E+00   -0.175740575942486571E+00   -0.110953974582684989E+01   -0.136709868720189753E+01   -0.431195633965034109E+01    1
    0.657770685267205779E-01   -0.256145338367976159E+02    0.802204144603999469E+00    0.113601390876361052E+01    0.105866108633687027E-01    0.210680201387615984E+01   -0.256967568620993481E+01   -0.947024895288477303E-01   -0.471977427886845824E+01   -0.115002289409673580E+00    0.121298714994219313E-01   -0.714120669806053154E-01   -0.151679457157003622E+00   -0.112104907052496938E+01   -0.136238359170150547E+01   -0.433195633965034244E+01    1
    0.525439164790169957E-01   -0.255816989755861002E+02    0.474340993652000220E+00    0.120263324946816152E+01    0.113801447922869722E-01    0.210826253295801802E+01   -0.289801623442270140E+01   -0.211238958790486098E+00   -0.551426539730291232E+01   -0.238914092759009850E+00   -0.377770820762465334E-01   -0.396768321792466461E+00   -0.112035518623546812E+00   -0.107112729307667598E+01   -0.135154629152550676E+01   -0.435195633965034201E+01    1
    0.642764219016158794E-01   -0.253497792709421361E+02    0.812306824117076109E+00    0.123424940638146263E+01    0.108270399550166683E-01    0.210636622922375283E+01   -0.259849997749409134E+01   -0.125521536103286119E+00   -0.601668967859700032E+01    0.170327507956988422E+00   -0.616551599783555296E-01   -0.765487364071719967E-01   -0.209034993764452254E+00   -0.110292219676356917E+01   -0.133713475999760667E+01   -0.437195633965034336E+01    1
    0.652703870970223754E-01   -0.239752240885154997E+02    0.397018678737550534E+00    0.119912483429439520E+01    0.107312179872515942E-01    0.211184352890833349E+01   -0.280593822849507957E+01   -0.160467747693864432E+00   -0.402905982539190699E+01   -0.350430099006369011E+00   -0.279704113518817327E-02   -0.342686119649224241E+00   -0.149320836627133913E+00   -0.114482580287689295E+01   -0.133219052397938520E+01   -0.439195633965034649E+01    1
    0.506723628093739970E-01   -0.255332947367310119E+02    0.239300858472517419E+00    0.110956565031769538E+01    0.121703853436196732E-01    0.211210253289338468E+01   -0.244043159587712344E+01   -0.134402074321957860E+00   -0.296520244011191592E+01   -0.847492089164231799E-01    0.633688254220047837E-02   -0.391193921628875674E+00   -0.203703225429625323E+00   -0.106870463766482726E+01   -0.132926947570424270E+01   -0.441195633965034784E+01    1
    0.632546350021473136E-01   -0.252580289753939908E+02    0.816217299763233317E+00    0.112684231060072704E+01    0.110457789364193024E-01    0.210381309921650095E+01   -0.264901669118452920E+01   -0.169056257862951670E+00   -0.186075457083617923E+01   -0.127308608249566413E+00   -0.704717033194949757E-02   -0.173913907455979788E+00   -0.164724993564016792E+00   -0.110636112167174816E+01   -0.132531011522903763E+01   -0.443195633965034474E+01    1
    0.618441182101583733E-01   -0.278989306200389606E+02    0.233029648736772843E+00    0.113252367810215770E+01    0.108370808297044759E-01    0.209872547217353800E+01   -0.267573018687072084E+01   -0.162044027831298371E+00   -0.407445112327158920E+01    0.275329333339924959E-02   -0.448672713983056110E-01   -0.246257271786381293E+00   -0.160801356461808070E+00   -0.117910256895165899E+01   -0.132001256447366599E+01   -0.445195633965034343E+01    1
    0.650361750047191434E-01   -0.266404940633363942E+02    0.465131946301687471E+00    0.110297899638376307E+01    0.979687424067856791E-02    0.210597737932596285E+01   -0.272863396132817249E+01   -0.179168612720925102E+00   -0.354569054142521711E+01    0.146877175754300565E+00    0.697632578271256687E-01   -0.182813776106816178E+00   -0.127880288946544796E+00   -0.114291149863336483E+01   -0.131664707113107338E+01   -0.447195633965034745E+01    1
    0.658971377584983836E-01   -0.236859245570186268E+02    0.667310535310795316E+00    0.114394418567231382E+01    0.108785227335782154E-01    0.210037109931431143E+01   -0.267894079336503443E+01   -0.166413499860689318E+00   -0.215402192998414810E+01    0.723348295751922304E-01   -0.131181401114858903E+00   -0.253133984619986985E+00   -0.206942338656571911E+00   -0.117405508317707818E+01   -0.131544980452305205E+01   -0.449195633965034435E+01    1
    0.679751664528507188E-01   -0.254766649670542940E+02    0.453593753836625813E+00    0.125981402597590786E+01    0.987706938390758848E-02    0.210980454062370182E+01   -0.280855620301282505E+01   -0.178776236682165440E+00   -0.412149431600763894E+01   -0.204614966628341527E+00   -0.168091628540161242E-01    0.314402985933501244E-02   -0.839110136666652989E-01   -0.110858569578186561E+01   -0.130812121612870591E+01   -0.451195633965034482E+01    1
    0.628432345259186953E-01   -0.285734536047344463E+02    0.497353305343156138E-01    0.119524700704310116E+01    0.103635726692122079E-01    0.210237066781492477E+01   -0.254481059735759629E+01   -0.136497966652772473E+00   -0.425094597566973409E+01   -0.139315741374149926E+00    0.159617737407954707E+00   -0.326018922639519038E+00   -0.194073642893774739E+00   -0.109989830330112071E+01   -0.130666694291132957E+01   -0.453195633965034705E+01    1
    0.623106422167625518E-01   -0.263366281458575315E+02    0.183246882765877139E+00    0.104415094684805609E+01    0.110484322244596717E-01    0.209366865540515468E+01   -0.249239493903925169E+01   -0.139485014597938439E+00   -0.533573981047271673E+01   -0.251562371206602131E+00    0.450992886807924445E-01   -0.217822541491811766E+00   -0.183830422432015556E+00   -0.118193406948562840E+01   -0.130412084707512088E+01   -0.455195633965034396E+01    1
    0.656223927517314981E-01   -0.264620725965044272E+02    0.327149115416734193E+00    0.115703280445969536E+01    0.102241116343769860E-01    0.211127138653989643E+01   -0.281666816098817385E+01   -0.192788914991946086E+00   -0.188294880151045207E+01   -0.255062213374692981E+00    0.291584192906293484E-01   -0.221911623520646445E+00   -0.155479560019052526E+00   -0.107626987785996597E+01   -0.130083497772249856E+01   -0.457195633965034354E+01    1
    0.603651229040531520E-01   -0.254571082049010329E+02    0.639301934681988815E+00    0.122621570441552086E+01    0.113534443098182378E-01    0.210637044161170728E+01   -0.280723286629907953E+01   -0.126774494386350522E+00   -0.309137225336795840E+01   -0.661536759494727455E-01    0.791484906222684331E-01   -0.304236362563734153E+00   -0.156251874769272908E+00   -0.109007521193521173E+01   -0.128907173448394707E+01   -0.459195633965034666E+01    1
    0.608680933456005463E-01   -0.243412160886626729E+02    0.640382751539857131E+00    0.115695091000922368E+01    0.106727811846065463E-01    0.209681585067235865E+01   -0.257091375018681756E+01   -0.201770087230218387E+00   -0.317562245511364072E+01   -0.113619473753039241E+00   -0.429429281014159017E-01   -0.394248921085327941E+00   -0.146604928254011169E+00   -0.107186126108224733E+01   -0.127922810948196219E+01   -0.461195633965034801E+01    1
    0.678801307183165697E-01   -0.250677731564680251E+02    0.480925706739347369E+00    0.115906744413501506E+01    0.116441512298049703E-01    0.209581416761078021E+01   -0.275094107957370682E+01   -0.171294261722080537E+00   -0.472195778243594955E+01    0.224153479757181223E+00    0.259227682348093166E-01   -0.855382139676339887E-01   -0.263095240588225310E-01   -0.109509911823924067E+01   -0.127882082495923188E+01   -0.463195633965034759E+01    1
    0.665896132362044785E-01   -0.233508528346637654E+02    0.271426215995771436E-01    0.128499175686134071E+01    0.107658974702572584E-01    0.209565443389496453E+01   -0.251886790553416073E+01   -0.162439669030656875E+00   -0.238400658256317399E+01    0.236847590963552429E-01   -0.344646831432936299E-01   -0.103726383720512530E+00   -0.138063938282679988E+00   -0.115429025864454138E+01   -0.127410456094044688E+01   -0.465195633965034716E+01    1
    0.542764176033491141E-01   -0.284500382679977264E+02    0.279766497665800973E+00    0.106391988712273089E+01    0.988756327548524772E-02    0.210282794114630800E+01   -0.264874115901516749E+01   -0.180737989416664468E+00   -0.377762132729298417E+01   -0.161840091104312633E+00    0.125712432347127895E+00   -0.876563263965769862E-01   -0.161419157417672848E+00   -0.105998083064754489E+01   -0.127151302933124177E+01   -0.467195633965034407E+01    1
    0.516115284494038928E-01   -0.271235935766713183E+02    0.794181970832618656E+00    0.111814486466339158E+01    0.101035559273328461E-01    0.211144260400804606E+01   -0.253901858387542223E+01   -0.157687617100800065E+00   -0.542338459286849073E+01   -0.920692303012189406E-01    0.867922581190992970E-01   -0.672291566965414755E-01   -0.115065681174562479E+00   -0.111377392358744087E+01   -0.126996730183865703E+01   -0.469195633965034364E+01    1
    0.529195228774442250E-01   -0.236561971318994679E+02    0.482466838153518374E+00    0.103204034538423439E+01    0.105214058071614863E-01    0.209845799200040206E+01   -0.252200119925303889E+01   -0.143055903513220284E+00   -0.161837902349048690E+01   -0.750199186054662237E-01    0.598979948889803576E-01   -0.181587016308543236E+00   -0.172634490193916135E+00   -0.108536463809051265E+01   -0.126597944905684345E+01   -0.471195633965034677E+01    1
    0.616154394719328063E-01   -0.248248560808626877E+02    0.472206181505752776E+00    0.113435045269196144E+01    0.119342840973043953E-01    0.210255264359778060E+01   -0.251740365742783423E+01   -0.130043080080097823E+00   -0.371089571124262729E+01   -0.127071167937421237E+00   -0.651717320317494186E-01   -0.383082645834587898E-01   -0.137885036331003491E+00   -0.100671585513863837E+01   -0.126090377193199954E+01   -0.473195633965034634E+01    1
    0.570832310922402067E-01   -0.231196742356262916E+02    0.268601577646507828E-01    0.113022316513734089E+01    0.110470608985596686E-01    0.210970176129274289E+01   -0.272134796914297405E+01   -0.131299987122685757E+00   -0.884632450932574699E+01   -0.745628728683639802E-01   -0.123933512155021838E+00   -0.700360418880491553E-01   -0.135088225894867936E+00   -0.111959597372737085E+01   -0.125308891182425053E+01   -0.475195633965034325E+01    1
    0.650646041792418001E-01   -0.265638197961044256E+02    0.528350636922056416E+00    0.119368281143273003E+01    0.102819195123338113E-01    0.210962575946394937E+01   -0.250317306405566242E+01   -0.187943944739097812E+00   -0.327078449615116273E+01   -0.640316126043727896E-01    0.153600542863401683E-01   -0.561816324614347606E-02   -0.169560172256499359E+00   -0.110917156822616980E+01   -0.125141386720827286E+01   -0.477195633965034460E+01    1
    0.614140873082532138E-01   -0.248123144391171238E+02    0.261743336850944641E+00    0.114626651687441572E+01    0.107963341053038397E-01    0.210870394482262968E+01   -0.261853596233077068E+01   -0.163973576320589953E+00   -0.694127062997155875E+00    0.154687067197155165E+00    0.163033321983089952E+00   -0.483689264414357278E+00   -0.141727852798427728E+00   -0.110075420813476299E+01   -0.125055973121249586E+01   -0.479195633965034506E+01    1
    0.575513429101522228E-01   -0.248661148507751300E+02    0.570157737795453645E+00    0.121612045546503023E+01    0.118793139368260671E-01    0.211578690961884597E+01   -0.258651639862380289E+01   -0.146225129567872369E+00   -0.723246279613270371E+00   -0.101094922114113334E+00   -0.796556748407527791E-02   -0.356770743607400631E+00   -0.204914717117050060E+00   -0.109756782461385094E+01   -0.124890830951018583E+01   -0.481195633965034641E+01    1
    0.622498755022604655E-01   -0.256659108664897353E+02    0.498167261301827868E+00    0.111094425740160929E+01    0.104288891212429621E-01    0.209708150561029116E+01   -0.267519203402220063E+01   -0.248222321499894039E+00   -0.408677235944909611E+01   -0.223684717572902869E+00    0.432715202656919276E-01   -0.266144405137326734E+00   -0.140027189486948422E+00   -0.117500599568293951E+01   -0.124881919669723573E+01   -0.483195633965034776E+01    1
    0.622061793576629135E-01   -0.280826788361729065E+02    0.203682898400574464E+00    0.121723598292988333E+01    0.105162717976441528E-01    0.210697611503503701E+01   -0.258824925801387140E+01   -0.131481190137874071E+00   -0.731892206983063787E+01   -0.169705533970898687E+00   -0.131486451237667161E-01   -0.222388544401966815E+00   -0.122294068026379960E+00   -0.108179866914071710E+01   -0.124816607511429711E+01   -0.485195633965034734E+01    1
    0.566469270808696301E-01   -0.241486071216365374E+02    0.514442093564462022E+00    0.116347692998102747E+01    0.110237451478273768E-01    0.210114678317432446E+01   -0.258784142471850931E+01   -0.149311484819013240E+00   -0.368269226084402934E+01   -0.296096523055479177E+00   -0.946447909659887121E-01    0.312443326773044205E-01   -0.168513527895146370E+00   -0.110263332216795296E+01   -0.124779095307823140E+01   -0.487195633965034602E+01    1
    0.685858471248964457E-01   -0.295436634808056624E+02    0.481644502199248592E+00    0.113643604974991863E+01    0.110178499965873540E-01    0.211381618707437680E+01   -0.260331605828856283E+01   -0.180251514399131618E+00   -0.584939627193952738E+01   -0.154443397779814695E+00   -0.667993047531176554E-01    0.167308727966157977E+00   -0.181538084407119049E+00   -0.107258938709329188E+01   -0.124598217278075829E+01   -0.489195633965034382E+01    1
    0.562097081507981905E-01   -0.261424812700371980E+02    0.385209544636051338E+00    0.127619151996471158E+01    0.108332260560286501E-01    0.211727730256152213E+01   -0.260854612876001779E+01   -0.174892790004361004E+00   -0.469316443724801591E+01   -0.831958654042650042E-01    0.280232821230431695E-01   -0.397446152910596706E+00   -0.135028084764433370E+00   -0.111596245085060830E+01   -0.124415382011388131E+01   -0.491195633965034428E+01    1
    0.600198222959916067E-01   -0.246227593084404788E+02    0.411333293738145589E+00    0.109363406262171314E+01    0.106991540868344639E-01    0.210250836356518223E+01   -0.251095294020103932E+01   -0.183403063208282480E+00   -0.974387588828686813E+00   -0.518113446409289857E-01    0.917838485769561369E-01   -0.323207540011004490E+00   -0.137205811683782625E+00   -0.113053422260837322E+01   -0.124327871235553311E+01   -0.493195633965034563E+01    1
    0.573628070052563943E-01   -0.247593213403173280E+02    0.600137873825499990E+00    0.113551734268016702E+01    0.105532302246175609E-01    0.210791027660426344E+01   -0.263939432643102201E+01   -0.140171516677119995E+00   -0.286615946784146303E+01   -0.258211232800431290E-01   -0.715592872537429286E-01   -0.195912542648864485E+00   -0.202724361200800202E+00   -0.107353341935107016E+01   -0.124319892956780520E+01   -0.495195633965034610E+01    1
    0.648188355124580673E-01   -0.251811189792150927E+02    0.402116078005411992E+00    0.113047945528159954E+01    0.119122428960177149E-01    0.211562923699706484E+01   -0.285106471480873180E+01   -0.126461784851107178E+00   -0.409786874365886611E+01   -0.267729867400615218E+00   -0.925856084691619036E-01    0.253127072203880310E-01   -0.156275420433055590E+00   -0.108209924433969218E+01   -0.124260638800648282E+01   -0.497195633965034567E+01    1
    0.620493488573897328E-01   -0.256695309721794196E+02    0.672746143596348545E+00    0.112251863768517013E+01    0.110831579051780277E-01    0.210933649229904763E+01   -0.243835292783882140E+01   -0.185875613681219770E+00   -0.409962578960471458E+01   -0.433690038239678485E-01   -0.489334422178832537E-01   -0.700672729386511817E+00   -0.157528107351231683E+00   -0.113974068520518546E+01   -0.124070158468138381E+01   -0.499195633965034435E+01    1
    0.584991940730561349E-01   -0.294236551836936755E+02    0.582941471244858178E+00    0.113156220630900139E+01    0.114467937932474211E-01    0.211948543579337745E+01   -0.256683093465109291E+01   -0.172484533112462285E+00   -0.204398722516704812E+01   -0.187482633823497363E+00   -0.348337063738648478E-01   -0.279803168463888752E+00   -0.171660467558354402E+00   -0.111467980807140865E+01   -0.123862298575390084E+01   -0.501195633965034304E+01    1
    0.582792405120495169E-01   -0.239022073865248394E+02    0.221121704371974287E+00    0.112475226474002743E+01    0.110776586556620635E-01    0.210876442346082049E+01   -0.259185547330394206E+01   -0.198318684439955734E+00   -0.507734434875580298E+01    0.208419810754910645E+00   -0.751503339874271120E-01   -0.714648692522019680E-01   -0.158212999430579260E+00   -0.114303114031655384E+01   -0.123616361101534422E+01   -0.503195633965034617E+01    1
    0.567245930641134405E-01   -0.267618385116862179E+02    0.493398287898022536E+00    0.101839142494835833E+01    0.115095186415570747E-01    0.211722136086676604E+01   -0.256255166876186680E+01   -0.181283871263167445E+00   -0.577853811015860153E+01   -0.640210744397181203E-01    0.533382508514170448E-01   -0.516064364472005765E+00   -0.165419209445178073E+00   -0.110080763935691306E+01   -0.123600027529682244E+01   -0.505195633965034840E+01    1
    0.520979438035260312E-01   -0.277561403025055959E+02    0.628985839224315280E+00    0.108131034233247880E+01    0.100172741298395918E-01    0.212033400686073081E+01   -0.262138369876787225E+01   -0.167445042853089421E+00   -0.360819910054347837E+01   -0.116179403607982491E-01   -0.198587135198594403E-01   -0.182476528911962782E+00   -0.126835115898708689E+00   -0.112304103788986209E+01   -0.123581451496905070E+01   -0.507195633965034709E+01    1
    0.577571393720815521E-01   -0.270377416983577028E+02    0.194146197689681194E+00    0.979803469107753955E+00    0.995119816869942733E-02    0.210352309347713229E+01   -0.251132876596066312E+01   -0.148025645335087691E+00   -0.505834391627210245E+01    0.983419433420524569E-01    0.470947821645891704E-01   -0.893426271287104806E-01   -0.125052337091815569E+00   -0.107836686209095189E+01   -0.123120165699139128E+01   -0.509195633965034755E+01    1
    0.624532719043691814E-01   -0.249670401811708835E+02    0.390503597159586824E+00    0.113255343496517780E+01    0.112886071936793200E-01    0.211123119675693793E+01   -0.262537047516739230E+01   -0.191073570159777995E+00   -0.219564840289804053E+01    0.804565462203851445E-01    0.932440477237808374E-01   -0.501650864944801267E+00   -0.163082718789973158E+00   -0.115857527428622564E+01   -0.123080268971708895E+01   -0.511195633965034979E+01    1
    0.575338683641690996E-01   -0.285320782830571495E+02    0.686069286305723613E+00    0.112304100031944509E+01    0.112827418487824131E-01    0.211581611696292526E+01   -0.277512540688465270E+01   -0.155608554121631104E+00   -0.599175921146824564E+01   -0.178760618936772198E+00   -0.262043499293645524E-01   -0.211767817963327554E-01   -0.129771350597749718E+00   -0.110366100392006072E+01   -0.122747608145368448E+01   -0.513195633965034936E+01    1
    0.609278811559691505E-01   -0.264644856315498487E+02    0.445160283283781988E+00    0.103821376531712373E+01    0.109861399713376429E-01    0.210875894446357748E+01   -0.253241581381625069E+01   -0.175010638073110181E+00   -0.218886768529097608E+01    0.540361008141822391E-01    0.657167288045854784E-02   -0.882589734737194015E-01   -0.156895477896298985E+00   -0.118103495043736539E+01   -0.122735376015095099E+01   -0.515195633965034716E+01    1
